0.07538403907138588 0.03871459584011529 0.035259645516498545 0.027545680940718777 0.016864806415504186 0.014748400747677911 0.013738144160192079 0.007788094139100277 0.0014303918359882635 0.0023799699018692945
0.03871459584011529 0.05216825713292014 0.04281910094962836 0.03493607969110938 0.022215273631563275 0.016082782141233813 0.016633394906155292 0.00978333535307168 0.0005766853472192457 -0.0038405508087657383
0.035259645516498545 0.04281910094962836 0.04740356717822834 0.033593808599853545 0.02040896287171456 0.014143099776040016 0.017560074834180168 0.012297248448822523 0.003504470660792258 -0.0012121744783299808
0.027545680940718777 0.03493607969110938 0.033593808599853545 0.03483251838534568 0.022170373052465102 0.016795263997335066 0.016036436255538227 0.011385271137804444 0.005017368922976578 0.0014363287847655973
0.016864806415504186 0.022215273631563275 0.02040896287171456 0.022170373052465102 0.024395657587228472 0.02031247948799211 0.012505074013760975 0.004191466858533579 0.0007410406051249604 0.0007449817618863743
0.014748400747677911 0.016082782141233813 0.014143099776040016 0.016795263997335066 0.02031247948799211 0.02856356291348429 0.017819149071639097 0.004935925517419911 0.00037399024016350675 0.003736880584137675
0.013738144160192079 0.016633394906155292 0.017560074834180168 0.016036436255538227 0.012505074013760975 0.017819149071639097 0.03192199869232064 0.026490502718539536 0.0212540784479185 0.01447554519887161
0.007788094139100277 0.00978333535307168 0.012297248448822523 0.011385271137804444 0.004191466858533579 0.004935925517419911 0.026490502718539536 0.04782995656093943 0.046528150068475764 0.030539457359124087
0.0014303918359882635 0.0005766853472192457 0.003504470660792258 0.005017368922976578 0.0007410406051249604 0.00037399024016350675 0.0212540784479185 0.046528150068475764 0.06259821546936661 0.04516214634948171
0.0023799699018692945 -0.0038405508087657383 -0.0012121744783299808 0.0014363287847655973 0.0007449817618863743 0.003736880584137675 0.01447554519887161 0.030539457359124087 0.04516214634948171 0.06394109311888731
