      0.0520	      0.0716	      0.0989	      0.0904	      0.0338	      0.0871	      0.0058	      0.0557	      0.0474	     -0.0034	      0.0679	      0.0207	     -0.0448	      0.0069	      0.0055	      0.0184	     -0.0174	      0.0228	      0.0365	      0.0027	      0.0226	     -0.0289	      0.0102	      0.0072	     -0.0278	     -0.0425	     -0.0001	     -0.0001	      0.0048	      0.0006	      0.0087	      0.0412	      0.0027	     -0.0187	     -0.0113	      0.0300	      0.0548	     -0.0302	      0.0106	      0.0339	     -0.0042	     -0.0216	      0.0101	      0.0030	      0.0139	      0.0106	      0.0085	     -0.0209	     -0.0017	      0.0092	     -0.0310	     -0.0816	     -0.0336	      0.0942	      3.6457	      6.2048	      0.5358	      2.5312	     -1.4490	      1.2864	      1.4592	      6.8177	      2.8710	      4.8401	      3.0806	     -0.6201	      4.1350	     -0.2202	      1.6716	      0.7618	      0.8176	     -0.0061	      0.2000	      0.1873	     -0.3305	     -0.0183	      0.2214	      0.2655	     -0.2386	      1.0670	      7.8399	      3.9785	      7.1469	     -6.0168	      5.0452	      0.1299	      1.3829	      4.3650	     11.0176	     -1.4659	      6.4373	      5.0295	      3.1068	      5.8479	      1.8049	      1.3602	      1.2355	      1.3312	      1.6788	      0.9448	      0.3302	     -0.8697	     -0.9410	     -0.8220	      1.5064	      1.7966	     -0.1680	      0.2767	     -0.5197	     -0.8071	      0.5972	     -0.1539	      0.1973	      0.0300	      0.4255	      1.5016	      3.1750	      1.1136	     -0.0764	      0.2936	      0.0600	      0.7593	     -0.3023	      0.0329	     -0.3411	      0.6765	     -1.5158	      0.6296	      0.9061	      0.4234	      0.0600	      0.1692	      0.0379	      0.3410	     -0.2687	     -0.5531	      0.2675
      0.0716	     10.5823	     10.4685	     11.9287	      8.0963	      9.8529	      5.2634	      5.3254	      8.4557	      0.0888	      4.9691	      2.3286	     -1.2731	     -2.3444	      1.7569	     -0.2512	     -1.7416	      0.3643	      0.3514	     -1.5684	      0.7692	     -2.9281	     -0.4400	     -0.5873	     -2.6304	    -13.1161	     -0.0065	     -0.4433	     -0.4792	      0.3972	      2.8618	      4.1451	      1.4366	     -1.0766	     -0.0908	      3.0173	      1.8872	     -2.6424	     -0.2057	      2.1029	      0.2185	     -0.6107	      0.6602	     -3.0186	      0.1428	      0.9836	     -0.5983	     -1.4075	     -0.0671	     -0.8994	     -2.5484	    -12.8957	      1.8715	     22.6857	    473.4009	   1034.8639	    875.7320	   1072.3897	    412.9996	    641.9333	    458.2317	    584.2496	     28.6468	     40.8967	   -129.9836	   -362.2447	    123.4925	   -187.1566	     33.1962	    -15.6423	     32.6633	    -66.9808	     -4.8223	    -10.4227	    -42.6149	    -16.8317	     -2.1713	      4.2795	     -2.8760	    130.2657	    870.3456	    996.6797	   1747.2948	    753.4347	   1348.8844	    347.4160	    127.5959	   -178.3079	    235.3141	   -624.4906	    -83.3707	     -5.4808	   -194.9082	    112.6977	    -98.7038	    -99.7332	    -16.0241	      5.4303	     38.0109	     44.1567	    -53.7318	   -121.5304	    -71.4113	   -308.8268	    239.8740	    219.0432	     20.0759	     74.3298	    -32.1533	    -82.2838	     34.5602	    -13.8018	     35.4132	     -3.2189	     31.0814	    225.2955	    300.7807	    109.8584	     35.6483	     28.2400	     17.7696	     20.0437	    -18.3846	     12.6436	    -17.3099	     23.9308	    370.5768	    170.6265	    192.0240	     87.1818	     46.4835	     50.8703	     28.2466	     55.8021	     -3.8523	    -18.6004	     31.6268
      0.0989	     10.4685	     27.5487	     21.2180	     16.9247	     16.8095	     14.9372	     11.5764	     13.1790	      5.9554	      9.1076	      6.0880	      1.2228	      0.7997	      2.7079	      2.6067	      1.1943	      1.6467	      1.2450	      0.5140	      0.7373	     -1.6594	      0.9496	     -0.0438	     -1.3251	     -8.9424	     -0.0016	      0.2860	      2.4884	      2.4295	      4.7691	      6.2459	      4.0898	      1.5170	      2.4826	      4.5393	      4.2754	     -0.7568	      1.1560	      3.3688	      0.5856	      1.5966	      1.4727	     -1.3971	      1.1288	      1.5849	      0.7155	     -1.1676	      0.1505	     -0.9851	     -1.5267	     -9.0302	      5.2782	     38.8310	   1025.7042	   2126.8613	   2299.5757	   2380.3418	   1804.6222	   1729.1455	   1151.9888	   1093.3125	    288.2287	    288.3323	     32.9252	   -241.0961	    190.4646	   -155.8541	     39.0328	     22.0103	     32.8324	    -47.5417	     20.0711	    -15.6503	    -22.3772	    -17.9838	     -6.8852	     -5.8835	      3.7414	    228.5010	   1888.7180	   2883.1263	   3947.0952	   2866.0050	   2746.7903	   1487.2388	   1008.3630	    345.4702	    574.2311	   -333.5669	    136.5112	    140.8748	   -112.5434	    164.0442	    -23.3678	    -35.9888	     -6.8577	     31.7889	     69.4181	     47.9905	    -32.6514	   -110.1107	    -47.6428	   -240.5512	    294.5891	    231.8754	     54.8078	     90.0125	     -3.8980	    -61.6507	     35.5718	     -9.4553	     25.2004	     -2.3835	     32.9276	    262.4844	    343.0825	    138.7313	     78.7077	     57.9860	     26.9590	     13.3651	    -20.0618	     12.4231	     -9.1535	     41.9979	    682.1494	    262.2421	    270.8604	    131.1977	     94.3741	     68.9667	     30.4071	     49.5780	     -0.6474	     -9.3863	     47.3517
      0.0904	     11.9287	     21.2180	     31.8480	     20.6875	     22.1028	     20.5014	     16.7357	     20.9445	      8.6622	     15.6699	      9.3902	      3.5514	      0.0594	      6.7577	      2.8734	      2.0610	      2.5187	      4.2391	      1.1062	      1.9933	     -2.2684	      1.1983	     -0.2656	     -2.2657	    -11.6721	     -0.0091	     -0.2286	      2.4477	      1.8384	      7.8224	      8.0795	      6.1645	      1.9394	      4.4090	      8.0384	      5.9064	      0.1243	      2.9817	      5.4102	      2.1210	      2.2701	      2.5878	     -2.3902	      3.2101	      1.9750	      0.5846	     -0.9252	      0.8548	      0.3040	     -2.7111	     -9.2257	      7.7663	     38.3728	    986.0983	   2298.9615	   2670.0061	   3014.7958	   2340.3841	   2234.2155	   1701.3595	   1687.3841	    798.1692	    561.5563	    171.7409	   -293.3606	    349.6071	   -223.3027	    106.5357	     32.0348	    104.2869	    -44.2366	     13.0560	    -12.2480	    -68.4133	    -28.0719	    -13.9902	    -15.7202	      4.7094	    267.8536	   1954.9101	   3619.8427	   5388.6940	   4308.8061	   4570.4765	   2970.0640	   2375.7758	   1351.4875	   1390.0219	   -204.2178	    391.1532	    496.0070	    -45.7626	    289.8794	    -41.5390	    -49.8267	     67.5815	    107.6285	     69.7353	     76.2428	    -26.9354	   -169.8306	    -84.2261	   -290.7298	    432.6211	    396.6626	     64.8693	    119.8521	    -32.4191	   -105.0636	     49.6533	    -23.3391	     53.5262	     -5.1997	     43.2282	    464.0673	    625.4251	    225.0463	    141.7707	     53.1976	     56.1455	     34.6318	    -11.3217	     24.6545	    -15.6826	     36.1918	   1020.5599	    529.7622	    392.2542	    269.4075	    144.7076	    104.4073	     61.9196	    103.4644	     11.7102	    -14.1604	     81.3750
      0.0338	      8.0963	     16.9247	     20.6875	     23.7953	     23.0975	     24.4563	     18.1028	     19.6836	     14.1857	     16.6061	     12.6881	      7.7001	      5.4961	      8.2865	      5.9058	      5.0241	      4.6954	      4.0651	      2.6246	      2.3532	      1.3526	      1.5645	      1.4298	      0.0304	     -2.7071	      0.0001	      0.2836	      3.0219	      2.7965	      6.9217	      7.2977	      7.1060	      5.4544	      6.5598	      7.7017	      5.6320	      3.3809	      4.7581	      5.8109	      3.1405	      3.4052	      2.7056	      0.6651	      3.1925	      2.0954	      2.3077	      0.8743	      1.3739	      0.5733	     -0.7330	     -2.5727	      8.0415	     34.5669	    912.9745	   2317.8100	   3068.0224	   3319.2986	   2965.0072	   2716.5490	   2076.6255	   1759.6279	    969.7526	    729.7674	    267.0876	    -13.9942	    266.0085	    -86.0269	     43.0843	     -5.8046	     60.0285	    -38.9964	     15.2927	      1.3083	    -30.2583	    -23.0144	    -17.7628	    -27.6080	     24.6891	    231.4516	   2067.3546	   4302.0530	   6338.6428	   6163.2922	   5733.0425	   4286.3735	   3378.1295	   2054.9127	   1499.2519	    413.4093	    453.2317	    445.8077	    -80.5761	    132.3128	     10.0837	    -51.2128	     12.1307	     62.7228	     26.2142	     23.9314	    -17.5424	    -97.1699	    -40.3321	   -186.7047	    459.7388	    317.1248	    113.9789	    127.6370	     15.2903	    -33.9342	     29.2540	     -9.7932	     35.5571	     -8.7109	     15.8715	    510.1267	    509.8995	    222.4306	    159.3071	     74.5285	     48.9990	      8.2453	      0.8899	     22.9620	     17.0632	     32.5899	   1109.4615	    445.5189	    375.3026	    217.7020	    158.5384	    102.9670	     48.5699	     70.8778	     15.8615	      6.0445	     76.8733
      0.0871	      9.8529	     16.8095	     22.1028	     23.0975	     53.6171	     39.9070	     28.8150	     30.1966	     23.0276	     27.1490	     21.4584	     14.8505	     15.2731	     16.0946	     12.5806	      8.7524	     11.9007	      9.0498	      5.4229	      7.2928	      4.0057	      4.0191	      4.3207	      0.9377	      8.7470	     -0.0029	      0.0875	      6.4319	      4.0974	      9.4334	     10.6399	     10.1248	      9.4498	     10.3742	     12.8616	     10.8929	      8.5722	      9.3544	     10.4667	      7.0998	      4.7860	      6.4494	      3.8623	      5.9467	      4.9352	      4.7670	      2.7416	      3.7036	      2.5379	     -0.4681	      3.3578	      4.5979	     43.3879	    992.6707	   3042.6161	   4120.9198	   4502.9513	   4179.2113	   4157.9221	   3499.2094	   3118.8803	   1980.6624	   1607.6404	    945.7867	    358.2059	    548.6493	    229.4574	    203.5503	     20.5187	    188.0699	      6.7565	     55.6087	     27.7457	    -43.9179	    -15.9702	     -4.5364	      5.9314	     16.3038	    239.6994	   2836.7528	   6004.2526	   9762.2647	  10257.7610	  10472.8354	   8037.7608	   6352.4587	   4677.6144	   3803.6374	   1724.0425	   1662.4690	   1302.4873	    420.0738	    664.9124	    356.2563	    223.4217	    206.5398	    180.7307	    165.8955	    148.6192	     20.9849	    -81.4387	    -58.9025	    -97.6038	    718.0473	    514.6978	    244.4641	    176.3889	     33.8967	    -36.3676	     55.8523	      3.8349	     48.1955	     -1.8234	     40.7532	   1029.1113	    925.0351	    457.5796	    249.4912	    140.9562	     92.3875	     57.9593	     -1.1453	     26.1162	      3.6239	     66.3069	   1432.1347	    745.1893	    591.5915	    322.6676	    209.7300	    146.7114	     86.2592	     84.3298	      8.7814	     -5.7550	    121.5499
      0.0058	      5.2634	     14.9372	     20.5014	     24.4563	     39.9070	     60.1161	     29.6153	     28.7370	     30.0905	     28.5851	     23.6964	     16.8642	     17.1866	     14.4729	     15.3038	     13.0668	     11.3761	      8.1834	      7.7747	      4.3846	      5.9251	      3.9601	      4.7151	      3.5869	     13.9363	      0.0072	      1.4347	      9.1260	      5.1286	      9.0033	     10.0109	     12.1974	     11.8639	     13.7446	     12.3069	     11.2187	      9.8694	     10.2600	     10.6670	      5.5032	      8.1897	      5.1464	      5.9544	      7.1618	      3.9968	      5.9712	      3.7788	      2.4815	      1.8942	      0.8026	      9.9725	     13.1833	     46.2369	    876.2241	   2923.8545	   4438.7721	   4629.9119	   4886.9677	   4512.1667	   3558.0681	   3120.1985	   2219.1377	   1705.5122	   1154.1209	    604.4409	    596.9516	    258.3881	    157.1219	    -16.2177	    147.1873	     25.8736	     69.9619	     26.1308	      7.1605	    -21.8502	    -17.7151	    -42.3519	     41.1239	    260.2276	   2599.2779	   6412.1018	  10350.4324	  11548.8506	  10479.1930	   8999.8242	   6989.4332	   5089.5311	   3788.4778	   2022.1690	   1719.7669	   1280.7081	    314.9402	    507.5013	    350.0548	    164.6801	    155.2571	    160.2177	    133.1084	    101.5133	     50.9019	    -32.4329	     15.6119	     11.3643	    714.8809	    492.7239	    318.4343	    226.1369	     91.1578	     19.1599	     26.7198	     14.2466	     24.1449	    -10.8706	     33.0609	   1053.6342	    893.9551	    472.3494	    285.2993	    166.8836	     95.3450	     22.4387	     16.9034	     38.9640	     30.3132	     61.7295	   1565.3327	    653.5243	    460.7491	    279.7909	    238.0133	    133.8696	     42.5779	     50.7275	     31.7563	     19.1191	     99.1314
      0.0557	      5.3254	     11.5764	     16.7357	     18.1028	     28.8150	     29.6153	     28.1685	     23.6953	     21.5986	     24.9163	     18.7777	     14.1043	     14.6316	     13.8317	     12.2025	     10.0858	     10.7227	      9.1612	      6.9618	      5.8427	      5.0285	      4.1111	      4.5052	      2.5224	     14.5329	     -0.0004	      0.6825	      5.6062	      3.4600	      7.1980	      9.0431	      9.4769	      9.8958	     10.8128	     11.6169	     10.7109	      9.5918	      9.4352	      9.9303	      6.9020	      6.4216	      5.8704	      6.0144	      6.0210	      4.4483	      5.2717	      3.1875	      3.4021	      2.9861	      1.0044	     11.5532	      5.2353	     22.3359	    740.7638	   2247.0539	   3369.0396	   3749.6617	   3925.4156	   3707.9597	   3052.5684	   2666.5413	   1856.6161	   1500.2109	    935.7591	    477.0335	    536.5424	    221.7387	    185.5225	     85.6699	    140.2088	     35.1017	     45.9722	     25.6947	    -16.7467	     -2.8938	     -1.5790	     -0.1906	     17.5638	    205.0396	   2119.6783	   5067.8627	   7962.3299	   8732.0596	   8617.6073	   7308.2783	   6142.8371	   4574.8218	   3619.5023	   2016.3032	   1713.8979	   1326.4366	    602.0054	    630.4058	    391.0123	    261.2397	    216.9240	    178.1560	    151.2893	    116.3840	     65.1802	    -13.6936	    -11.5169	    108.7310	    705.6780	    540.4948	    300.5082	    182.6097	     67.4506	     13.4396	     45.0441	     11.6019	     30.4734	      0.5771	     40.2977	   1149.5760	    988.8457	    554.5372	    319.3188	    168.0984	     99.1713	     61.8003	     17.9052	     26.6675	     22.5247	     76.9140	   1251.1359	    672.6157	    475.0592	    288.5654	    185.2364	    112.9454	     62.5614	     57.6152	     13.7291	      5.6374	    105.2476
      0.0474	      8.4557	     13.1790	     20.9445	     19.6836	     30.1966	     28.7370	     23.6953	     32.4138	     17.2622	     24.7555	     16.9166	     13.2508	      8.7888	     15.5909	      9.6829	      8.1233	      9.4044	      9.1391	      5.2954	      6.3307	      1.8342	      4.4902	      2.7567	      0.4476	      5.2745	     -0.0092	     -0.1987	      3.8199	      2.6244	      9.0186	     10.1845	      9.3078	      7.7613	      9.1775	     13.1487	     10.6340	      7.0318	      8.1480	      9.6500	      6.7329	      6.4345	      7.0049	      2.4466	      6.6921	      5.3612	      3.8743	      1.8851	      3.5778	      2.0767	     -0.1324	      5.9477	      5.6478	     33.5391	    752.7024	   2383.6583	   3213.1065	   3892.3782	   3567.6712	   3620.2723	   3089.8570	   2839.3563	   1814.9829	   1419.0782	    873.9384	    152.7929	    589.7539	    100.8208	    237.7672	    100.6211	    192.7509	     16.3339	     43.5402	      2.4406	    -52.1067	    -12.1204	     -6.8235	     24.8189	      1.2138	    251.4139	   2224.7106	   4838.8688	   8094.3312	   8222.7082	   8876.7223	   7037.9102	   5858.8229	   4348.6847	   3743.6884	   1607.3559	   1653.1455	   1493.5562	    600.5615	    754.7535	    305.4969	    222.4862	    256.0028	    233.2901	    162.9771	    176.2753	     34.2461	    -97.3386	    -32.8789	    -58.6144	    715.6385	    612.1511	    248.4401	    205.1525	     31.2190	    -54.8318	     67.2092	     -6.6290	     63.3218	      4.3458	     66.8767	   1170.5248	   1115.4694	    577.7533	    353.5634	    158.6111	    118.6107	     81.5321	     10.4387	     36.4772	     -4.5688	     89.2350	   1392.3460	    805.4048	    572.3416	    379.6355	    214.8057	    142.5149	     89.6324	    107.3590	     19.2741	     -7.1223	    126.2230
     -0.0034	      0.0888	      5.9554	      8.6622	     14.1857	     23.0276	     30.0905	     21.5986	     17.2622	     29.5031	     21.6145	     19.7842	     16.1343	     19.4929	     12.4351	     15.1090	     13.8012	     11.8114	      8.4101	      9.1230	      4.9034	      8.9179	      5.0340	      6.4011	      5.3120	     27.8203	      0.0114	      1.8300	      6.3524	      4.0832	      4.7565	      6.1699	      9.1200	     12.3505	     13.2729	      9.3067	      9.3779	     11.3826	     10.9802	      9.1521	      6.1628	      8.1454	      5.4082	      9.5841	      6.3627	      4.3098	      7.1872	      5.1831	      3.1806	      2.6593	      4.0323	     23.0701	      4.7932	     13.4273	    532.7186	   1860.1775	   3161.7574	   3316.0857	   4088.8289	   3688.3844	   2929.1312	   2387.7125	   1922.1250	   1590.5237	   1142.2285	    870.1750	    512.2246	    457.9348	    122.3387	     67.8026	     62.8589	     74.5929	     54.2588	     37.4418	     55.0761	      8.4400	     -3.1746	    -23.7014	     33.9985	    126.2405	   1756.4554	   4671.9081	   7406.4879	   9088.4329	   8035.7852	   7645.5914	   6282.9030	   4845.2066	   3426.3391	   2741.8529	   1853.4135	   1284.9058	    667.0538	    472.8254	    538.3684	    304.7401	    205.5019	    165.0237	    132.5742	     41.2611	    114.7760	    109.5596	     81.1329	    340.0204	    734.6872	    545.9735	    425.2829	    220.3540	    148.6014	    112.4283	      6.9816	     34.9144	     -9.2414	     -2.0803	     20.0685	   1220.2590	    963.0406	    634.1423	    335.3024	    184.2461	     81.2855	     41.8813	     38.7070	     31.0113	     65.7711	     85.7920	   1376.0917	    660.6061	    434.3153	    211.0921	    184.9072	     66.9359	     21.1819	     -0.0759	     29.9913	     37.6334	     85.6235
      0.0679	      4.9691	      9.1076	     15.6699	     16.6061	     27.1490	     28.5851	     24.9163	     24.7555	     21.6145	     31.6301	     19.1957	     13.9996	     15.1372	     15.2104	     13.1114	     10.6496	     11.7380	     10.6304	      7.7029	      6.0744	      5.0601	      4.1856	      4.9616	      2.4855	     15.2795	     -0.0028	      0.5784	      5.4712	      3.0801	      7.3462	      9.5282	      9.6809	     10.3793	     11.2509	     13.0270	     11.9180	      9.9437	     10.3041	     11.1602	      7.1846	      6.9664	      6.4977	      6.0388	      6.7927	      4.8551	      5.8178	      3.1176	      3.8681	      3.5946	      0.9533	     12.2318	      4.6380	     17.3305	    620.9894	   2046.1936	   3138.3432	   3597.2749	   3869.3077	   3696.8223	   3071.5465	   2803.4901	   1957.8185	   1635.5725	   1022.1737	    459.4604	    650.8673	    219.8008	    212.0260	    105.9998	    156.5727	     27.4755	     40.9285	     21.5038	    -31.1613	     -0.0469	      0.0960	     -6.1363	     10.9977	    219.1291	   2032.9600	   4946.5809	   8081.9733	   8717.4964	   8959.9052	   7671.8846	   6601.4367	   4906.0307	   4007.5255	   2114.0008	   1840.3043	   1497.5308	    661.5892	    693.1692	    437.5642	    280.1407	    245.6514	    190.0648	    173.6727	    121.0118	     60.2420	    -16.7151	    -22.2919	    123.7504	    754.7269	    599.9289	    321.8379	    193.0892	     64.3585	      2.7366	     53.3014	     11.8909	     36.9586	      2.3607	     49.9195	   1274.3472	   1110.1761	    631.0225	    339.8205	    170.2757	    102.3440	     78.6189	     17.0577	     25.8096	     21.9185	     84.4329	   1259.4323	    687.1505	    481.9748	    314.0444	    183.8504	    108.8037	     56.9073	     66.9487	     17.2430	      2.5880	    116.3094
      0.0207	      2.3286	      6.0880	      9.3902	     12.6881	     21.4584	     23.6964	     18.7777	     16.9166	     19.7842	     19.1957	     19.9934	     14.4257	     15.8717	     12.0823	     12.3192	     10.2942	     10.0864	      7.2081	      6.7580	      5.4794	      6.1275	      3.9062	      5.1229	      3.5524	     18.6849	      0.0055	      1.0280	      4.5816	      3.4112	      5.0089	      6.6678	      7.3562	      9.8645	     10.5029	      9.0933	      8.3717	      9.6462	      8.8686	      8.8760	      6.2009	      6.2683	      4.9370	      6.7925	      5.1552	      4.2166	      5.6239	      4.0256	      3.3911	      2.3315	      2.3992	     14.7828	      2.4865	     14.1167	    507.0027	   1694.4570	   2704.4049	   2931.8876	   3300.9268	   3181.6114	   2615.2940	   2139.3359	   1590.4191	   1327.7077	    882.3185	    571.7469	    433.2580	    344.5816	    135.0373	     65.7748	     87.2872	     41.4887	     37.1289	     24.8968	     23.9184	      8.0515	      1.1647	     12.3657	     22.5105	    132.5630	   1669.3801	   4020.7760	   6441.7564	   7483.3416	   7131.1146	   6363.5822	   5224.3238	   3963.1355	   2998.9092	   2092.3315	   1571.6349	   1108.8050	    576.6161	    507.9165	    437.0067	    246.1609	    182.9418	    145.3963	    123.9207	     82.8602	     70.6555	     62.9718	     40.9732	    164.9043	    646.7089	    477.5195	    323.2888	    186.8446	     96.7606	     55.7718	     20.6381	     22.8275	     11.7788	     -0.4322	     26.1103	   1088.9046	    834.4747	    534.6606	    290.7407	    162.0904	     75.1165	     42.2488	     23.8332	     27.3973	     39.8192	     71.3286	   1160.7050	    606.9300	    441.3345	    212.7343	    166.2214	     87.8341	     43.8920	     24.7951	     17.2693	     17.7457	     80.8847
     -0.0448	     -1.2731	      1.2228	      3.5514	      7.7001	     14.8505	     16.8642	     14.1043	     13.2508	     16.1343	     13.9996	     14.4257	     21.2230	     15.0668	     13.2280	     10.8875	     10.4463	      9.8523	      7.2007	      7.2596	      7.0560	      7.3482	      4.6980	      5.0346	      5.1395	     28.0270	      0.0065	      0.5690	      4.7450	      3.2083	      3.9090	      4.2308	      6.1110	     10.0491	      9.7043	      7.3527	      6.8990	     12.2177	      8.6515	      6.8153	      7.9114	      7.5502	      5.7725	      8.2643	      4.9575	      4.6094	      5.2307	      5.4707	      4.6287	      3.4012	      4.7599	     26.9594	     -1.6106	      0.5928	    268.4398	   1154.8658	   2205.3344	   2403.2124	   3026.5870	   2945.4093	   2604.6438	   1879.6609	   1706.0651	   1280.2176	   1029.9396	    769.4861	    310.4896	    530.4073	    177.5517	    125.2425	    121.8098	    113.4179	     30.3583	     33.0500	     35.7470	     32.0503	     10.6393	     66.2677	     12.0992	     50.2082	   1231.1846	   3532.4193	   5227.2635	   6812.5396	   6431.5894	   6078.4988	   5051.9525	   4132.6708	   3076.9695	   2657.5610	   1821.1702	   1310.6342	    979.1167	    600.3802	    552.0501	    393.5209	    283.8459	    178.4612	    130.5607	    136.2032	    115.1033	    151.8292	    102.0918	    383.4567	    561.6872	    421.9997	    347.3998	    154.3433	    112.7605	     93.5939	      6.4523	     37.1250	      4.0337	      9.9398	     26.3912	   1182.4220	    781.9084	    555.7311	    328.0373	    154.0677	     91.8591	     47.1817	     46.4510	     22.0631	     34.7714	     58.1607	    948.9948	    657.1244	    385.8630	    202.9295	    128.7580	     74.1384	     60.2182	      4.3679	     19.5824	     30.1673	     65.2599
      0.0069	     -2.3444	      0.7997	      0.0594	      5.4961	     15.2731	     17.1866	     14.6316	      8.7888	     19.4929	     15.1372	     15.8717	     15.0668	     22.9540	     10.3046	     13.4885	     11.3303	     11.4203	      7.6719	      8.3336	      5.9556	      9.4539	      4.5163	      6.6215	      5.9162	     33.1105	      0.0122	      1.5474	      5.5116	      3.4331	      1.9527	      3.5566	      5.6888	     11.0873	     10.2842	      6.5286	      7.5177	     12.7670	      9.6347	      7.8092	      7.2598	      6.4854	      5.1776	     10.3993	      4.5083	      4.0682	      6.5775	      5.5694	      3.9577	      3.6198	      4.9333	     25.9897	     -2.9358	     -5.8899	    280.2995	   1026.6510	   2102.4332	   2083.7809	   2969.0766	   2710.2537	   2293.9684	   1716.6038	   1552.7213	   1359.3999	   1006.0549	    973.8350	    350.6613	    580.1646	    122.3848	    102.4745	     55.1453	    100.5354	     45.6160	     41.8168	     61.0662	     30.3874	     14.3862	     19.1208	     20.3504	     12.2303	   1156.4363	   3225.7074	   4835.3726	   6618.4192	   5979.8294	   5901.3899	   5056.8829	   4144.8577	   2968.4002	   2846.4094	   1815.6597	   1129.8026	    869.5541	    517.4461	    631.4802	    424.4696	    232.4609	    135.0299	    141.4939	     61.4834	    120.1538	    193.0867	     88.7001	    471.0677	    616.1781	    441.0411	    414.3631	    145.6718	    142.9090	    144.7547	      2.7224	     48.9947	    -24.1234	      7.3325	      6.6369	   1215.1446	    819.0589	    616.1243	    310.1329	    182.6648	     70.6785	     46.0467	     38.1174	     13.1358	     56.3165	     69.8317	    940.9581	    579.5556	    374.2146	    149.9887	    119.3338	     46.3062	     30.9301	    -30.6667	     13.0763	     32.2762	     66.1928
      0.0055	      1.7569	      2.7079	      6.7577	      8.2865	     16.0946	     14.4729	     13.8317	     15.5909	     12.4351	     15.2104	     12.0823	     13.2280	     10.3046	     14.9736	      8.1707	      7.4896	      8.5288	      7.6312	      5.4207	      6.1547	      4.4360	      4.2499	      3.6792	      2.6677	     18.0187	     -0.0023	      0.0194	      2.8082	      1.9483	      4.6083	      4.8622	      5.4363	      7.3445	      7.0764	      8.2605	      6.9376	      8.4747	      7.3055	      6.6760	      6.6349	      5.6211	      5.8159	      4.9889	      5.0018	      4.4684	      3.9734	      3.5263	      3.8802	      2.8761	      2.5622	     17.3846	     -1.0392	      6.6685	    279.6797	   1129.9226	   1817.0979	   2202.7557	   2387.4283	   2407.3938	   2225.0774	   1844.2867	   1472.6010	   1167.7002	    832.8328	    459.3979	    394.4045	    330.8857	    191.4387	    110.6849	    139.1747	     70.7587	     30.0894	     18.8779	     -6.1340	     15.6791	      5.8620	     49.0572	      0.1504	     80.0310	   1188.2922	   2944.6471	   4739.3761	   5524.7005	   5913.5190	   5160.1415	   4400.6311	   3578.3421	   2873.3381	   1967.7797	   1516.1374	   1260.0819	    783.5471	    614.7438	    427.4600	    310.5039	    264.0378	    200.5787	    131.9231	    133.8144	     74.4928	     52.5699	     38.4493	    223.0260	    520.4840	    427.9304	    256.9582	    138.9243	     62.6450	     30.0893	     32.3485	     16.2665	     26.2463	      9.2735	     35.1356	   1027.6015	    811.1779	    509.2891	    296.5034	    129.2560	     88.5921	     64.9089	     28.1082	     22.1382	     14.9045	     64.5692	    851.2429	    587.5817	    375.9568	    231.9963	    124.2898	     77.8067	     60.3335	     44.1357	     16.3546	      9.2069	     81.1860
      0.0184	     -0.2512	      2.6067	      2.8734	      5.9058	     12.5806	     15.3038	     12.2025	      9.6829	     15.1090	     13.1114	     12.3192	     10.8875	     13.4885	      8.1707	     12.4503	      8.4299	      8.2855	      5.7675	      6.2442	      4.1023	      5.6941	      3.7659	      4.5147	      3.8074	     20.7785	      0.0060	      1.1714	      4.0175	      2.5311	      2.1370	      3.8935	      4.8731	      7.5813	      7.8300	      6.0599	      6.7732	      8.0767	      7.0880	      6.4954	      4.7351	      5.5621	      4.0513	      6.8482	      4.3243	      3.5355	      4.9398	      3.5957	      2.6754	      2.0110	      2.9863	     16.9727	      0.2877	      4.0640	    256.5923	    936.7836	   1655.9758	   1745.0241	   2284.5188	   2181.4196	   1810.8468	   1493.8335	   1236.9611	   1090.2010	    818.8510	    616.7373	    377.1972	    381.3063	    127.4526	     82.4086	     66.5942	     65.6495	     41.6146	     20.1882	     42.4699	     16.6802	      7.5369	     16.7544	     12.2137	     58.7438	    973.7663	   2463.9861	   4031.7681	   5058.8231	   4796.4859	   4673.7586	   3913.5041	   3187.2807	   2463.7252	   1997.7010	   1455.3077	    996.9674	    655.4936	    499.3585	    463.7253	    295.6229	    191.8663	    139.0539	    130.4083	     77.4839	     85.4225	    107.0597	     65.0225	    276.6342	    481.9310	    368.4554	    299.4337	    140.6766	    102.7976	     79.1456	     13.6990	     29.0192	     -5.7158	      3.9068	     23.0217	    916.4317	    682.5948	    480.1134	    252.4557	    149.7772	     62.5092	     43.2517	     23.6285	     19.8973	     33.8440	     71.9187	    785.1041	    453.6143	    304.5305	    142.4569	    111.9640	     49.7817	     20.8332	     -5.0890	     14.3591	     16.3152	     54.8828
     -0.0174	     -1.7416	      1.1943	      2.0610	      5.0241	      8.7524	     13.0668	     10.0858	      8.1233	     13.8012	     10.6496	     10.2942	     10.4463	     11.3303	      7.4896	      8.4299	     11.1268	      6.7934	      5.5019	      6.1269	      3.7745	      5.7793	      4.0364	      3.9710	      3.8369	     22.4426	      0.0057	      0.9451	      3.4521	      2.1008	      2.2665	      2.3947	      4.4748	      7.3744	      7.4676	      4.9773	      5.3334	      7.5227	      6.4030	      5.0860	      4.1404	      5.9175	      3.9959	      6.5365	      4.4298	      3.1628	      4.4478	      3.5682	      2.5063	      1.9453	      3.8108	     20.5883	      0.4863	      1.7644	    159.9937	    732.3697	   1361.7785	   1496.3749	   2052.7567	   1874.8351	   1562.0753	   1251.5532	   1117.3952	    932.1215	    789.7285	    600.5005	    297.1269	    361.7791	    111.9743	     90.2709	     49.0626	     83.6533	     38.6179	     24.0247	     43.1981	     16.1251	      3.6182	     11.5855	      9.2208	     35.5847	    765.3136	   2174.0544	   3456.3526	   4580.1505	   4075.1255	   4131.1577	   3498.5493	   2922.3411	   2147.5935	   1928.4978	   1287.2393	    963.5096	    653.9313	    389.1854	    412.1913	    285.4212	    200.5310	    143.5095	    107.0157	     54.6694	    105.4101	    103.5434	     83.6744	    345.8828	    387.5020	    318.2808	    266.8040	    133.7295	    104.7908	     82.7221	      1.2860	     26.2425	     -9.7494	      6.9794	     23.5573	    801.3891	    608.4945	    435.5049	    245.3672	    119.6531	     64.9156	     42.4366	     33.9880	     18.4985	     38.0850	     65.6313	    697.6840	    405.1080	    235.0832	    130.8207	    101.0684	     25.4721	     16.5577	     -8.1693	     19.8159	     28.6008	     54.2069
      0.0228	      0.3643	      1.6467	      2.5187	      4.6954	     11.9007	     11.3761	     10.7227	      9.4044	     11.8114	     11.7380	     10.0864	      9.8523	     11.4203	      8.5288	      8.2855	      6.7934	      9.7892	      5.8803	      5.2382	      4.7079	      4.9763	      3.5050	      3.9712	      2.9653	     18.9515	      0.0025	      0.5648	      2.9822	      1.8354	      2.2454	      3.4375	      4.1995	      6.6548	      6.2593	      5.8447	      5.9523	      7.5831	      6.4775	      5.7000	      5.2972	      4.6095	      4.4305	      5.9172	      3.7873	      3.4742	      4.0634	      3.3149	      2.9394	      2.4679	      2.6086	     16.0256	     -1.8410	      0.6189	    202.7335	    772.5593	   1340.9085	   1507.2699	   1882.1688	   1849.3088	   1645.9391	   1368.7373	   1127.0134	    977.5154	    718.5947	    522.1424	    320.2295	    340.1372	    134.3268	     90.8215	     79.2624	     64.0022	     31.4785	     23.3661	     18.2680	     17.1873	     10.3469	     26.8096	      3.6520	     39.4043	    863.5322	   2151.8291	   3476.7871	   4347.2656	   4423.1860	   4102.4883	   3554.5101	   2949.6879	   2345.2555	   1829.8949	   1345.7962	    973.3585	    666.6846	    490.1107	    421.5055	    299.9608	    206.4101	    139.1762	    125.4626	     85.7751	     78.3751	     83.4059	     41.0344	    261.2247	    453.5656	    361.7563	    267.6221	    120.4165	     79.4798	     60.3809	     21.0615	     23.5188	      3.2365	      7.8088	     25.1385	    904.7422	    687.7037	    471.4723	    246.7229	    131.6747	     68.3631	     55.1168	     23.9170	     15.0047	     23.6614	     65.5079	    646.3150	    430.5716	    284.8732	    145.7779	     92.0101	     45.6690	     33.4449	      7.7334	      9.2723	     11.9564	     58.8647
      0.0365	      0.3514	      1.2450	      4.2391	      4.0651	      9.0498	      8.1834	      9.1612	      9.1391	      8.4101	     10.6304	      7.2081	      7.2007	      7.6719	      7.6312	      5.7675	      5.5019	      5.8803	      8.2763	      4.3895	      4.1787	      3.4556	      3.5428	      2.7909	      1.8769	     16.8841	     -0.0041	      0.1007	      2.1291	      0.7994	      2.8507	      2.4480	      3.4134	      4.8481	      4.7341	      5.4504	      5.4440	      5.8550	      5.3964	      4.7554	      4.4666	      3.8307	      4.2342	      4.2940	      4.0902	      2.8437	      2.9931	      2.3070	      2.5894	      2.9613	      2.0571	     15.5204	     -1.8537	     -1.2735	    127.2140	    525.5859	    879.4166	   1135.5432	   1391.2099	   1294.3164	   1249.1620	   1172.2342	   1014.6410	    838.1325	    637.9675	    407.7772	    334.1050	    249.8840	    160.2324	    103.9367	     99.5612	     77.0548	     28.7824	     23.1570	     -9.1875	     12.4706	      8.5406	     21.4218	     -6.7890	     20.3273	    543.4192	   1559.7541	   2514.5233	   3047.2555	   3387.7087	   3136.2017	   2897.7983	   2544.2383	   2100.1364	   1474.1437	   1165.9280	    994.6552	    680.5527	    500.2413	    367.8130	    299.8074	    240.0086	    183.7879	    122.9460	     85.5899	     86.0212	     48.1981	     17.6850	    288.0129	    347.1269	    321.5061	    187.5931	     80.7107	     40.3833	     29.3976	     26.4137	     13.0536	      9.5085	     10.1085	     25.2882	    738.3342	    646.5240	    396.8109	    216.0078	     85.1726	     65.4498	     67.2054	     23.3480	     11.3660	     10.3263	     55.0112	    453.9810	    383.0185	    198.2894	    158.2001	     65.6889	     28.2161	     31.2370	     26.2493	      9.9025	      3.5126	     62.0776
      0.0027	     -1.5684	      0.5140	      1.1062	      2.6246	      5.4229	      7.7747	      6.9618	      5.2954	      9.1230	      7.7029	      6.7580	      7.2596	      8.3336	      5.4207	      6.2442	      6.1269	      5.2382	      4.3895	      6.3882	      2.9289	      4.1149	      2.9772	      2.8709	      2.9267	     17.6857	      0.0032	      0.6742	      2.7500	      1.3710	      1.1955	      1.6383	      3.0286	      4.9896	      4.9460	      3.7112	      4.4744	      5.8511	      4.9585	      3.6655	      3.4118	      4.1745	      3.0575	      5.1705	      3.3643	      2.2589	      3.1750	      2.5404	      2.0156	      1.9703	      2.7286	     16.1805	     -0.5556	     -3.9721	     94.3551	    413.2799	    866.1595	    933.0307	   1411.9204	   1254.2003	   1073.0985	    871.6023	    842.3037	    700.0521	    596.1394	    477.9266	    239.7885	    277.9089	    101.1981	     85.5574	     51.8176	     74.4285	     28.3053	     17.8906	     27.5262	     16.6964	      7.1961	     13.6036	      2.9118	     16.1472	    466.7874	   1469.2131	   2182.9279	   2973.3086	   2716.1086	   2874.0238	   2527.2438	   2179.8345	   1657.2129	   1480.2884	   1033.4840	    757.1368	    571.9203	    352.0254	    339.3679	    253.9746	    171.9609	    115.5229	     94.8090	     53.0161	     84.4796	     89.8162	     57.6560	    294.8806	    271.0634	    229.2484	    197.4549	     77.1073	     70.7549	     63.8976	      5.4366	     21.5246	     -8.8067	      6.9612	     17.7504	    602.4974	    453.0628	    326.6196	    177.4204	     89.6633	     49.3197	     37.5765	     23.9549	     10.1998	     21.7551	     47.6091	    456.2826	    328.6483	    175.0137	    110.4961	     67.8313	     21.5825	     15.8737	     -7.6437	     12.2863	     15.9690	     39.4482
      0.0226	      0.7692	      0.7373	      1.9933	      2.3532	      7.2928	      4.3846	      5.8427	      6.3307	      4.9034	      6.0744	      5.4794	      7.0560	      5.9556	      6.1547	      4.1023	      3.7745	      4.7079	      4.1787	      2.9289	      6.6855	      2.5220	      2.5383	      2.2611	      1.3205	     12.5132	     -0.0021	     -0.2013	      1.2763	      0.9950	      1.8085	      2.0657	      2.2377	      3.6210	      3.2174	      3.8161	      3.6979	      4.6657	      4.1789	      3.2509	      4.0678	      2.7754	      3.4962	      3.5250	      2.6754	      2.5307	      2.2097	      2.1538	      2.5875	      2.1139	      1.8136	     11.5249	     -4.0137	     -1.6348	    107.1288	    457.4500	    650.4624	    854.9056	    936.1871	   1041.7803	   1026.3542	    827.4224	    697.3512	    560.6511	    467.4828	    281.1667	    169.3952	    241.1090	    120.4536	     84.5886	     71.6908	     57.0664	     12.5587	     21.8435	     -1.2626	     16.8884	     12.4204	     45.5755	     -6.4575	     10.4566	    534.6616	   1241.8487	   1907.1925	   2355.9245	   2645.7343	   2278.7676	   1996.1878	   1796.3571	   1537.8087	   1162.1659	    919.8860	    705.1216	    560.2976	    392.7665	    285.0150	    233.1984	    179.3663	    117.0517	     97.5230	     86.5830	     64.2551	     45.8475	     20.0719	    177.8171	    267.7870	    226.0771	    144.3438	     75.1680	     38.2619	     22.8965	     17.1571	     14.5499	      9.6492	      9.8391	     27.6512	    588.4421	    434.4376	    293.9281	    154.0517	     70.7086	     52.1852	     52.0564	     19.0674	      8.8100	      6.1569	     43.9457	    411.8504	    368.3723	    239.7909	    133.5581	     66.5596	     38.2890	     44.8029	     17.1249	      2.4846	      6.1811	     48.3921
     -0.0289	     -2.9281	     -1.6594	     -2.2684	      1.3526	      4.0057	      5.9251	      5.0285	      1.8342	      8.9179	      5.0601	      6.1275	      7.3482	      9.4539	      4.4360	      5.6941	      5.7793	      4.9763	      3.4556	      4.1149	      2.5220	      6.6324	      2.2006	      3.1749	      3.3640	     19.2439	      0.0079	      0.6816	      2.2923	      1.4205	      0.3673	      0.1112	      2.2557	      5.3963	      4.5722	      1.9930	      2.2149	      6.3636	      4.5346	      2.5780	      3.5189	      3.2408	      2.2984	      5.4594	      2.0047	      1.5821	      3.1453	      3.1833	      1.9700	      2.0664	      3.3885	     16.7413	     -1.9707	     -7.8455	     44.8611	    261.1092	    790.3987	    742.2660	   1284.1589	   1045.5628	    919.9657	    580.0727	    658.2460	    557.5192	    436.4751	    524.0354	     90.0581	    306.3789	     28.2475	     48.6982	      4.0673	     63.3395	     16.5130	     24.8657	     35.8107	     18.2708	      4.4464	      1.7040	     12.1318	    -34.2199	    330.5750	   1268.4114	   1715.9001	   2814.0367	   2271.8355	   2447.7839	   2168.5370	   1813.2973	   1110.0442	   1429.1811	    724.8008	    465.1835	    411.6510	    127.4073	    290.9959	    200.1320	    102.3162	     59.0313	     38.0615	     -4.3659	     69.9891	    116.8529	     60.9274	    312.2017	    226.7568	    146.3649	    184.8805	     50.7727	     76.8406	     93.9843	    -10.8415	     26.1906	    -19.9748	      4.3379	     -8.9252	    487.8340	    296.2708	    256.1545	    139.9341	     66.9427	     29.3878	     15.5869	     28.0616	      2.8694	     38.2979	     24.3374	    380.0484	    224.9040	    127.4968	     48.8987	     42.5174	      2.7612	      9.2522	    -24.5046	     10.5163	     26.9229	     27.4032
