      0.0520	      0.1358	      0.1907	      0.1594	      0.0460	      0.0908	      0.0049	      0.0597	      0.0427	     -0.0017	      0.0679	      0.0223	     -0.0475	      0.0068	      0.0056	      0.0180	     -0.0170	      0.0228	      0.0365	      0.0027	      0.0227	     -0.0289	      0.0102	      0.0072	     -0.0278	     -0.0425	     -0.0001	     -0.0002	     -0.0055	      0.0052	      0.0123	      0.0442	      0.0020	     -0.0184	     -0.0101	      0.0304	      0.0551	     -0.0302	      0.0104	      0.0338	     -0.0042	     -0.0214	      0.0101	      0.0030	      0.0139	      0.0106	      0.0085	     -0.0209	     -0.0017	      0.0092	     -0.0310	     -0.0816	     -0.0336	      0.0942	      3.6457	      6.2048	      0.5358	      2.5312	     -1.4490	      1.2864	      1.4592	      6.8177	      2.8710	      4.8401	      3.0806	     -0.6201	      4.1350	     -0.2202	      1.6716	      0.7618	      0.8176	     -0.0061	      0.2000	      0.1873	     -0.3305	     -0.0183	      0.2214	      0.2655	     -0.2386	      1.0670	      7.8399	      3.9785	      7.1469	     -6.0168	      5.0452	      0.1299	      1.3829	      4.3650	     11.0176	     -1.4659	      6.4373	      5.0295	      3.1068	      5.8479	      1.8049	      1.3602	      1.2355	      1.3312	      1.6788	      0.9448	      0.3302	     -0.8697	     -0.9410	     -0.8220	      1.5064	      1.7966	     -0.1680	      0.2767	     -0.5197	     -0.8071	      0.5972	     -0.1539	      0.1973	      0.0300	      0.4255	      1.5016	      3.1750	      1.1136	     -0.0764	      0.2936	      0.0600	      0.7593	     -0.3023	      0.0329	     -0.3411	      0.6765	     -1.5158	      0.6296	      0.9061	      0.4234	      0.0600	      0.1692	      0.0379	      0.3410	     -0.2687	     -0.5531	      0.2675
      0.1358	     38.3593	     38.0811	     37.0079	     21.7705	     18.9207	      9.2254	      9.3247	     14.9103	     -0.6645	      8.4343	      3.9348	     -3.1894	     -5.6314	      3.0040	     -1.2223	     -3.6678	      0.0410	      0.2591	     -3.3476	      1.2364	     -6.0287	     -0.8305	     -1.5094	     -5.2124	    -26.3688	     -0.0130	     -2.3135	     -4.7981	      1.3787	      5.5626	      8.0318	      2.2181	     -2.3394	     -0.5662	      5.4459	      3.2107	     -5.6345	     -0.8950	      3.5477	     -0.0053	     -1.3744	      1.0907	     -6.3349	      0.0823	      1.7192	     -1.4197	     -2.9240	     -0.2722	     -1.9881	     -4.9618	    -25.3812	      3.9784	     46.6484	    953.6581	   2053.1031	   1713.3019	   2072.0437	    743.3610	   1166.7560	    810.8069	   1046.3613	    -33.6043	      4.3169	   -305.6157	   -751.9449	    201.7868	   -386.6166	     54.4795	    -34.6268	     60.6672	   -129.7812	     -9.1015	    -23.2101	    -83.6453	    -34.2533	     -6.6466	      9.0355	     -6.6836	    255.9355	   1727.7697	   1939.4059	   3302.2956	   1274.3316	   2365.9950	    374.6858	    -33.0871	   -588.9985	    243.2414	  -1365.8719	   -281.7088	    -64.9181	   -419.1041	    177.5311	   -222.0279	   -209.7717	    -43.3054	     10.0192	     63.3063	     81.5988	   -107.8839	   -241.5561	   -137.0707	   -608.2289	    361.7289	    328.3856	    -21.3647	    121.9636	    -72.2869	   -166.0116	     64.3651	    -30.5157	     68.4931	     -6.1555	     56.4608	    261.2572	    435.1527	    119.9225	     36.6985	     34.4684	     27.6592	     32.3755	    -38.0101	     22.2273	    -36.1642	     40.6996	    590.5658	    229.1037	    312.8379	    143.9929	     78.8957	     92.5324	     50.7414	    107.8029	     -8.6139	    -36.5966	     56.0309
      0.1907	     38.0811	     98.8881	     63.5789	     42.3371	     34.4361	     27.7035	     20.7639	     20.5991	     11.6216	     15.0438	     10.8174	      2.0451	      3.2114	      4.0084	      5.1894	      2.9195	      3.2021	      2.3219	      1.7129	      1.1568	     -1.6988	      2.1279	      0.4921	     -1.5345	    -10.6565	      0.0005	      1.0839	      5.6853	      7.2073	      9.0877	     11.2404	      6.9929	      3.3486	      4.8382	      7.1446	      7.4120	     -0.6696	      2.2512	      5.5277	      1.0608	      2.8506	      2.4646	     -1.2488	      1.6849	      2.7337	      1.6950	     -1.6805	      0.2804	     -1.5968	     -1.6914	    -12.0979	      8.2975	     66.6519	   1941.4478	   3906.7567	   4276.4745	   4285.7868	   3422.3809	   3125.2404	   2040.9309	   1861.8196	    506.0205	    533.1190	     97.6556	   -289.4868	    313.5146	   -209.3820	     52.1583	     52.8997	     37.1249	    -63.2172	     39.8961	    -22.3176	    -23.5249	    -25.6116	     -9.6247	    -15.5245	      7.8508	    394.7074	   3498.3111	   5345.5302	   6916.1833	   5092.0721	   4528.2732	   2467.7415	   1655.5218	    551.1885	    862.7977	   -407.4435	    251.2677	    208.1231	   -135.8898	    250.8508	     20.0989	    -17.3076	     -3.8363	     50.3724	    128.5390	     62.6827	    -38.8263	   -152.3683	    -64.9326	   -320.1730	    469.8982	    369.1260	    106.7834	    135.1034	      6.5857	    -80.3305	     51.7374	     -8.9529	     28.2062	     -2.5840	     48.2405	    382.8891	    526.7788	    219.4800	    116.4165	     95.1825	     36.5777	     18.6183	    -32.8670	     15.6203	     -7.5188	     71.1866	   1111.5410	    413.0807	    426.4883	    186.6743	    139.3599	     95.4559	     40.8210	     64.6088	     -2.8828	    -10.1654	     74.2109
      0.1594	     37.0079	     63.5789	     78.4095	     44.0981	     36.8568	     32.1481	     25.6951	     30.5254	     12.6493	     22.8403	     13.1077	      4.2663	     -0.9722	      9.9683	      3.5269	      2.9985	      3.3990	      7.0738	      1.7836	      3.0218	     -3.6010	      2.3888	     -0.6417	     -3.4832	    -15.3758	     -0.0162	     -2.1756	      2.4787	      4.1643	     13.2899	     12.7899	      9.1608	      2.9395	      6.2900	     11.7328	      8.9918	     -0.3293	      4.1979	      7.5330	      2.8657	      3.3258	      3.9933	     -3.6544	      5.0179	      2.8763	      0.6946	     -1.6128	      1.2491	      0.7755	     -3.8578	    -11.2432	     11.4815	     60.6004	   1561.5795	   3549.6537	   4016.3270	   4513.6157	   3487.0793	   3243.3600	   2470.5269	   2498.0139	   1196.4242	    831.9901	    288.6635	   -436.2997	    530.9649	   -329.7451	    180.1533	     63.3391	    171.9756	    -42.2796	     23.8978	    -11.2402	   -108.8209	    -40.7557	    -19.8168	    -20.6073	      0.7666	    399.5072	   2997.3099	   5498.2219	   7926.4210	   6133.4625	   6504.5505	   4108.2864	   3300.3327	   1908.8502	   2013.5364	   -375.4981	    577.9364	    818.5549	     18.7290	    470.2381	    -34.9733	    -32.9532	    139.8979	    199.4954	    121.6890	    121.1670	    -23.7378	   -255.0596	   -126.0084	   -368.8992	    542.3252	    516.4297	     40.8792	    149.6299	    -64.9492	   -164.9343	     74.9301	    -37.9273	     78.4411	     -5.0776	     64.1161	    541.8774	    836.7340	    264.2292	    181.2175	     49.8796	     80.4094	     59.5374	    -16.6355	     33.3113	    -29.1687	     53.9636	   1284.7299	    660.6795	    473.6781	    364.3230	    182.1905	    132.8224	     82.7909	    154.4170	     14.9085	    -24.2370	    116.0891
      0.0460	     21.7705	     42.3371	     44.0981	     41.7281	     32.9418	     32.5211	     23.4951	     24.8859	     17.6732	     20.4070	     15.7657	     10.1218	      6.4585	     10.9449	      7.0063	      6.3834	      5.7791	      5.6074	      3.3618	      3.3427	      1.7618	      2.4189	      1.6954	      0.0763	     -1.9116	     -0.0010	     -0.5761	      3.6148	      4.9982	     10.1814	      9.7555	      9.1352	      7.1349	      8.2697	      9.6556	      6.9185	      4.3480	      6.0165	      7.0546	      4.2348	      4.4225	      3.6501	      0.7666	      4.1440	      2.7475	      2.8166	      1.2990	      1.9624	      0.9989	     -0.5736	     -0.9066	      9.5182	     45.2879	   1220.2069	   3039.4129	   3978.0361	   4301.9896	   3830.2235	   3476.0634	   2694.4183	   2252.9302	   1282.4937	    943.4909	    368.8577	      0.8050	    337.0946	    -82.0248	     70.6069	      8.0619	     89.8954	    -31.3434	     19.5384	      4.6337	    -41.4398	    -26.4760	    -22.1827	    -26.4223	     28.7412	    290.2188	   2705.2044	   5605.5559	   8070.9604	   7807.3975	   7249.6376	   5381.1419	   4241.5264	   2628.3357	   1906.4080	    577.2207	    606.6655	    639.7649	    -17.9181	    196.8686	     40.7046	    -36.0332	     46.0134	    110.2021	     38.7103	     37.9295	    -10.2822	   -117.1265	    -44.4159	   -194.9322	    549.3137	    382.3575	    125.3499	    150.4692	     12.9612	    -44.5945	     36.0493	    -13.1481	     45.8499	     -9.3655	     18.4879	    606.0713	    621.2825	    261.4457	    200.0978	     80.2287	     63.0024	     13.4604	      4.4093	     28.3752	     20.4086	     39.3593	   1341.6184	    551.7535	    446.8493	    270.3378	    188.6901	    122.5544	     63.9469	     93.4225	     20.9792	      8.5562	     97.3807
      0.0908	     18.9207	     34.4361	     36.8568	     32.9418	     63.0016	     45.6561	     32.8656	     31.9217	     26.4542	     29.3529	     23.9244	     17.5331	     18.3863	     17.8325	     14.4752	     10.5850	     13.5299	     10.4228	      6.8388	      8.3419	      5.6200	      4.9798	      5.2283	      1.9664	     15.0485	     -0.0009	     -0.2112	      7.3519	      6.5001	     11.3687	     11.9856	     11.5083	     11.5121	     12.0783	     13.7474	     12.0370	     10.7429	     10.8281	     11.3353	      8.3360	      5.8268	      7.2787	      5.5524	      6.6259	      5.4770	      5.7121	      3.6762	      4.3887	      3.2908	      0.5522	      8.8894	      4.0631	     44.3871	   1127.7871	   3370.5777	   4657.8633	   5009.0587	   4828.1361	   4687.3617	   3942.5910	   3418.2015	   2262.6403	   1830.7607	   1122.2126	    534.4045	    589.6514	    335.3307	    226.2145	     44.2616	    202.8991	     35.9062	     64.4417	     36.4890	    -35.3909	     -9.7458	     -2.4936	     10.9935	     18.7744	    244.7594	   3157.3220	   6811.5300	  10758.4855	  11532.4004	  11521.6369	   9014.4301	   7166.2230	   5354.5992	   4252.6681	   2197.3053	   1948.3702	   1497.6985	    592.8874	    744.8135	    465.2100	    306.9194	    253.0650	    213.2654	    188.8787	    158.5237	     47.0370	    -47.9138	    -41.9500	      6.0996	    769.8421	    544.7108	    286.3783	    180.1776	     50.4088	    -13.2632	     53.6226	     11.1012	     42.0732	      0.0728	     37.8837	   1136.4975	    990.1433	    506.9741	    279.0435	    153.7059	     99.7187	     62.0100	      4.9204	     25.2254	     10.9019	     71.5623	   1549.3994	    830.2090	    631.2409	    341.9875	    221.0522	    148.6316	     91.9174	     78.1211	     10.4660	      0.4389	    129.9420
      0.0049	      9.2254	     27.7035	     32.1481	     32.5211	     45.6561	     66.4616	     32.3301	     29.8251	     32.6860	     30.4623	     25.2233	     18.3198	     19.0213	     15.4510	     16.6176	     14.5538	     12.3199	      9.1393	      8.9062	      4.7581	      6.9652	      4.5950	      5.3050	      4.3644	     18.3745	      0.0085	      1.9341	     11.3098	      7.3129	     10.0673	     11.3578	     13.2805	     13.4393	     14.9624	     12.8834	     12.0656	     11.1057	     11.2664	     11.2205	      6.0113	      9.0906	      5.6034	      7.1060	      7.8500	      4.2708	      6.6360	      4.3551	      2.7868	      2.3313	      1.4735	     14.1058	     13.5369	     46.2077	    927.0864	   3076.3527	   4731.3292	   4902.4340	   5304.7123	   4831.4717	   3807.9270	   3308.2842	   2427.7616	   1861.0814	   1297.5923	    733.0641	    645.8553	    324.8151	    174.2526	     -1.4954	    156.2592	     47.1305	     76.5824	     32.0750	     14.9857	    -18.4602	    -17.1399	    -44.2777	     43.3287	    264.8440	   2738.2985	   6880.9419	  10954.3618	  12353.4206	  11089.4638	   9680.9343	   7557.8108	   5572.2556	   4106.6435	   2344.8472	   1923.8732	   1431.0701	    430.3279	    557.9819	    423.0271	    215.8569	    189.4171	    184.4926	    148.8254	    104.6265	     71.3253	     -8.9641	     31.5978	     89.9798	    741.2210	    513.7113	    348.3812	    232.6813	    104.6367	     35.3655	     23.5139	     19.2089	     19.0706	    -10.1451	     32.9136	   1118.1546	    938.8805	    507.0313	    303.9994	    173.7766	    100.3644	     25.4858	     22.4867	     39.7775	     35.9837	     65.5505	   1636.1230	    698.8191	    467.8564	    290.0968	    244.9051	    131.2924	     40.4381	     45.2034	     35.4655	     24.3271	    103.0674
      0.0597	      9.3247	     20.7639	     25.6951	     23.4951	     32.8656	     32.3301	     30.2163	     24.1576	     22.6853	     25.7675	     19.4989	     14.8585	     15.6367	     14.4965	     12.8163	     10.7340	     11.3253	      9.8622	      7.5362	      6.3221	      5.5780	      4.5320	      4.8363	      2.8631	     17.2642	     -0.0005	      0.5146	      6.4399	      4.6304	      8.3132	      9.8491	     10.0598	     10.6418	     11.3724	     11.9727	     11.1920	     10.3350	      9.9974	     10.2339	      7.3630	      6.7757	      6.2298	      6.6770	      6.3742	      4.6533	      5.6160	      3.5115	      3.6935	      3.3875	      1.3842	     14.0885	      4.7127	     21.3422	    752.8243	   2292.6414	   3465.4480	   3849.9908	   4093.5007	   3843.7736	   3184.0098	   2767.2214	   1971.5410	   1593.8705	   1020.5947	    548.2067	    562.5435	    268.0558	    202.3056	     99.8050	    150.3847	     50.3790	     49.3706	     30.0810	    -14.9685	      0.3707	      0.0528	      3.3173	     16.6738	    200.7161	   2172.5783	   5256.8708	   8199.3146	   9077.9118	   8937.7641	   7639.4267	   6444.8504	   4859.9805	   3833.1370	   2215.9721	   1851.4114	   1434.7519	    697.2023	    680.9013	    442.0981	    303.4396	    245.2152	    198.1180	    164.6026	    123.4220	     79.0813	     -0.3151	     -5.4605	    160.8208	    717.7048	    552.9150	    314.1187	    181.6693	     71.4828	     20.7199	     45.0239	     13.9652	     28.4403	      1.9176	     40.5497	   1190.7252	   1019.9411	    575.9070	    330.4400	    170.4264	    102.5026	     66.8107	     20.7630	     25.9688	     24.0144	     79.6461	   1266.5748	    703.6109	    482.9134	    296.2217	    186.1719	    110.9577	     64.2532	     55.7736	     14.0704	      6.8210	    108.3424
      0.0427	     14.9103	     20.5991	     30.5254	     24.8859	     31.9217	     29.8251	     24.1576	     31.7450	     17.9336	     24.4557	     17.1063	     13.6764	      9.4876	     15.8174	      9.9799	      8.6476	      9.6878	      9.4516	      5.7243	      6.5924	      2.3871	      4.8012	      3.0112	      0.8620	      8.0748	     -0.0085	     -1.2032	      2.5043	      3.4452	      9.5993	     10.5633	      9.4086	      8.4061	      9.5806	     13.0574	     10.6664	      7.5813	      8.4452	      9.5865	      6.9782	      6.7405	      7.1911	      3.0302	      6.8705	      5.4522	      4.0974	      2.2224	      3.7700	      2.3233	      0.3721	      8.5973	      5.0488	     31.5472	    733.6725	   2348.7042	   3210.0189	   3873.8497	   3631.3728	   3651.6673	   3128.5439	   2844.5544	   1873.8229	   1461.3580	    934.1006	    223.9499	    593.1675	    148.5386	    244.6990	    110.2380	    194.5934	     31.2136	     45.5525	      6.0416	    -46.6430	     -8.3192	     -5.3133	     27.7505	      0.7154	    238.1008	   2198.4455	   4866.7321	   8075.3347	   8333.1694	   8917.8795	   7166.8832	   5976.1931	   4497.1598	   3827.5207	   1775.4292	   1736.0943	   1552.9007	    676.1714	    773.6641	    347.1974	    256.0427	    276.3054	    244.3136	    169.3486	    177.2060	     46.5254	    -77.8399	    -21.2393	     -2.8905	    708.3915	    608.5167	    259.5283	    201.6868	     37.9020	    -43.2843	     63.6658	     -3.1011	     58.9541	      5.6670	     65.6310	   1184.9028	   1114.2115	    587.5189	    357.3392	    157.6232	    119.1886	     83.1985	     14.1711	     35.4880	     -2.0412	     89.4517	   1385.8231	    819.8911	    566.4218	    377.5069	    211.4195	    136.3326	     88.4326	    101.4425	     20.5288	     -3.8290	    125.7041
     -0.0017	     -0.6645	     11.6216	     12.6493	     17.6732	     26.4542	     32.6860	     22.6853	     17.9336	     29.4650	     21.9558	     19.7319	     16.1557	     19.3957	     12.5584	     15.0882	     13.8116	     11.8299	      8.5964	      9.1749	      4.9648	      8.8764	      5.1132	      6.3743	      5.2909	     28.0277	      0.0109	      2.5175	      8.3049	      5.3369	      5.5734	      6.7877	      9.4662	     12.5276	     13.2011	      9.3978	      9.4870	     11.3865	     11.0169	      9.1742	      6.2174	      8.1737	      5.4860	      9.5739	      6.4711	      4.3365	      7.1700	      5.1726	      3.2183	      2.7510	      4.0277	     23.3916	      4.7648	     13.3328	    530.5297	   1857.8018	   3155.9083	   3319.5260	   4092.3901	   3688.4214	   2937.9560	   2405.1396	   1943.0742	   1602.7963	   1155.9667	    873.0179	    521.2688	    459.5854	    128.8875	     71.4675	     67.9249	     77.7247	     54.8156	     37.9150	     53.1808	      8.6456	     -2.9500	    -22.7914	     33.0512	    126.1478	   1752.3427	   4679.8896	   7414.7218	   9088.2659	   8061.7136	   7669.4180	   6314.1837	   4884.5904	   3468.1875	   2755.9959	   1875.9076	   1313.2243	    687.2671	    488.4289	    544.3244	    312.5691	    214.0214	    171.8843	    135.9204	     44.8851	    117.1103	    108.6338	     80.4636	    347.3796	    732.9750	    548.2994	    423.5898	    219.0448	    146.7720	    110.6604	      7.9521	     34.5313	     -8.5015	     -1.6842	     20.9411	   1223.8439	    971.2586	    636.2579	    337.2412	    183.1651	     82.6271	     43.9951	     39.1033	     31.0264	     64.5750	     86.0621	   1369.9131	    665.6330	    432.2620	    215.0137	    184.3286	     66.6659	     21.9168	      1.4885	     30.1770	     36.9772	     86.6906
      0.0679	      8.4343	     15.0438	     22.8403	     20.4070	     29.3529	     30.4623	     25.7675	     24.4557	     21.9558	     31.7557	     19.3300	     13.7735	     15.3388	     15.1755	     13.2535	     10.7649	     11.8015	     10.6592	      7.8126	      6.0291	      5.1571	      4.2069	      5.0166	      2.5979	     15.7315	     -0.0025	      0.3064	      5.3076	      3.8620	      8.0636	     10.2158	      9.9116	     10.6263	     11.3950	     13.0209	     11.9822	     10.0244	     10.3461	     11.1763	      7.1855	      7.0390	      6.4806	      6.1816	      6.8296	      4.8442	      5.8713	      3.1566	      3.8512	      3.6186	      1.0037	     12.5558	      4.7299	     16.9715	    618.4961	   2038.5276	   3145.2066	   3591.7863	   3889.3482	   3704.6103	   3073.5773	   2804.7045	   1970.4484	   1645.2893	   1033.4736	    476.7868	    655.3979	    226.0395	    212.6525	    106.2766	    156.4609	     29.2723	     41.9408	     21.8181	    -29.4183	      0.3070	      0.3450	     -6.8939	     11.4321	    217.9528	   2024.5735	   4953.9055	   8080.7776	   8740.3936	   8957.7820	   7703.9035	   6628.3615	   4933.5764	   4023.1355	   2141.2173	   1857.3429	   1503.0939	    669.4858	    696.9699	    444.9570	    285.1406	    247.2488	    190.2798	    175.1253	    120.8696	     61.7866	    -12.4185	    -20.2128	    132.5813	    754.6279	    599.1220	    325.7509	    192.5372	     66.1590	      5.4714	     52.7551	     12.7822	     35.7111	      2.3151	     49.4905	   1278.2202	   1109.8807	    633.0993	    340.2839	    171.9934	    102.2626	     78.2492	     17.3724	     25.7607	     22.3277	     84.4176	   1257.7501	    686.4930	    478.4178	    312.5909	    183.3346	    108.1281	     55.5571	     65.0030	     17.5147	      2.8344	    115.4279
      0.0223	      3.9348	     10.8174	     13.1077	     15.7657	     23.9244	     25.2233	     19.4989	     17.1063	     19.7319	     19.3300	     19.9821	     14.3601	     15.8260	     12.0984	     12.3150	     10.2829	     10.0912	      7.2617	      6.7682	      5.4887	      6.0870	      3.9265	      5.1111	      3.5282	     18.6626	      0.0053	      1.2610	      4.9857	      4.2927	      5.5292	      7.1198	      7.5572	      9.9622	     10.4835	      9.1295	      8.4322	      9.6157	      8.8696	      8.8964	      6.1969	      6.2646	      4.9580	      6.7797	      5.1885	      4.2271	      5.6186	      4.0000	      3.3906	      2.3462	      2.3742	     14.7726	      2.4867	     14.1603	    507.1853	   1694.8353	   2700.2188	   2931.4994	   3298.2329	   3180.0802	   2615.2779	   2145.6612	   1594.8180	   1331.5653	    886.3601	    570.5560	    437.5849	    343.6417	    137.3064	     66.9562	     88.7592	     41.9768	     37.4568	     24.8884	     23.3068	      7.9845	      1.2910	     12.5713	     22.1130	    133.2688	   1669.5430	   4018.9535	   6443.1786	   7474.3253	   7135.1651	   6365.9353	   5229.6051	   3971.8264	   3013.5469	   2091.7462	   1579.0291	   1117.1348	    581.6869	    514.4740	    438.3696	    248.2518	    185.2434	    147.4321	    125.5621	     84.2798	     71.1521	     61.9667	     40.2859	    165.4841	    646.8660	    479.2491	    322.8097	    186.7269	     96.0150	     54.7416	     21.2082	     22.5919	     12.0769	     -0.3232	     26.6692	   1090.2626	    838.4549	    535.7924	    291.1630	    162.0822	     75.4803	     43.1171	     23.6668	     27.4466	     39.2303	     71.7951	   1158.3949	    608.2313	    441.0986	    213.9309	    166.1647	     87.8455	     43.9842	     25.3381	     17.1694	     17.2525	     81.1938
     -0.0475	     -3.1894	      2.0451	      4.2663	     10.1218	     17.5331	     18.3198	     14.8585	     13.6764	     16.1557	     13.7735	     14.3601	     21.6813	     15.2656	     13.2325	     10.9502	     10.5032	      9.8946	      7.1579	      7.3105	      7.1260	      7.4910	      4.7377	      5.1013	      5.2586	     28.6691	      0.0069	      0.7754	      6.1278	      3.8890	      4.4956	      4.3769	      6.4184	     10.2104	      9.7810	      7.2623	      6.8280	     12.3971	      8.6849	      6.7525	      7.9742	      7.5904	      5.7891	      8.4070	      4.9233	      4.6294	      5.2679	      5.5791	      4.6808	      3.4189	      4.9073	     27.5421	     -1.8601	      0.0242	    262.0569	   1140.1757	   2196.9815	   2385.7987	   3026.9579	   2945.4144	   2607.9057	   1866.1249	   1709.2558	   1281.0061	   1038.2197	    786.2483	    304.4204	    544.5983	    177.1535	    126.4051	    120.7451	    116.3546	     30.2550	     33.7581	     38.1178	     33.3328	     11.2040	     68.1996	     12.2129	     45.4985	   1220.8406	   3520.9283	   5189.2058	   6812.1408	   6409.1490	   6080.5705	   5046.8034	   4141.6794	   3073.2305	   2695.5046	   1833.6152	   1312.3616	    994.0754	    600.3512	    561.4461	    399.9378	    286.3830	    178.2034	    130.9056	    136.2727	    117.1323	    158.4141	    106.1113	    394.4571	    559.0116	    418.6330	    350.7636	    153.7501	    115.1968	     97.3434	      4.9991	     38.4532	      2.6906	     10.2226	     25.8086	   1185.0820	    774.9058	    556.7102	    327.8564	    154.2451	     91.5156	     46.5686	     47.3900	     21.8023	     35.6227	     57.7581	    946.3232	    659.5973	    385.4846	    200.2858	    127.4295	     72.9261	     60.1423	      2.0413	     19.7631	     31.2810	     64.2513
      0.0068	     -5.6314	      3.2114	     -0.9722	      6.4585	     18.3863	     19.0213	     15.6367	      9.4876	     19.3957	     15.3388	     15.8260	     15.2656	     22.9819	     10.3024	     13.5239	     11.3280	     11.4248	      7.6831	      8.3420	      5.9554	      9.4676	      4.5221	      6.6263	      5.9262	     33.1861	      0.0122	      2.5972	      7.8165	      4.3075	      2.7366	      3.7401	      6.0492	     11.1023	     10.2442	      6.5214	      7.5386	     12.8163	      9.6373	      7.8021	      7.2726	      6.4767	      5.1817	     10.4145	      4.5082	      4.0675	      6.5791	      5.5794	      3.9647	      3.6327	      4.9450	     26.0645	     -2.9593	     -5.9831	    279.4543	   1024.5636	   2101.0789	   2082.0016	   2969.3704	   2709.4355	   2294.2207	   1715.8799	   1554.2520	   1359.9272	   1007.2645	    975.7800	    350.3634	    581.3316	    122.6420	    102.7611	     55.3036	    101.0030	     45.6035	     41.9891	     61.0856	     30.5104	     14.4502	     19.2473	     20.3293	     11.7200	   1154.6725	   3225.9066	   4831.8519	   6618.5599	   5978.5401	   5902.4514	   5058.8824	   4148.1132	   2970.0507	   2850.4748	   1817.6236	   1131.0958	    871.8569	    517.9015	    632.3972	    425.4648	    233.1230	    135.2760	    141.6090	     61.5725	    120.4925	    193.5909	     88.8894	    472.6883	    615.8383	    440.7720	    414.5166	    145.4274	    142.9741	    145.0348	      2.6363	     49.0909	    -24.2180	      7.3796	      6.5837	   1215.6325	    818.8909	    616.2470	    310.1932	    182.5598	     70.7474	     46.1288	     38.2569	     13.0852	     56.3534	     69.7201	    940.0608	    579.9769	    373.9040	    150.0220	    119.1521	     46.1749	     30.9968	    -30.7858	     13.0845	     32.3525	     66.1749
      0.0056	      3.0040	      4.0084	      9.9683	     10.9449	     17.8325	     15.4510	     14.4965	     15.8174	     12.5584	     15.1755	     12.0984	     13.2325	     10.3024	     14.9734	      8.1742	      7.4856	      8.5260	      7.6321	      5.4194	      6.1607	      4.4297	      4.2502	      3.6765	      2.6657	     18.0019	     -0.0023	     -0.4049	      2.5074	      2.3292	      5.2308	      5.1556	      5.6291	      7.4524	      7.1542	      8.2818	      6.9465	      8.4764	      7.2988	      6.6797	      6.6348	      5.6231	      5.8144	      4.9858	      5.0038	      4.4678	      3.9715	      3.5233	      3.8776	      2.8753	      2.5573	     17.3708	     -1.0265	      6.6856	    279.8934	   1130.1570	   1817.2494	   2202.9861	   2387.2648	   2407.1919	   2224.9176	   1844.6386	   1472.9107	   1167.7822	    832.8156	    459.1829	    394.7991	    330.5488	    191.5889	    110.6715	    139.2986	     70.7355	     30.1201	     18.8519	     -6.1692	     15.6459	      5.8564	     49.0599	      0.1562	     80.1558	   1188.2433	   2944.6357	   4739.2681	   5523.3896	   5912.9129	   5159.8829	   4400.3927	   3578.2557	   2873.7833	   1966.9785	   1516.4021	   1260.3684	    783.5380	    615.2313	    427.3837	    310.4625	    264.0824	    200.7299	    131.9712	    133.9350	     74.4698	     52.4543	     38.3964	    222.7815	    520.5718	    428.0356	    256.9029	    138.9514	     62.5774	     29.9915	     32.4092	     16.2343	     26.2865	      9.2629	     35.1615	   1027.7149	    811.4115	    509.3203	    296.5803	    129.3294	     88.6319	     64.9294	     28.0891	     22.1704	     14.8537	     64.5936	    851.1762	    587.5813	    375.8651	    232.0845	    124.3335	     77.8881	     60.3312	     44.2041	     16.3607	      9.1490	     81.1846
      0.0180	     -1.2223	      5.1894	      3.5269	      7.0063	     14.4752	     16.6176	     12.8163	      9.9799	     15.0882	     13.2535	     12.3150	     10.9502	     13.5239	      8.1742	     12.4708	      8.4466	      8.2967	      5.7826	      6.2579	      4.1011	      5.7266	      3.7730	      4.5259	      3.8244	     20.8885	      0.0061	      1.8273	      5.0474	      3.2513	      2.5399	      4.1420	      5.0404	      7.6857	      7.8154	      6.0623	      6.7771	      8.1140	      7.1018	      6.4883	      4.7510	      5.5574	      4.0560	      6.8673	      4.3222	      3.5333	      4.9482	      3.6106	      2.6834	      2.0264	      3.0093	     17.0667	      0.2570	      3.9360	    255.7208	    934.1336	   1655.8845	   1743.5941	   2286.7423	   2180.4548	   1811.0054	   1492.3661	   1237.5621	   1091.1789	    819.0074	    619.3846	    376.5231	    382.7196	    127.0267	     82.5296	     66.3392	     66.0162	     41.6263	     20.2679	     42.5597	     16.7899	      7.5248	     16.5495	     12.2436	     57.8655	    971.7219	   2463.6270	   4028.0705	   5061.1929	   4795.9510	   4675.4028	   3917.3018	   3190.5394	   2462.7526	   2003.0128	   1454.9846	    997.0060	    656.4595	    497.9463	    464.8017	    296.4266	    192.0411	    139.1114	    130.0878	     76.8464	     85.6408	    107.8990	     65.2504	    279.0557	    481.3674	    367.7721	    299.6342	    140.0617	    102.9952	     79.8004	     13.5257	     29.1472	     -5.9373	      3.9424	     22.6605	    915.9118	    681.8063	    480.0716	    252.4630	    149.5438	     62.3730	     43.1590	     23.7494	     19.7457	     34.0766	     71.7202	    784.8785	    453.5668	    304.2046	    142.3165	    111.7011	     49.4514	     20.7418	     -5.3000	     14.4168	     16.5016	     54.9430
     -0.0170	     -3.6678	      2.9195	      2.9985	      6.3834	     10.5850	     14.5538	     10.7340	      8.6476	     13.8116	     10.7649	     10.2829	     10.5032	     11.3280	      7.4856	      8.4466	     11.1257	      6.7944	      5.5103	      6.1298	      3.7727	      5.7672	      4.0427	      3.9688	      3.8314	     22.4361	      0.0057	      1.3806	      4.8560	      2.7651	      2.7772	      2.6817	      4.6806	      7.4785	      7.4470	      5.0034	      5.3601	      7.5105	      6.4045	      5.0913	      4.1365	      5.9131	      4.0001	      6.5328	      4.4366	      3.1672	      4.4477	      3.5603	      2.5039	      1.9430	      3.8052	     20.5797	      0.4872	      1.7955	    160.1257	    732.7506	   1360.5251	   1495.8385	   2051.7030	   1874.5472	   1561.6591	   1252.9486	   1118.0791	    933.0620	    791.0138	    600.1671	    298.4120	    361.6967	    112.5560	     90.5348	     49.3600	     83.7502	     38.7418	     23.9791	     43.1544	     16.1134	      3.6647	     11.6520	      9.1101	     35.8273	    765.5234	   2172.4006	   3456.1580	   4576.7079	   4074.8117	   4131.1080	   3498.4541	   2923.6491	   2151.0582	   1928.3200	   1289.3176	    965.5460	    655.1777	    391.0238	    412.7737	    285.9362	    201.0889	    143.9840	    107.5576	     55.0601	    105.5258	    103.3508	     83.6162	    345.9037	    387.4484	    318.7004	    266.7565	    133.7971	    104.6699	     82.4640	      1.4139	     26.2078	     -9.7090	      7.0052	     23.7503	    801.5520	    609.3071	    435.7899	    245.3555	    119.6972	     64.9660	     42.6271	     33.9133	     18.5195	     37.9275	     65.8163	    697.0958	    405.2634	    234.9853	    130.9613	    101.0293	     25.4267	     16.4899	     -8.1034	     19.7961	     28.4725	     54.2254
      0.0228	      0.0410	      3.2021	      3.3990	      5.7791	     13.5299	     12.3199	     11.3253	      9.6878	     11.8299	     11.8015	     10.0912	      9.8946	     11.4248	      8.5260	      8.2967	      6.7944	      9.7892	      5.8804	      5.2382	      4.7089	      4.9763	      3.5057	      3.9712	      2.9653	     18.9516	      0.0025	      0.7862	      3.5199	      2.2932	      2.7454	      3.6234	      4.3724	      6.6975	      6.2787	      5.8543	      5.9644	      7.5951	      6.4728	      5.6991	      5.2987	      4.6074	      4.4305	      5.9172	      3.7868	      3.4742	      4.0634	      3.3149	      2.9394	      2.4679	      2.6086	     16.0256	     -1.8410	      0.6189	    202.7335	    772.5592	   1340.9085	   1507.2699	   1882.1688	   1849.3088	   1645.9391	   1368.7373	   1127.0135	    977.5155	    718.5948	    522.1425	    320.2295	    340.1372	    134.3268	     90.8215	     79.2624	     64.0022	     31.4785	     23.3661	     18.2680	     17.1873	     10.3469	     26.8096	      3.6520	     39.4043	    863.5321	   2151.8291	   3476.7871	   4347.2656	   4423.1860	   4102.4884	   3554.5102	   2949.6880	   2345.2556	   1829.8950	   1345.7963	    973.3585	    666.6847	    490.1107	    421.5055	    299.9608	    206.4101	    139.1762	    125.4626	     85.7751	     78.3751	     83.4059	     41.0344	    261.2248	    453.5656	    361.7562	    267.6221	    120.4165	     79.4798	     60.3809	     21.0615	     23.5188	      3.2365	      7.8088	     25.1385	    904.7422	    687.7037	    471.4723	    246.7229	    131.6747	     68.3631	     55.1168	     23.9170	     15.0047	     23.6614	     65.5078	    646.3150	    430.5716	    284.8732	    145.7779	     92.0101	     45.6690	     33.4449	      7.7334	      9.2723	     11.9564	     58.8647
      0.0365	      0.2591	      2.3219	      7.0738	      5.6074	     10.4228	      9.1393	      9.8622	      9.4516	      8.5964	     10.6592	      7.2617	      7.1579	      7.6831	      7.6321	      5.7826	      5.5103	      5.8804	      8.2764	      4.3896	      4.1864	      3.4557	      3.5433	      2.7910	      1.8769	     16.8843	     -0.0041	     -0.1297	      2.5239	      1.0325	      3.5466	      2.7108	      3.6202	      4.9373	      4.8107	      5.4823	      5.4561	      5.8507	      5.3888	      4.7550	      4.4742	      3.8336	      4.2343	      4.2941	      4.0909	      2.8437	      2.9932	      2.3071	      2.5894	      2.9613	      2.0570	     15.5205	     -1.8537	     -1.2731	    127.2318	    525.6253	    879.4711	   1135.6006	   1391.2686	   1294.3655	   1249.1982	   1172.2588	   1014.6560	    838.1427	    637.9723	    407.7803	    334.1070	    249.8854	    160.2334	    103.9376	     99.5619	     77.0556	     28.7827	     23.1574	     -9.1874	     12.4707	      8.5407	     21.4220	     -6.7887	     20.3295	    543.4508	   1559.8356	   2514.6422	   3047.3862	   3387.8340	   3136.3125	   2897.8882	   2544.3059	   2100.1868	   1474.1765	   1165.9521	    994.6705	    680.5632	    500.2489	    367.8189	    299.8109	    240.0110	    183.7901	    122.9480	     85.5908	     86.0216	     48.1981	     17.6852	    288.0143	    347.1300	    321.5083	    187.5941	     80.7112	     40.3834	     29.3977	     26.4138	     13.0538	      9.5086	     10.1085	     25.2885	    738.3407	    646.5283	    396.8135	    216.0091	     85.1730	     65.4502	     67.2057	     23.3481	     11.3660	     10.3265	     55.0116	    453.9878	    383.0215	    198.2909	    158.2007	     65.6893	     28.2162	     31.2373	     26.2493	      9.9025	      3.5127	     62.0778
      0.0027	     -3.3476	      1.7129	      1.7836	      3.3618	      6.8388	      8.9062	      7.5362	      5.7243	      9.1749	      7.8126	      6.7682	      7.3105	      8.3420	      5.4194	      6.2579	      6.1298	      5.2382	      4.3896	      6.3882	      2.9292	      4.1149	      2.9777	      2.8709	      2.9267	     17.6857	      0.0032	      1.0752	      4.0184	      1.7764	      1.6426	      1.8541	      3.2208	      5.0532	      4.9579	      3.7356	      4.4872	      5.8587	      4.9598	      3.6654	      3.4156	      4.1714	      3.0575	      5.1705	      3.3636	      2.2589	      3.1750	      2.5404	      2.0156	      1.9703	      2.7286	     16.1805	     -0.5556	     -3.9721	     94.3551	    413.2799	    866.1595	    933.0307	   1411.9204	   1254.2003	   1073.0985	    871.6023	    842.3037	    700.0521	    596.1394	    477.9266	    239.7885	    277.9089	    101.1981	     85.5574	     51.8176	     74.4285	     28.3053	     17.8906	     27.5262	     16.6964	      7.1961	     13.6036	      2.9118	     16.1472	    466.7874	   1469.2131	   2182.9279	   2973.3086	   2716.1086	   2874.0238	   2527.2438	   2179.8345	   1657.2129	   1480.2884	   1033.4840	    757.1368	    571.9203	    352.0254	    339.3679	    253.9746	    171.9609	    115.5229	     94.8090	     53.0161	     84.4796	     89.8162	     57.6560	    294.8806	    271.0634	    229.2484	    197.4549	     77.1073	     70.7549	     63.8976	      5.4366	     21.5246	     -8.8067	      6.9612	     17.7504	    602.4974	    453.0628	    326.6196	    177.4204	     89.6633	     49.3197	     37.5765	     23.9549	     10.1998	     21.7551	     47.6091	    456.2826	    328.6483	    175.0137	    110.4961	     67.8313	     21.5825	     15.8737	     -7.6437	     12.2863	     15.9690	     39.4482
      0.0227	      1.2364	      1.1568	      3.0218	      3.3427	      8.3419	      4.7581	      6.3221	      6.5924	      4.9648	      6.0291	      5.4887	      7.1260	      5.9554	      6.1607	      4.1011	      3.7727	      4.7089	      4.1864	      2.9292	      6.6982	      2.5139	      2.5433	      2.2570	      1.3165	     12.5105	     -0.0022	     -0.4585	      1.2056	      1.1699	      2.2287	      2.1334	      2.3698	      3.6208	      3.2780	      3.8397	      3.7182	      4.6812	      4.1707	      3.2539	      4.0702	      2.7808	      3.5023	      3.5201	      2.6807	      2.5347	      2.2068	      2.1506	      2.5899	      2.1159	      1.8110	     11.5313	     -4.0168	     -1.6147	    106.8082	    457.4507	    649.7359	    854.9995	    935.6206	   1041.9865	   1027.0991	    828.8552	    698.4499	    561.2537	    468.5277	    280.8167	    169.8725	    241.1580	    120.9515	     84.8178	     72.1117	     57.2202	     12.6224	     21.8239	     -1.3926	     16.8952	     12.4433	     45.7247	     -6.5603	     10.5523	    534.7081	   1241.7865	   1908.2677	   2355.8364	   2648.3782	   2280.1114	   1997.3233	   1798.2415	   1540.9208	   1162.3144	    921.4483	    707.0051	    561.5393	    394.0678	    285.2336	    233.6789	    179.9070	    117.4395	     97.8342	     87.0333	     64.3399	     45.6585	     20.0228	    177.8900	    267.5529	    226.2247	    144.1742	     75.0991	     38.1011	     22.6571	     17.2371	     14.5061	      9.7320	      9.8742	     27.7826	    588.5704	    434.9253	    293.9797	    154.1227	     70.6402	     52.2943	     52.1910	     19.0487	      8.8090	      5.9932	     43.9807	    411.2091	    368.6976	    239.7256	    133.7908	     66.5178	     38.3103	     44.8820	     17.2247	      2.4665	      6.1030	     48.4307
     -0.0289	     -6.0287	     -1.6988	     -3.6010	      1.7618	      5.6200	      6.9652	      5.5780	      2.3871	      8.8764	      5.1571	      6.0870	      7.4910	      9.4676	      4.4297	      5.7266	      5.7672	      4.9763	      3.4557	      4.1149	      2.5139	      6.6324	      2.2009	      3.1749	      3.3640	     19.2439	      0.0079	      1.1819	      3.9473	      1.8039	      0.8550	      0.1371	      2.4908	      5.3941	      4.5349	      1.9880	      2.2231	      6.3746	      4.5333	      2.5779	      3.5213	      3.2306	      2.2984	      5.4594	      2.0027	      1.5821	      3.1453	      3.1833	      1.9700	      2.0664	      3.3885	     16.7413	     -1.9707	     -7.8455	     44.8611	    261.1092	    790.3987	    742.2660	   1284.1589	   1045.5628	    919.9657	    580.0727	    658.2460	    557.5192	    436.4751	    524.0354	     90.0581	    306.3789	     28.2475	     48.6982	      4.0673	     63.3395	     16.5130	     24.8657	     35.8107	     18.2708	      4.4464	      1.7040	     12.1318	    -34.2199	    330.5750	   1268.4114	   1715.9001	   2814.0367	   2271.8355	   2447.7839	   2168.5370	   1813.2973	   1110.0442	   1429.1811	    724.8008	    465.1835	    411.6510	    127.4073	    290.9959	    200.1320	    102.3162	     59.0313	     38.0615	     -4.3659	     69.9891	    116.8529	     60.9274	    312.2017	    226.7568	    146.3649	    184.8805	     50.7727	     76.8406	     93.9843	    -10.8415	     26.1906	    -19.9748	      4.3379	     -8.9252	    487.8340	    296.2708	    256.1545	    139.9341	     66.9427	     29.3878	     15.5869	     28.0616	      2.8694	     38.2979	     24.3374	    380.0484	    224.9040	    127.4968	     48.8987	     42.5174	      2.7612	      9.2522	    -24.5046	     10.5163	     26.9229	     27.4032
