      0.0520	      0.1091	      0.1524	      0.1307	      0.0410	      0.0893	      0.0052	      0.0580	      0.0447	     -0.0024	      0.0679	      0.0216	     -0.0463	      0.0069	      0.0056	      0.0181	     -0.0172	      0.0228	      0.0365	      0.0027	      0.0226	     -0.0289	      0.0102	      0.0072	     -0.0278	     -0.0425	     -0.0001	     -0.0001	     -0.0012	      0.0032	      0.0108	      0.0429	      0.0023	     -0.0185	     -0.0106	      0.0303	      0.0550	     -0.0302	      0.0105	      0.0339	     -0.0042	     -0.0215	      0.0101	      0.0030	      0.0139	      0.0106	      0.0085	     -0.0209	     -0.0017	      0.0092	     -0.0310	     -0.0816	     -0.0336	      0.0942	      3.6457	      6.2048	      0.5358	      2.5312	     -1.4490	      1.2864	      1.4592	      6.8177	      2.8710	      4.8401	      3.0806	     -0.6201	      4.1350	     -0.2202	      1.6716	      0.7618	      0.8176	     -0.0061	      0.2000	      0.1873	     -0.3305	     -0.0183	      0.2214	      0.2655	     -0.2386	      1.0670	      7.8399	      3.9785	      7.1469	     -6.0168	      5.0452	      0.1299	      1.3829	      4.3650	     11.0176	     -1.4659	      6.4373	      5.0295	      3.1068	      5.8479	      1.8049	      1.3602	      1.2355	      1.3312	      1.6788	      0.9448	      0.3302	     -0.8697	     -0.9410	     -0.8220	      1.5064	      1.7966	     -0.1680	      0.2767	     -0.5197	     -0.8071	      0.5972	     -0.1539	      0.1973	      0.0300	      0.4255	      1.5016	      3.1750	      1.1136	     -0.0764	      0.2936	      0.0600	      0.7593	     -0.3023	      0.0329	     -0.3411	      0.6765	     -1.5158	      0.6296	      0.9061	      0.4234	      0.0600	      0.1692	      0.0379	      0.3410	     -0.2687	     -0.5531	      0.2675
      0.1091	     24.5258	     24.4763	     24.8772	     15.3670	     15.1179	      7.6764	      7.7213	     12.3742	     -0.3565	      7.0283	      3.2579	     -2.3487	     -4.2573	      2.4833	     -0.8099	     -2.8674	      0.1757	      0.2976	     -2.6063	      1.0403	     -4.7368	     -0.6680	     -1.1252	     -4.1366	    -20.8468	     -0.0103	     -1.3727	     -2.5597	      0.8889	      4.4470	      6.3743	      1.9330	     -1.8239	     -0.3781	      4.4369	      2.6613	     -4.3834	     -0.6065	      2.9462	      0.0887	     -1.0586	      0.9113	     -4.9531	      0.1069	      1.4127	     -1.0775	     -2.2921	     -0.1867	     -1.5345	     -3.9562	    -20.1789	      3.1005	     36.6640	    753.5509	   1628.8367	   1364.3144	   1655.5212	    605.7104	    948.0798	    663.9006	    853.8148	     -7.6663	     19.5585	   -232.4357	   -589.5698	    169.1642	   -303.5083	     45.6115	    -26.7166	     48.9989	   -103.6144	     -7.3185	    -17.8820	    -66.5493	    -26.9943	     -4.7819	      7.0538	     -5.0971	    203.5731	   1370.5096	   1546.6033	   2654.3786	   1057.2912	   1942.1989	    363.3234	     33.8642	   -417.8774	    239.9384	  -1056.9630	   -199.0679	    -40.1525	   -325.6891	    150.5172	   -170.6429	   -163.9223	    -31.9382	      8.1072	     52.7665	     65.9979	    -85.3205	   -191.5454	   -109.7126	   -483.4780	    310.9560	    282.8262	     -4.0978	    102.1162	    -55.5645	   -131.1250	     51.9464	    -23.5516	     54.7098	     -4.9319	     45.8860	    246.2731	    379.1644	    115.7291	     36.2609	     31.8732	     23.5385	     27.2372	    -29.8328	     18.2341	    -28.3083	     33.7126	    498.9037	    204.7382	    262.4988	    120.3216	     65.3906	     75.1732	     41.3686	     86.1359	     -6.6299	    -29.0982	     45.8625
      0.1524	     24.4763	     63.4202	     43.0434	     30.3928	     26.4179	     22.1059	     16.8587	     17.5468	      9.2593	     12.5663	      8.8412	      1.7257	      2.2093	      3.4655	      4.1159	      2.1981	      2.5540	      1.8731	      1.2134	      0.9825	     -1.6824	      1.6364	      0.2688	     -1.4473	     -9.9423	     -0.0004	      0.6727	      4.1623	      4.8982	      7.1284	      9.0530	      5.7657	      2.5630	      3.8539	      6.0579	      6.1039	     -0.7058	      1.7951	      4.6290	      0.8626	      2.3270	      2.0513	     -1.3106	      1.4529	      2.2550	      1.2869	     -1.4668	      0.2263	     -1.3419	     -1.6228	    -10.8197	      7.0395	     55.0599	   1559.8879	   3165.1336	   3452.7667	   3491.8514	   2748.3148	   2543.5342	   1670.5384	   1541.6083	    415.2739	    431.1245	     70.6846	   -269.3240	    262.2438	   -187.0787	     46.6893	     40.0291	     35.3363	    -56.6857	     31.6357	    -19.5395	    -23.0467	    -22.4334	     -8.4832	    -11.5074	      6.1385	    325.4547	   2827.6473	   4319.5286	   5679.0632	   4164.5441	   3785.9887	   2059.1987	   1385.8723	    465.4725	    742.5616	   -376.6616	    203.4525	    180.1030	   -126.1621	    214.6814	      1.9878	    -25.0915	     -5.0953	     42.6293	    103.9053	     56.5609	    -36.2534	   -134.7610	    -57.7285	   -286.9972	    396.8527	    311.9383	     85.1269	    116.3155	      2.2175	    -72.5472	     45.0017	     -9.1622	     26.9538	     -2.5004	     41.8602	    332.7205	    450.2387	    185.8347	    100.7045	     79.6839	     32.5699	     16.4295	    -27.5315	     14.2882	     -8.2000	     59.0247	    932.6278	    350.2312	    361.6433	    163.5590	    120.6158	     84.4188	     36.4819	     58.3460	     -1.9514	     -9.8408	     63.0195
      0.1307	     24.8772	     43.0434	     56.0730	     33.1712	     30.3177	     27.0914	     21.8775	     26.5814	     10.9398	     19.8704	     11.5423	      4.0152	     -0.5412	      8.6289	      3.2583	      2.6047	      3.0322	      5.8926	      1.5014	      2.5908	     -3.0458	      1.8924	     -0.4850	     -2.9759	    -13.8326	     -0.0132	     -1.2226	      2.5159	      3.0386	     10.8676	     10.7092	      7.8914	      2.4858	      5.4863	     10.1874	      7.7074	     -0.1336	      3.6921	      6.6487	      2.5541	      2.8837	      3.4077	     -3.1277	      4.2640	      2.5008	      0.6488	     -1.3263	      1.0848	      0.5791	     -3.3800	    -10.4026	      9.9335	     51.3389	   1321.7957	   3028.5319	   3455.3600	   3889.1074	   3009.2896	   2822.8831	   2150.0405	   2160.2515	   1030.4846	    719.3093	    239.9458	   -376.7417	    455.3991	   -285.3941	    149.4793	     50.2957	    143.7720	    -43.0950	     19.3804	    -11.6601	    -91.9844	    -35.4708	    -17.3891	    -18.5710	      2.4095	    344.6515	   2562.9767	   4715.5639	   6869.0347	   5373.1890	   5698.6864	   3634.0271	   2915.1007	   1676.6158	   1753.7387	   -304.1313	    500.1101	    684.1599	     -8.1425	    395.0886	    -37.7091	    -39.9838	    109.7661	    161.2175	    100.0416	    102.4486	    -25.0701	   -219.5475	   -108.5991	   -336.3286	    496.6152	    466.5268	     50.8751	    137.2225	    -51.3950	   -139.9882	     64.3981	    -31.8489	     68.0599	     -5.1285	     55.4128	    509.4565	    748.6886	    247.9030	    164.7813	     51.2621	     70.2994	     49.1601	    -14.4214	     29.7043	    -23.5495	     46.5587	   1174.6591	    606.1306	    439.7515	    324.7749	    166.5726	    120.9828	     74.0945	    133.1868	     13.5759	    -20.0385	    101.6249
      0.0410	     15.3670	     30.3928	     33.1712	     33.4532	     28.5697	     29.0242	     21.1919	     22.7168	     16.2032	     18.8340	     14.4814	      9.1223	      6.0574	      9.8368	      6.5481	      5.8173	      5.3275	      4.9647	      3.0547	      2.9299	      1.5913	      2.0627	      1.5847	      0.0571	     -2.2431	     -0.0005	     -0.1555	      3.3418	      3.9839	      8.7378	      8.6805	      8.2687	      6.4163	      7.5511	      8.8409	      6.3835	      3.9475	      5.4924	      6.5362	      3.7784	      3.9983	      3.2566	      0.7243	      3.7474	      2.4758	      2.6045	      1.1221	      1.7172	      0.8215	     -0.6400	     -1.6008	      8.9029	     40.8208	   1092.1934	   2738.7450	   3598.8637	   3892.5350	   3469.7167	   3159.5990	   2437.0046	   2047.3876	   1152.1849	    854.4395	    326.4535	     -5.3613	    307.4754	    -83.6924	     59.1392	      2.2842	     77.4508	    -34.5322	     17.7694	      3.2481	    -36.7809	    -25.0337	    -20.3411	    -26.9163	     27.0528	    265.7325	   2439.4337	   5062.4297	   7349.1614	   7122.3536	   6617.7230	   4924.9884	   3881.7777	   2389.4095	   1736.7596	    508.9660	    542.7348	    558.9494	    -44.0256	    169.9704	     27.9459	    -42.3580	     31.8956	     90.4190	     33.5036	     32.0970	    -13.3073	   -108.8113	    -42.7143	   -191.5040	    511.9908	    355.1772	    120.6120	    140.9558	     13.9317	    -40.1527	     33.2179	    -11.7502	     41.5612	     -9.0927	     17.3977	    566.0943	    574.8729	    245.1895	    183.1017	     77.8536	     57.1677	     11.2875	      2.9429	     26.1197	     19.0147	     36.5387	   1244.8863	    507.4891	    417.0382	    248.4062	    176.1269	    114.3930	     57.5398	     84.0289	     18.8468	      7.5097	     88.8360
      0.0893	     15.1179	     26.4179	     30.3177	     28.5697	     58.7746	     43.1178	     31.0992	     31.1477	     25.0208	     28.4257	     22.8977	     16.4043	     17.0876	     17.1086	     13.6835	      9.8218	     12.8511	      9.8507	      6.2488	      7.9048	      4.9474	      4.5794	      4.8501	      1.5378	     12.4229	     -0.0017	     -0.1263	      6.7863	      5.4226	     10.4810	     11.3991	     10.9014	     10.6469	     11.3665	     13.3768	     11.5589	      9.8365	     10.2141	     10.9732	      7.8205	      5.3936	      6.9332	      4.8482	      6.3430	      5.2512	      5.3183	      3.2868	      4.1033	      2.9771	      0.1270	      6.5846	      4.2859	     43.9708	   1071.4886	   3233.9270	   4434.1368	   4798.1806	   4557.7507	   4466.7619	   3757.8486	   3293.4843	   2145.1495	   1737.7939	   1048.7018	    460.9885	    572.5672	    291.2168	    216.7711	     34.3687	    196.7203	     23.7605	     60.7613	     32.8459	    -38.9438	    -12.3393	     -3.3448	      8.8843	     17.7450	    242.6511	   3023.7515	   6475.1644	  10343.3935	  11001.3006	  11084.6363	   8607.4846	   6827.1545	   5072.5222	   4065.5720	   2000.1125	   1829.2447	   1416.3605	    520.8817	    711.5214	    419.8126	    272.1286	    233.6795	    199.7093	    179.3024	    154.3969	     36.1820	    -61.8825	    -49.0135	    -37.1102	    748.2609	    532.2054	    268.9141	    178.5990	     43.5287	    -22.8900	     54.5516	      8.0736	     44.6242	     -0.7173	     39.0793	   1091.7532	    963.0149	    486.3931	    266.7300	    148.3935	     96.6640	     60.3222	      2.3931	     25.5966	      7.8694	     69.3725	   1500.5391	    794.7841	    614.7203	    333.9375	    216.3346	    147.8315	     89.5598	     80.7081	      9.7641	     -2.1419	    126.4453
      0.0052	      7.6764	     22.1059	     27.0914	     29.0242	     43.1178	     63.6848	     31.1503	     29.3319	     31.5983	     29.6700	     24.5865	     17.7093	     18.2559	     15.0435	     16.0688	     13.9341	     11.9266	      8.7410	      8.4347	      4.6025	      6.5319	      4.3304	      5.0592	      4.0404	     16.5252	      0.0080	      1.6921	     10.2578	      6.3580	      9.5819	     10.7727	     12.8101	     12.7750	     14.4547	     12.6412	     11.7118	     10.5906	     10.8468	     10.9898	      5.7992	      8.7156	      5.4130	      6.6262	      7.5633	      4.1566	      6.3590	      4.1150	      2.6596	      2.1492	      1.1939	     12.3836	     13.3895	     46.2199	    905.8937	   3012.8118	   4609.4304	   4788.8831	   5130.6520	   4698.4280	   3703.8191	   3229.9151	   2340.8350	   1796.2609	   1237.8126	    679.4711	    625.4787	    297.1372	    167.1148	     -7.6297	    152.4792	     38.2735	     73.8238	     29.5983	     11.7252	    -19.8727	    -17.3795	    -43.4753	     42.4100	    262.9205	   2680.3732	   6685.5919	  10702.7246	  12018.1831	  10835.1843	   9397.1385	   7320.9868	   5371.1204	   3974.0744	   2210.3980	   1838.8289	   1368.4193	    382.2497	    536.9483	    392.6220	    194.5332	    175.1838	    174.3780	    142.2766	    103.3294	     62.8156	    -18.7427	     24.9370	     57.2233	    730.2460	    504.9666	    335.9033	    229.9545	     99.0205	     28.6132	     24.8497	     17.1413	     21.1849	    -10.4474	     32.9750	   1091.2711	    920.1616	    492.5805	    296.2077	    170.9045	     98.2730	     24.2162	     20.1603	     39.4385	     33.6210	     63.9584	   1606.6271	    679.9463	    464.8950	    285.8027	    242.0335	    132.3663	     41.3297	     47.5051	     33.9200	     22.1571	    101.4274
      0.0580	      7.7213	     16.8587	     21.8775	     21.1919	     31.0992	     31.1503	     29.3224	     23.9409	     22.2266	     25.4097	     19.1973	     14.5410	     15.2171	     14.2196	     12.5597	     10.4638	     11.0742	      9.5701	      7.2969	      6.1221	      5.3491	      4.3566	      4.6983	      2.7212	     16.1262	     -0.0005	      0.5779	      6.0320	      4.1261	      7.8170	      9.5043	      9.8049	     10.3285	     11.1369	     11.8230	     10.9907	     10.0247	      9.7633	     10.1073	      7.1707	      6.6282	      6.0800	      6.4009	      6.2271	      4.5678	      5.4726	      3.3765	      3.5721	      3.2203	      1.2260	     13.0321	      4.9304	     21.7562	    747.7991	   2273.6466	   3425.2778	   3808.1870	   4023.4652	   3787.1845	   3129.2426	   2725.2714	   1923.6556	   1554.8457	    985.2465	    518.5512	    551.7097	    248.7570	    195.3126	     93.9153	    146.1447	     44.0135	     47.9546	     28.2534	    -15.7095	     -0.9895	     -0.6271	      1.8557	     17.0446	    202.5176	   2150.5367	   5178.1174	   8100.5710	   8933.8067	   8804.3654	   7501.4482	   6319.0115	   4741.1644	   3744.1226	   2132.7767	   1794.1141	   1389.6205	    657.5370	    659.8615	    420.8124	    285.8563	    233.4272	    189.8005	    159.0553	    120.4895	     73.2892	     -5.8895	     -7.9840	    139.1167	    712.6936	    547.7399	    308.4476	    182.0612	     69.8027	     17.6865	     45.0323	     12.9805	     29.2874	      1.3591	     40.4447	   1173.5797	   1006.9847	    567.0029	    325.8062	    169.4564	    101.1146	     64.7231	     19.5722	     26.2599	     23.3937	     78.5077	   1260.1419	    690.6962	    479.6408	    293.0316	    185.7821	    111.7859	     63.5483	     56.5410	     13.9282	      6.3278	    107.0529
      0.0447	     12.3742	     17.5468	     26.5814	     22.7168	     31.1477	     29.3319	     23.9409	     31.9898	     17.6513	     24.5766	     17.0278	     13.4913	      9.1955	     15.7232	      9.8550	      8.4293	      9.5697	      9.3214	      5.5456	      6.4834	      2.1567	      4.6716	      2.9051	      0.6893	      6.9080	     -0.0088	     -0.8019	      2.9779	      3.0931	      9.3370	     10.4048	      9.3565	      8.1363	      9.4120	     13.0944	     10.6520	      7.3515	      8.3212	      9.6128	      6.8758	      6.6132	      7.1135	      2.7870	      6.7963	      5.4143	      4.0045	      2.0819	      3.6899	      2.2206	      0.1619	      7.4933	      5.2984	     32.3771	    741.6016	   2363.2684	   3211.3054	   3881.5699	   3604.8305	   3638.5860	   3112.4244	   2842.3885	   1849.3062	   1443.7414	    909.0330	    194.3011	    591.7452	    128.6562	    241.8107	    106.2309	    193.8257	     25.0137	     44.7140	      4.5412	    -48.9195	     -9.9031	     -5.9425	     26.5290	      0.9230	    243.6479	   2209.3893	   4855.1224	   8083.2499	   8287.1439	   8900.7307	   7113.1445	   5927.2889	   4435.2952	   3792.5905	   1705.3987	   1701.5323	   1528.1738	    644.6673	    765.7847	    329.8222	    242.0608	    267.8460	    239.7204	    166.6938	    176.8183	     41.4090	    -85.9644	    -26.0891	    -26.1088	    711.4111	    610.0310	    254.9082	    203.1308	     35.1174	    -48.0958	     65.1422	     -4.5711	     60.7739	      5.1165	     66.1501	   1178.9120	   1114.7356	    583.4499	    355.7660	    158.0348	    118.9478	     82.5042	     12.6159	     35.9002	     -3.0944	     89.3614	   1388.5410	    813.8551	    568.8884	    378.3938	    212.8305	    138.9085	     88.9325	    103.9077	     20.0061	     -5.2012	    125.9203
     -0.0024	     -0.3565	      9.2593	     10.9398	     16.2032	     25.0208	     31.5983	     22.2266	     17.6513	     29.4756	     21.8138	     19.7527	     16.1479	     19.4360	     12.5069	     15.0968	     13.8071	     11.8222	      8.5188	      9.1533	      4.9390	      8.8937	      5.0802	      6.3855	      5.2997	     27.9413	      0.0111	      2.2388	      7.4906	      4.8161	      5.2269	      6.5268	      9.3201	     12.4525	     13.2295	      9.3592	      9.4414	     11.3850	     11.0017	      9.1650	      6.1945	      8.1618	      5.4536	      9.5782	      6.4259	      4.3254	      7.1772	      5.1770	      3.2026	      2.7128	      4.0296	     23.2576	      4.7766	     13.3722	    531.4418	   1858.7917	   3158.3454	   3318.0925	   4090.9063	   3688.4060	   2934.2790	   2397.8783	   1934.3454	   1597.6827	   1150.2425	    871.8333	    517.5004	    458.8976	    126.1588	     69.9405	     65.8141	     76.4198	     54.5836	     37.7178	     53.9705	      8.5599	     -3.0436	    -23.1706	     33.4460	    126.1864	   1754.0563	   4676.5640	   7411.2910	   9088.3355	   8050.9101	   7659.4902	   6301.1501	   4868.1805	   3450.7506	   2750.1030	   1866.5351	   1301.4249	    678.8449	    481.9274	    541.8427	    309.3070	    210.4716	    169.0257	    134.5262	     43.3751	    116.1377	    109.0196	     80.7425	    344.3132	    733.6884	    547.3303	    424.2953	    219.5903	    147.5343	    111.3970	      7.5477	     34.6909	     -8.8098	     -1.8493	     20.5775	   1222.3502	    967.8344	    635.3764	    336.4334	    183.6155	     82.0681	     43.1143	     38.9381	     31.0201	     65.0734	     85.9495	   1372.4876	    663.5385	    433.1176	    213.3797	    184.5697	     66.7784	     21.6106	      0.8367	     30.0996	     37.2506	     86.2460
      0.0679	      7.0283	     12.5663	     19.8704	     18.8340	     28.4257	     29.6700	     25.4097	     24.5766	     21.8138	     31.6994	     19.2740	     13.8671	     15.2547	     15.1900	     13.1941	     10.7168	     11.7750	     10.6472	      7.7669	      6.0480	      5.1167	      4.1980	      4.9937	      2.5511	     15.5432	     -0.0026	      0.4082	      5.3537	      3.5339	      7.7644	      9.9277	      9.8140	     10.5232	     11.3354	     13.0232	     11.9553	      9.9906	     10.3285	     11.1696	      7.1851	      7.0088	      6.4877	      6.1221	      6.8142	      4.8488	      5.8490	      3.1404	      3.8582	      3.6086	      0.9827	     12.4208	      4.6916	     17.1211	    619.5349	   2041.7218	   3142.3469	   3594.0732	   3880.9980	   3701.3653	   3072.7311	   2804.1985	   1965.1860	   1641.2406	   1028.7653	    469.5675	    653.5102	    223.4400	    212.3914	    106.1612	    156.5075	     28.5236	     41.5190	     21.6871	    -30.1446	      0.1595	      0.2412	     -6.5783	     11.2511	    218.4429	   2028.0679	   4950.8536	   8081.2758	   8730.8531	   8958.6667	   7690.5623	   6617.1429	   4922.0990	   4016.6313	   2129.8771	   1850.2435	   1500.7759	    666.1956	    695.3863	    441.8767	    283.0573	    246.5832	    190.1902	    174.5200	    120.9289	     61.1430	    -14.2088	    -21.0791	    128.9018	    754.6692	    599.4582	    324.1205	    192.7672	     65.4088	      4.3319	     52.9828	     12.4108	     36.2309	      2.3341	     49.6693	   1276.6064	   1110.0038	    632.2340	    340.0908	    171.2777	    102.2965	     78.4032	     17.2413	     25.7811	     22.1572	     84.4240	   1258.4511	    686.7670	    479.8999	    313.1966	    183.5495	    108.4096	     56.1197	     65.8137	     17.4015	      2.7318	    115.7952
      0.0216	      3.2579	      8.8412	     11.5423	     14.4814	     22.8977	     24.5865	     19.1973	     17.0278	     19.7527	     19.2740	     19.9861	     14.3884	     15.8450	     12.0917	     12.3168	     10.2875	     10.0892	      7.2394	      6.7639	      5.4848	      6.1039	      3.9181	      5.1160	      3.5383	     18.6719	      0.0054	      1.1655	      4.8196	      3.9258	      5.3114	      6.9302	      7.4735	      9.9211	     10.4911	      9.1142	      8.4070	      9.6284	      8.8692	      8.8879	      6.1985	      6.2661	      4.9493	      6.7850	      5.1746	      4.2227	      5.6208	      4.0106	      3.3908	      2.3401	      2.3846	     14.7769	      2.4867	     14.1421	    507.1092	   1694.6777	   2701.9630	   2931.6612	   3299.3553	   3180.7182	   2615.2846	   2143.0256	   1592.9851	   1329.9580	    884.6761	    571.0522	    435.7820	    344.0333	    136.3610	     66.4639	     88.1459	     41.7734	     37.3202	     24.8919	     23.5616	      8.0124	      1.2384	     12.4856	     22.2786	    132.9747	   1669.4751	   4019.7129	   6442.5861	   7478.0821	   7133.4774	   6364.9548	   5227.4046	   3968.2052	   3007.4478	   2091.9901	   1575.9482	   1113.6640	    579.5741	    511.7417	    437.8017	    247.3806	    184.2844	    146.5838	    124.8782	     83.6883	     70.9452	     62.3855	     40.5723	    165.2425	    646.8005	    478.5285	    323.0094	    186.7760	     96.3257	     55.1708	     20.9707	     22.6900	     11.9527	     -0.3686	     26.4363	   1089.6968	    836.7965	    535.3208	    290.9870	    162.0856	     75.3287	     42.7553	     23.7361	     27.4260	     39.4757	     71.6007	   1159.3575	    607.6891	    441.1969	    213.4323	    166.1883	     87.8408	     43.9458	     25.1119	     17.2111	     17.4580	     81.0650
     -0.0463	     -2.3487	      1.7257	      4.0152	      9.1223	     16.4043	     17.7093	     14.5410	     13.4913	     16.1479	     13.8671	     14.3884	     21.4858	     15.1825	     13.2308	     10.9238	     10.4797	      9.8770	      7.1757	      7.2893	      7.0969	      7.4315	      4.7211	      5.0735	      5.2090	     28.4015	      0.0067	      0.6826	      5.5357	      3.6038	      4.2499	      4.3190	      6.2885	     10.1439	      9.7492	      7.3000	      6.8573	     12.3218	      8.6710	      6.7786	      7.9481	      7.5737	      5.7822	      8.3476	      4.9376	      4.6211	      5.2524	      5.5339	      4.6591	      3.4115	      4.8459	     27.2993	     -1.7562	      0.2612	    264.7164	   1146.2965	   2200.4619	   2393.0544	   3026.8034	   2945.4122	   2606.5466	   1871.7649	   1707.9263	   1280.6776	   1034.7697	    779.2641	    306.9493	    538.6854	    177.3194	    125.9207	    121.1887	    115.1310	     30.2981	     33.4630	     37.1300	     32.7984	     10.9687	     67.3947	     12.1655	     47.4609	   1225.1506	   3525.7162	   5205.0632	   6812.3070	   6418.4992	   6079.7073	   5048.9488	   4137.9258	   3074.7884	   2679.6948	   1828.4298	   1311.6419	    987.8426	    600.3633	    557.5311	    397.2641	    285.3259	    178.3108	    130.7619	    136.2438	    116.2869	    155.6704	    104.4365	    389.8736	    560.1264	    420.0358	    349.3620	    153.9973	    114.1817	     95.7811	      5.6046	     37.8998	      3.2502	     10.1047	     26.0514	   1183.9737	    777.8236	    556.3023	    327.9318	    154.1712	     91.6587	     46.8241	     46.9987	     21.9110	     35.2680	     57.9259	    947.4364	    658.5670	    385.6423	    201.3874	    127.9831	     73.4312	     60.1739	      3.0107	     19.6878	     30.8170	     64.6716
      0.0069	     -4.2573	      2.2093	     -0.5412	      6.0574	     17.0876	     18.2559	     15.2171	      9.1955	     19.4360	     15.2547	     15.8450	     15.1825	     22.9702	     10.3033	     13.5091	     11.3290	     11.4229	      7.6784	      8.3385	      5.9555	      9.4619	      4.5197	      6.6243	      5.9221	     33.1546	      0.0122	      2.1597	      6.8539	      3.9434	      2.4093	      3.6637	      5.8986	     11.0961	     10.2608	      6.5243	      7.5299	     12.7958	      9.6362	      7.8051	      7.2673	      6.4803	      5.1800	     10.4082	      4.5082	      4.0678	      6.5784	      5.5753	      3.9618	      3.6273	      4.9401	     26.0333	     -2.9495	     -5.9443	    279.8065	   1025.4333	   2101.6432	   2082.7430	   2969.2480	   2709.7764	   2294.1156	   1716.1815	   1553.6142	   1359.7075	   1006.7605	    974.9696	    350.4875	    580.8453	    122.5348	    102.6417	     55.2377	    100.8082	     45.6087	     41.9173	     61.0775	     30.4591	     14.4235	     19.1946	     20.3381	     11.9327	   1155.4074	   3225.8236	   4833.3189	   6618.5013	   5979.0773	   5902.0091	   5058.0493	   4146.7567	   2969.3630	   2848.7808	   1816.8053	   1130.5570	    870.8974	    517.7118	    632.0151	    425.0501	    232.8471	    135.1735	    141.5611	     61.5354	    120.3514	    193.3808	     88.8106	    472.0131	    615.9798	    440.8841	    414.4527	    145.5292	    142.9470	    144.9181	      2.6722	     49.0508	    -24.1786	      7.3600	      6.6058	   1215.4292	    818.9609	    616.1959	    310.1680	    182.6035	     70.7187	     46.0946	     38.1988	     13.1063	     56.3380	     69.7666	    940.4347	    579.8014	    374.0334	    150.0081	    119.2278	     46.2296	     30.9690	    -30.7362	     13.0811	     32.3207	     66.1824
      0.0056	      2.4833	      3.4655	      8.6289	      9.8368	     17.1086	     15.0435	     14.2196	     15.7232	     12.5069	     15.1900	     12.0917	     13.2308	     10.3033	     14.9735	      8.1728	      7.4873	      8.5272	      7.6317	      5.4199	      6.1582	      4.4323	      4.2501	      3.6776	      2.6665	     18.0089	     -0.0023	     -0.2281	      2.6329	      2.1706	      4.9715	      5.0332	      5.5488	      7.4074	      7.1218	      8.2729	      6.9428	      8.4757	      7.3016	      6.6782	      6.6348	      5.6223	      5.8151	      4.9871	      5.0030	      4.4680	      3.9723	      3.5246	      3.8787	      2.8756	      2.5594	     17.3765	     -1.0318	      6.6785	    279.8044	   1130.0594	   1817.1863	   2202.8901	   2387.3329	   2407.2760	   2224.9842	   1844.4920	   1472.7817	   1167.7480	    832.8228	    459.2725	    394.6347	    330.6891	    191.5263	    110.6771	    139.2469	     70.7452	     30.1073	     18.8628	     -6.1545	     15.6597	      5.8588	     49.0588	      0.1538	     80.1038	   1188.2637	   2944.6405	   4739.3131	   5523.9358	   5913.1655	   5159.9907	   4400.4921	   3578.2917	   2873.5978	   1967.3123	   1516.2918	   1260.2490	    783.5418	    615.0282	    427.4155	    310.4797	    264.0638	    200.6669	    131.9512	    133.8847	     74.4794	     52.5025	     38.4185	    222.8833	    520.5352	    427.9918	    256.9259	    138.9401	     62.6056	     30.0323	     32.3839	     16.2477	     26.2697	      9.2673	     35.1507	   1027.6677	    811.3142	    509.3073	    296.5482	    129.2988	     88.6153	     64.9209	     28.0971	     22.1570	     14.8749	     64.5835	    851.2040	    587.5815	    375.9033	    232.0478	    124.3153	     77.8542	     60.3321	     44.1756	     16.3582	      9.1731	     81.1852
      0.0181	     -0.8099	      4.1159	      3.2583	      6.5481	     13.6835	     16.0688	     12.5597	      9.8550	     15.0968	     13.1941	     12.3168	     10.9238	     13.5091	      8.1728	     12.4620	      8.4397	      8.2920	      5.7763	      6.2522	      4.1016	      5.7130	      3.7700	      4.5213	      3.8173	     20.8427	      0.0061	      1.5534	      4.6151	      2.9511	      2.3706	      4.0388	      4.9702	      7.6423	      7.8216	      6.0613	      6.7754	      8.0985	      7.0960	      6.4913	      4.7444	      5.5594	      4.0541	      6.8593	      4.3231	      3.5342	      4.9447	      3.6044	      2.6801	      2.0200	      2.9997	     17.0276	      0.2698	      3.9893	    256.0839	    935.2377	   1655.9226	   1744.1899	   2285.8159	   2180.8568	   1810.9393	   1492.9775	   1237.3117	   1090.7714	    818.9422	    618.2815	    376.8040	    382.1307	    127.2041	     82.4792	     66.4455	     65.8634	     41.6215	     20.2347	     42.5223	     16.7442	      7.5299	     16.6349	     12.2311	     58.2314	    972.5737	   2463.7766	   4029.6112	   5060.2055	   4796.1739	   4674.7177	   3915.7194	   3189.1816	   2463.1579	   2000.7995	   1455.1192	    996.9899	    656.0570	    498.5347	    464.3532	    296.0917	    191.9683	    139.0875	    130.2213	     77.1120	     85.5498	    107.5493	     65.1554	    278.0468	    481.6022	    368.0568	    299.5507	    140.3179	    102.9129	     79.5276	     13.5979	     29.0938	     -5.8450	      3.9276	     22.8110	    916.1284	    682.1349	    480.0890	    252.4600	    149.6411	     62.4298	     43.1976	     23.6990	     19.8089	     33.9797	     71.8029	    784.9725	    453.5866	    304.3404	    142.3750	    111.8106	     49.5890	     20.7799	     -5.2121	     14.3928	     16.4239	     54.9179
     -0.0172	     -2.8674	      2.1981	      2.6047	      5.8173	      9.8218	     13.9341	     10.4638	      8.4293	     13.8071	     10.7168	     10.2875	     10.4797	     11.3290	      7.4873	      8.4397	     11.1261	      6.7940	      5.5068	      6.1286	      3.7734	      5.7722	      4.0401	      3.9697	      3.8336	     22.4388	      0.0057	      1.1991	      4.2717	      2.4882	      2.5644	      2.5618	      4.5950	      7.4350	      7.4555	      4.9925	      5.3489	      7.5156	      6.4039	      5.0891	      4.1381	      5.9149	      3.9984	      6.5343	      4.4338	      3.1654	      4.4477	      3.5636	      2.5049	      1.9440	      3.8075	     20.5833	      0.4868	      1.7825	    160.0707	    732.5919	   1361.0473	   1496.0620	   2052.1421	   1874.6671	   1561.8325	   1252.3672	   1117.7941	    932.6701	    790.4782	    600.3060	    297.8765	    361.7310	    112.3136	     90.4248	     49.2361	     83.7098	     38.6902	     23.9981	     43.1726	     16.1183	      3.6453	     11.6243	      9.1562	     35.7262	    765.4360	   2173.0897	   3456.2390	   4578.1423	   4074.9425	   4131.1287	   3498.4937	   2923.1041	   2149.6146	   1928.3941	   1288.4517	    964.6975	    654.6583	    390.2578	    412.5310	    285.7216	    200.8564	    143.7863	    107.3318	     54.8973	    105.4776	    103.4310	     83.6404	    345.8950	    387.4707	    318.5256	    266.7763	    133.7690	    104.7203	     82.5715	      1.3606	     26.2222	     -9.7258	      6.9945	     23.6698	    801.4841	    608.9685	    435.6711	    245.3604	    119.6788	     64.9450	     42.5477	     33.9444	     18.5107	     37.9931	     65.7392	    697.3409	    405.1987	    235.0261	    130.9027	    101.0456	     25.4456	     16.5181	     -8.1309	     19.8044	     28.5260	     54.2177
      0.0228	      0.1757	      2.5540	      3.0322	      5.3275	     12.8511	     11.9266	     11.0742	      9.5697	     11.8222	     11.7750	     10.0892	      9.8770	     11.4229	      8.5272	      8.2920	      6.7940	      9.7892	      5.8803	      5.2382	      4.7085	      4.9763	      3.5054	      3.9712	      2.9653	     18.9515	      0.0025	      0.6939	      3.2959	      2.1024	      2.5371	      3.5459	      4.3003	      6.6797	      6.2706	      5.8503	      5.9594	      7.5901	      6.4748	      5.6995	      5.2981	      4.6083	      4.4305	      5.9172	      3.7871	      3.4742	      4.0634	      3.3149	      2.9394	      2.4679	      2.6086	     16.0256	     -1.8410	      0.6189	    202.7335	    772.5593	   1340.9085	   1507.2699	   1882.1688	   1849.3088	   1645.9391	   1368.7373	   1127.0135	    977.5154	    718.5947	    522.1424	    320.2295	    340.1372	    134.3268	     90.8215	     79.2624	     64.0022	     31.4785	     23.3661	     18.2680	     17.1873	     10.3469	     26.8096	      3.6520	     39.4043	    863.5321	   2151.8291	   3476.7871	   4347.2656	   4423.1860	   4102.4883	   3554.5101	   2949.6880	   2345.2555	   1829.8950	   1345.7963	    973.3585	    666.6847	    490.1107	    421.5055	    299.9608	    206.4101	    139.1762	    125.4626	     85.7751	     78.3751	     83.4059	     41.0344	    261.2247	    453.5656	    361.7562	    267.6221	    120.4165	     79.4798	     60.3809	     21.0615	     23.5188	      3.2365	      7.8088	     25.1385	    904.7422	    687.7037	    471.4723	    246.7229	    131.6747	     68.3631	     55.1168	     23.9170	     15.0047	     23.6614	     65.5078	    646.3150	    430.5716	    284.8732	    145.7779	     92.0101	     45.6690	     33.4449	      7.7334	      9.2723	     11.9564	     58.8647
      0.0365	      0.2976	      1.8731	      5.8926	      4.9647	      9.8507	      8.7410	      9.5701	      9.3214	      8.5188	     10.6472	      7.2394	      7.1757	      7.6784	      7.6317	      5.7763	      5.5068	      5.8803	      8.2764	      4.3895	      4.1832	      3.4556	      3.5431	      2.7910	      1.8769	     16.8842	     -0.0041	     -0.0337	      2.3594	      0.9354	      3.2566	      2.6013	      3.5341	      4.9001	      4.7788	      5.4690	      5.4510	      5.8525	      5.3919	      4.7551	      4.4710	      3.8324	      4.2343	      4.2940	      4.0906	      2.8437	      2.9932	      2.3071	      2.5894	      2.9613	      2.0570	     15.5205	     -1.8537	     -1.2733	    127.2244	    525.6088	    879.4484	   1135.5767	   1391.2442	   1294.3451	   1249.1831	   1172.2486	   1014.6498	    838.1385	    637.9703	    407.7790	    334.1062	    249.8848	    160.2330	    103.9372	     99.5616	     77.0552	     28.7825	     23.1572	     -9.1874	     12.4706	      8.5407	     21.4219	     -6.7888	     20.3286	    543.4377	   1559.8017	   2514.5927	   3047.3317	   3387.7818	   3136.2663	   2897.8507	   2544.2777	   2100.1658	   1474.1629	   1165.9421	    994.6641	    680.5589	    500.2457	    367.8164	    299.8094	    240.0100	    183.7892	    122.9472	     85.5904	     86.0214	     48.1981	     17.6851	    288.0137	    347.1287	    321.5074	    187.5937	     80.7110	     40.3834	     29.3977	     26.4138	     13.0537	      9.5085	     10.1085	     25.2884	    738.3379	    646.5265	    396.8124	    216.0085	     85.1729	     65.4500	     67.2055	     23.3481	     11.3660	     10.3264	     55.0114	    453.9850	    383.0202	    198.2902	    158.2005	     65.6891	     28.2162	     31.2372	     26.2493	      9.9025	      3.5126	     62.0777
      0.0027	     -2.6063	      1.2134	      1.5014	      3.0547	      6.2488	      8.4347	      7.2969	      5.5456	      9.1533	      7.7669	      6.7639	      7.2893	      8.3385	      5.4199	      6.2522	      6.1286	      5.2382	      4.3895	      6.3882	      2.9291	      4.1149	      2.9775	      2.8709	      2.9267	     17.6857	      0.0032	      0.9081	      3.4899	      1.6075	      1.4563	      1.7641	      3.1407	      5.0267	      4.9529	      3.7254	      4.4819	      5.8555	      4.9593	      3.6655	      3.4140	      4.1727	      3.0575	      5.1705	      3.3639	      2.2589	      3.1750	      2.5404	      2.0156	      1.9703	      2.7286	     16.1805	     -0.5556	     -3.9721	     94.3551	    413.2799	    866.1595	    933.0307	   1411.9204	   1254.2003	   1073.0985	    871.6023	    842.3037	    700.0521	    596.1394	    477.9266	    239.7885	    277.9089	    101.1981	     85.5574	     51.8176	     74.4285	     28.3053	     17.8906	     27.5262	     16.6964	      7.1961	     13.6036	      2.9118	     16.1472	    466.7874	   1469.2131	   2182.9279	   2973.3086	   2716.1086	   2874.0238	   2527.2438	   2179.8345	   1657.2129	   1480.2884	   1033.4840	    757.1368	    571.9203	    352.0254	    339.3679	    253.9746	    171.9609	    115.5229	     94.8090	     53.0161	     84.4796	     89.8162	     57.6560	    294.8806	    271.0634	    229.2484	    197.4549	     77.1073	     70.7549	     63.8976	      5.4366	     21.5246	     -8.8067	      6.9612	     17.7504	    602.4974	    453.0628	    326.6196	    177.4204	     89.6633	     49.3197	     37.5765	     23.9549	     10.1998	     21.7551	     47.6091	    456.2826	    328.6483	    175.0137	    110.4961	     67.8313	     21.5825	     15.8737	     -7.6437	     12.2863	     15.9690	     39.4482
      0.0226	      1.0403	      0.9825	      2.5908	      2.9299	      7.9048	      4.6025	      6.1221	      6.4834	      4.9390	      6.0480	      5.4848	      7.0969	      5.9555	      6.1582	      4.1016	      3.7734	      4.7085	      4.1832	      2.9291	      6.6929	      2.5173	      2.5412	      2.2587	      1.3182	     12.5116	     -0.0022	     -0.3507	      1.2358	      1.0971	      2.0534	      2.1049	      2.3147	      3.6208	      3.2527	      3.8298	      3.7097	      4.6747	      4.1741	      3.2526	      4.0692	      2.7785	      3.4997	      3.5221	      2.6784	      2.5330	      2.2080	      2.1519	      2.5889	      2.1150	      1.8121	     11.5286	     -4.0155	     -1.6231	    106.9418	    457.4504	    650.0386	    854.9604	    935.8567	   1041.9006	   1026.7887	    828.2582	    697.9921	    561.0026	    468.0923	    280.9625	    169.6736	    241.1375	    120.7440	     84.7223	     71.9363	     57.1561	     12.5959	     21.8321	     -1.3385	     16.8923	     12.4337	     45.6625	     -6.5175	     10.5124	    534.6887	   1241.8124	   1907.8197	   2355.8731	   2647.2766	   2279.5515	   1996.8502	   1797.4563	   1539.6241	   1162.2526	    920.7973	    706.2203	    561.0219	    393.5256	    285.1425	    233.4787	    179.6817	    117.2779	     97.7046	     86.8457	     64.3046	     45.7372	     20.0432	    177.8597	    267.6505	    226.1632	    144.2449	     75.1278	     38.1681	     22.7569	     17.2038	     14.5244	      9.6975	      9.8595	     27.7279	    588.5169	    434.7221	    293.9582	    154.0931	     70.6687	     52.2488	     52.1349	     19.0565	      8.8094	      6.0614	     43.9661	    411.4763	    368.5621	    239.7528	    133.6938	     66.5352	     38.3014	     44.8491	     17.1831	      2.4741	      6.1356	     48.4146
     -0.0289	     -4.7368	     -1.6824	     -3.0458	      1.5913	      4.9474	      6.5319	      5.3491	      2.1567	      8.8937	      5.1167	      6.1039	      7.4315	      9.4619	      4.4323	      5.7130	      5.7722	      4.9763	      3.4556	      4.1149	      2.5173	      6.6324	      2.2008	      3.1749	      3.3640	     19.2439	      0.0079	      0.9734	      3.2577	      1.6441	      0.6518	      0.1263	      2.3928	      5.3950	      4.5504	      1.9901	      2.2197	      6.3700	      4.5338	      2.5780	      3.5203	      3.2349	      2.2984	      5.4594	      2.0035	      1.5821	      3.1453	      3.1833	      1.9700	      2.0664	      3.3885	     16.7413	     -1.9707	     -7.8455	     44.8611	    261.1092	    790.3987	    742.2660	   1284.1589	   1045.5628	    919.9657	    580.0727	    658.2460	    557.5192	    436.4751	    524.0354	     90.0581	    306.3789	     28.2475	     48.6982	      4.0673	     63.3395	     16.5130	     24.8657	     35.8107	     18.2708	      4.4464	      1.7040	     12.1318	    -34.2199	    330.5750	   1268.4114	   1715.9001	   2814.0367	   2271.8355	   2447.7839	   2168.5370	   1813.2973	   1110.0442	   1429.1811	    724.8008	    465.1835	    411.6510	    127.4073	    290.9959	    200.1320	    102.3162	     59.0313	     38.0615	     -4.3659	     69.9891	    116.8529	     60.9274	    312.2017	    226.7568	    146.3649	    184.8805	     50.7727	     76.8406	     93.9843	    -10.8415	     26.1906	    -19.9748	      4.3379	     -8.9252	    487.8340	    296.2708	    256.1545	    139.9341	     66.9427	     29.3878	     15.5869	     28.0616	      2.8694	     38.2979	     24.3374	    380.0484	    224.9040	    127.4968	     48.8987	     42.5174	      2.7612	      9.2522	    -24.5046	     10.5163	     26.9229	     27.4032
