      0.0520	      0.0770	      0.1065	      0.0962	      0.0349	      0.0874	      0.0057	      0.0560	      0.0470	     -0.0032	      0.0679	      0.0208	     -0.0450	      0.0069	      0.0055	      0.0183	     -0.0174	      0.0228	      0.0365	      0.0027	      0.0226	     -0.0289	      0.0102	      0.0072	     -0.0278	     -0.0425	     -0.0001	     -0.0001	      0.0040	      0.0009	      0.0090	      0.0414	      0.0026	     -0.0187	     -0.0112	      0.0300	      0.0548	     -0.0302	      0.0106	      0.0339	     -0.0042	     -0.0216	      0.0101	      0.0030	      0.0139	      0.0106	      0.0085	     -0.0209	     -0.0017	      0.0092	     -0.0310	     -0.0816	     -0.0336	      0.0942	      3.6457	      6.2048	      0.5358	      2.5312	     -1.4490	      1.2864	      1.4592	      6.8177	      2.8710	      4.8401	      3.0806	     -0.6201	      4.1350	     -0.2202	      1.6716	      0.7618	      0.8176	     -0.0061	      0.2000	      0.1873	     -0.3305	     -0.0183	      0.2214	      0.2655	     -0.2386	      1.0670	      7.8399	      3.9785	      7.1469	     -6.0168	      5.0452	      0.1299	      1.3829	      4.3650	     11.0176	     -1.4659	      6.4373	      5.0295	      3.1068	      5.8479	      1.8049	      1.3602	      1.2355	      1.3312	      1.6788	      0.9448	      0.3302	     -0.8697	     -0.9410	     -0.8220	      1.5064	      1.7966	     -0.1680	      0.2767	     -0.5197	     -0.8071	      0.5972	     -0.1539	      0.1973	      0.0300	      0.4255	      1.5016	      3.1750	      1.1136	     -0.0764	      0.2936	      0.0600	      0.7593	     -0.3023	      0.0329	     -0.3411	      0.6765	     -1.5158	      0.6296	      0.9061	      0.4234	      0.0600	      0.1692	      0.0379	      0.3410	     -0.2687	     -0.5531	      0.2675
      0.0770	     12.1868	     12.1097	     13.4903	      9.0139	     10.6009	      5.6255	      5.6784	      9.0418	      0.0242	      5.2698	      2.4601	     -1.4195	     -2.6169	      1.8605	     -0.3297	     -1.9028	      0.3373	      0.3437	     -1.7167	      0.8077	     -3.1865	     -0.4726	     -0.6641	     -2.8455	    -14.2205	     -0.0071	     -0.5484	     -0.7012	      0.4536	      3.0899	      4.4570	      1.5144	     -1.1852	     -0.1335	      3.2206	      1.9981	     -2.8903	     -0.2627	      2.2235	      0.2001	     -0.6751	      0.6960	     -3.2949	      0.1376	      1.0449	     -0.6667	     -1.5339	     -0.0842	     -0.9901	     -2.7495	    -13.9362	      2.0470	     24.6826	    513.4223	   1119.7172	    945.5295	   1155.6942	    440.5297	    685.6685	    487.6130	    622.7589	     23.4592	     37.8484	   -144.6196	   -394.7197	    130.0170	   -203.7783	     34.9698	    -17.2244	     34.9969	    -72.2142	     -5.1789	    -11.4883	    -46.0341	    -18.2835	     -2.5442	      4.6758	     -3.1933	    140.7382	    941.7976	   1075.2402	   1876.8782	    796.8428	   1433.6436	    349.6885	    114.2056	   -212.5321	    235.9747	   -686.2723	    -99.8989	    -10.4339	   -213.5912	    118.1005	   -108.9808	   -108.9031	    -18.2976	      5.8128	     40.1189	     47.2769	    -58.2445	   -131.5326	    -76.8829	   -333.7770	    250.0286	    228.1550	     16.6225	     78.2993	    -35.4977	    -89.2611	     37.0439	    -15.1947	     38.1698	     -3.4636	     33.1963	    228.2923	    311.9784	    110.6970	     35.7359	     28.7590	     18.5937	     21.0713	    -20.0200	     13.4423	    -18.8811	     25.3282	    388.9092	    175.4996	    202.0918	     91.9161	     49.1845	     54.3421	     30.1212	     60.1355	     -4.2491	    -20.1001	     33.6605
      0.1065	     12.1097	     31.6886	     23.8413	     18.6163	     18.0667	     15.9136	     12.3178	     13.8097	      6.4272	      9.6010	      6.4804	      1.2986	      1.0016	      2.8160	      2.8227	      1.3373	      1.7763	      1.3347	      0.6139	      0.7724	     -1.6627	      1.0476	      0.0008	     -1.3426	     -9.0852	     -0.0014	      0.3277	      2.6948	      2.7276	      5.0787	      6.6287	      4.3262	      1.6626	      2.6780	      4.7560	      4.5364	     -0.7495	      1.2474	      3.5490	      0.6251	      1.7007	      1.5554	     -1.3847	      1.1750	      1.6807	      0.7971	     -1.2103	      0.1613	     -1.0361	     -1.5405	     -9.2858	      5.5298	     41.1494	   1102.0161	   2275.1859	   2464.3173	   2539.1289	   1939.4354	   1845.4867	   1226.0674	   1157.3548	    306.3780	    308.7312	     38.3194	   -245.1287	    200.7188	   -160.3148	     40.1266	     24.5844	     33.1901	    -48.8480	     21.7232	    -16.2059	    -22.4729	    -18.6194	     -7.1135	     -6.6869	      4.0838	    242.3516	   2022.8507	   3088.3266	   4194.5192	   3051.5106	   2895.2472	   1568.9474	   1062.2929	    362.6134	    598.2783	   -339.7233	    146.0742	    146.4788	   -114.4890	    171.2781	    -19.7456	    -34.4320	     -6.6059	     33.3375	     74.3449	     49.2149	    -33.1660	   -113.6322	    -49.0836	   -247.1863	    309.1982	    243.3130	     59.1391	     93.7701	     -3.0243	    -63.2073	     36.9189	     -9.4134	     25.4508	     -2.4002	     34.2037	    272.5181	    358.3905	    145.4604	     81.8501	     61.0857	     27.7605	     13.8029	    -21.1289	     12.6896	     -9.0173	     44.4303	    717.9320	    274.8120	    283.8294	    135.8207	     98.1229	     71.1742	     31.2750	     50.8306	     -0.8337	     -9.4512	     49.5899
      0.0962	     13.4903	     23.8413	     34.8054	     22.2699	     23.2092	     21.4079	     17.4557	     21.7580	      8.9793	     16.2730	      9.6948	      3.6257	     -0.0262	      7.0247	      2.9290	      2.1381	      2.5921	      4.4753	      1.1626	      2.0782	     -2.3795	      1.2974	     -0.2970	     -2.3672	    -11.9807	     -0.0097	     -0.3463	      2.4660	      1.9830	      8.2327	      8.4350	      6.4076	      2.0111	      4.5594	      8.3444	      6.1639	      0.0886	      3.0833	      5.5872	      2.1827	      2.3574	      2.7049	     -2.4956	      3.3606	      2.0501	      0.5938	     -0.9825	      0.8877	      0.3433	     -2.8067	     -9.3938	      8.0759	     40.2251	   1034.0551	   2403.1858	   2782.1995	   3139.6975	   2435.9420	   2318.3109	   1765.4568	   1754.9366	    831.3571	    584.0924	    181.4845	   -305.2722	    364.7202	   -232.1729	    112.6705	     34.6435	    109.9276	    -44.0735	     13.9595	    -12.1640	    -71.7806	    -29.1289	    -14.4758	    -16.1274	      4.3809	    278.8247	   2041.7768	   3776.3743	   5600.1712	   4460.8608	   4731.6494	   3064.9159	   2452.8222	   1397.9344	   1441.9814	   -218.4911	    406.7184	    522.8860	    -40.3883	    304.9093	    -40.9919	    -48.4206	     73.6079	    115.2840	     74.0648	     79.9865	    -26.6690	   -176.9330	    -87.7079	   -297.2439	    441.7631	    406.6432	     62.8702	    122.3336	    -35.1299	   -110.0529	     51.7597	    -24.5548	     55.6025	     -5.1896	     44.9688	    470.5514	    643.0342	    228.3116	    145.0579	     52.9211	     58.1675	     36.7073	    -11.7645	     25.3759	    -16.8064	     37.6728	   1042.5741	    540.6720	    399.0395	    277.3172	    147.8312	    106.7752	     63.6589	    107.7104	     11.9768	    -15.0001	     84.2678
      0.0349	      9.0139	     18.6163	     22.2699	     25.0373	     23.8329	     25.0855	     18.5345	     20.1166	     14.4710	     16.9262	     12.9440	      7.9049	      5.5763	      8.5079	      5.9976	      5.1375	      4.7857	      4.1936	      2.6861	      2.4355	      1.3867	      1.6356	      1.4519	      0.0342	     -2.6408	      0.0000	      0.2316	      3.0631	      2.9495	      7.1665	      7.4866	      7.2685	      5.5886	      6.7004	      7.8644	      5.7396	      3.4623	      4.8630	      5.9145	      3.2316	      3.4899	      2.7843	      0.6735	      3.2718	      2.1498	      2.3501	      0.9097	      1.4229	      0.6087	     -0.7197	     -2.4339	      8.1646	     35.4603	    938.5772	   2377.9436	   3143.8569	   3401.1895	   3037.1086	   2779.8418	   2128.1082	   1800.7364	    995.8143	    747.5777	    275.5685	    -12.7609	    271.9324	    -85.6934	     45.3779	     -4.6490	     62.5174	    -38.3587	     15.6465	      1.5855	    -31.1901	    -23.3029	    -18.1311	    -27.5092	     25.0267	    236.3489	   2120.5088	   4410.6782	   6483.0026	   6300.3009	   5859.4254	   4377.6042	   3450.0792	   2102.6980	   1533.1816	    427.0603	    466.0179	    461.9708	    -75.3546	    137.6925	     12.6355	    -49.9478	     14.9542	     66.6794	     27.2556	     25.0979	    -16.9374	    -98.8330	    -40.6724	   -187.3903	    467.2033	    322.5608	    114.9265	    129.5397	     15.0962	    -34.8226	     29.8203	    -10.0728	     36.4148	     -8.7655	     16.0895	    518.1220	    519.1815	    225.6819	    162.7064	     75.0035	     50.1660	      8.6799	      1.1832	     23.4131	     17.3420	     33.1540	   1128.8079	    454.3718	    381.2648	    222.0883	    161.0511	    104.5993	     49.8513	     72.7565	     16.2880	      6.2538	     78.5822
      0.0874	     10.6009	     18.0667	     23.2092	     23.8329	     54.2996	     40.3412	     29.1279	     30.3230	     23.3114	     27.3298	     21.6642	     15.0705	     15.5321	     16.2395	     12.7378	      8.9052	     12.0365	      9.1642	      5.5409	      7.3802	      4.1402	      4.0991	      4.3963	      1.0234	      9.2722	     -0.0027	      0.0502	      6.4513	      4.2736	      9.5691	     10.7439	     10.2305	      9.6198	     10.5157	     12.9350	     10.9878	      8.7525	      9.4772	     10.5391	      7.2027	      4.8729	      6.5185	      4.0031	      6.0033	      4.9804	      4.8458	      2.8195	      3.7607	      2.6007	     -0.3831	      3.8188	      4.5533	     43.4712	   1003.9304	   3069.9462	   4165.6651	   4545.1269	   4233.2883	   4202.0421	   3536.1578	   3143.8237	   2004.1606	   1626.2337	    960.4888	    372.8892	    552.0661	    238.2802	    205.4390	     22.4973	    189.3057	      9.1857	     56.3448	     28.4743	    -43.2073	    -15.4515	     -4.3662	      6.3533	     16.5097	    240.1210	   2863.4669	   6071.5257	   9845.2831	  10363.9809	  10560.2355	   8119.1499	   6420.2724	   4734.0298	   3841.0566	   1763.4810	   1686.2941	   1318.7549	    434.4749	    671.5708	    365.3358	    230.3798	    210.4169	    183.4419	    167.8108	    149.4446	     23.1559	    -78.6450	    -57.4898	    -88.9619	    722.3636	    517.1989	    247.9570	    176.7046	     35.2727	    -34.4422	     55.6665	      4.4404	     47.6853	     -1.6654	     40.5140	   1038.0601	    930.4608	    461.6958	    251.9539	    142.0186	     92.9985	     58.2969	     -0.6398	     26.0420	      4.2304	     66.7449	   1441.9068	    752.2743	    594.8956	    324.2776	    210.6735	    146.8714	     86.7307	     83.8125	      8.9218	     -5.2389	    122.2492
      0.0057	      5.6255	     15.9136	     21.4079	     25.0855	     40.3412	     60.6031	     29.8262	     28.8152	     30.3049	     28.7384	     23.8235	     16.9842	     17.3392	     14.5544	     15.4128	     13.1907	     11.4548	      8.2630	      7.8690	      4.4157	      6.0118	      4.0130	      4.7642	      3.6517	     14.3061	      0.0073	      1.4657	      9.2633	      5.2965	      9.0788	     10.1156	     12.2817	     11.9927	     13.8460	     12.3543	     11.2890	      9.9724	     10.3438	     10.7132	      5.5454	      8.2649	      5.1845	      6.0504	      7.2192	      4.0197	      6.0266	      3.8268	      2.5070	      1.9306	      0.8585	     10.3169	     13.2127	     46.2345	    880.4626	   2936.5627	   4463.1518	   4652.6221	   4921.7797	   4538.7755	   3578.8896	   3135.8723	   2236.5231	   1718.4763	   1166.0769	    615.1595	    601.0269	    263.9237	    158.5495	    -14.9908	    147.9433	     27.6450	     70.5136	     26.6262	      7.8126	    -21.5677	    -17.6672	    -42.5124	     41.3077	    260.6123	   2610.8629	   6451.1718	  10400.7599	  11615.8981	  10530.0489	   9056.5834	   7036.7980	   5129.7581	   3814.9916	   2049.0588	   1736.7758	   1293.2382	    324.5558	    511.7080	    356.1359	    168.9448	    158.1038	    162.2406	    134.4181	    101.7727	     52.6039	    -30.4771	     16.9441	     17.9156	    717.0759	    494.4729	    320.9298	    226.6822	     92.2811	     20.5104	     26.4526	     14.6602	     23.7221	    -10.8101	     33.0486	   1059.0109	    897.6989	    475.2395	    286.8577	    167.4581	     95.7633	     22.6926	     17.3686	     39.0318	     30.7857	     62.0479	   1571.2319	    657.2989	    461.3413	    280.6497	    238.5876	    133.6549	     42.3996	     50.2672	     32.0654	     19.5531	     99.4594
      0.0560	      5.6784	     12.3178	     17.4557	     18.5345	     29.1279	     29.8262	     28.3263	     23.7263	     21.6873	     24.9862	     18.8375	     14.1661	     14.7151	     13.8871	     12.2534	     10.1398	     10.7729	      9.2196	      7.0097	      5.8826	      5.0743	      4.1462	      4.5328	      2.5508	     14.7605	     -0.0004	      0.6664	      5.6567	      3.5523	      7.2810	      9.1074	      9.5217	      9.9572	     10.8587	     11.6461	     10.7507	      9.6536	      9.4821	      9.9556	      6.9403	      6.4511	      5.9004	      6.0696	      6.0504	      4.4653	      5.3004	      3.2145	      3.4264	      3.0196	      1.0361	     11.7644	      5.1917	     22.2530	    741.7688	   2250.8529	   3377.0736	   3758.0225	   3939.4227	   3719.2776	   3063.5218	   2674.9313	   1866.1932	   1508.0158	    942.8288	    482.9646	    538.7091	    225.5985	    186.9211	     86.8478	    141.0568	     36.3748	     46.2554	     26.0603	    -16.5986	     -2.6217	     -1.4430	      0.1018	     17.4896	    204.6793	   2124.0866	   5083.6133	   7982.0787	   8760.8806	   8644.2871	   7335.8740	   6168.0048	   4598.5850	   3637.3052	   2032.9423	   1725.3573	   1335.4628	    609.9385	    634.6137	    395.2695	    264.7563	    219.2816	    179.8195	    152.3987	    116.9705	     66.3386	    -12.5787	    -11.0122	    113.0718	    706.6802	    541.5298	    301.6424	    182.5314	     67.7866	     14.0463	     45.0424	     11.7988	     30.3040	      0.6888	     40.3187	   1153.0051	    991.4370	    556.3180	    320.2456	    168.2924	     99.4489	     62.2179	     18.1434	     26.6093	     22.6488	     77.1416	   1252.4225	    675.1986	    475.7137	    289.2034	    185.3143	    112.7798	     62.7024	     57.4617	     13.7575	      5.7360	    105.5055
      0.0470	      9.0418	     13.8097	     21.7580	     20.1166	     30.3230	     28.8152	     23.7263	     32.3474	     17.3173	     24.7293	     16.9325	     13.2838	      8.8468	     15.6098	      9.7073	      8.1670	      9.4280	      9.1651	      5.3311	      6.3525	      1.8803	      4.5161	      2.7779	      0.4822	      5.5079	     -0.0091	     -0.2878	      3.6868	      2.6896	      9.0606	     10.2158	      9.3131	      7.8147	      9.2109	     13.1408	     10.6365	      7.0773	      8.1727	      9.6446	      6.7533	      6.4601	      7.0204	      2.4952	      6.7070	      5.3688	      3.8929	      1.9132	      3.5938	      2.0973	     -0.0904	      6.1685	      5.5979	     33.3731	    751.1165	   2380.7455	   3212.8492	   3890.8342	   3572.9797	   3622.8885	   3093.0809	   2839.7895	   1819.8863	   1422.6015	    878.9519	    158.7227	    590.0384	    104.7973	    238.3448	    101.4225	    192.9045	     17.5738	     43.7079	      2.7407	    -51.6514	    -11.8037	     -6.6977	     25.0632	      1.1722	    250.3045	   2222.5218	   4841.1907	   8092.7482	   8231.9133	   8880.1521	   7048.6580	   5868.6038	   4361.0576	   3750.6744	   1621.3620	   1660.0579	   1498.5016	    606.8623	    756.3293	    308.9720	    225.2826	    257.6947	    234.2087	    163.5081	    176.3529	     35.2694	    -95.7137	    -31.9089	    -53.9708	    715.0346	    611.8482	    249.3641	    204.8637	     31.7759	    -53.8695	     66.9139	     -6.3350	     62.9578	      4.4559	     66.7729	   1171.7230	   1115.3646	    578.5671	    353.8781	    158.5288	    118.6589	     81.6710	     10.7497	     36.3948	     -4.3581	     89.2530	   1391.8024	    806.6120	    571.8483	    379.4581	    214.5236	    141.9997	     89.5324	    106.8660	     19.3787	     -6.8479	    126.1797
     -0.0032	      0.0242	      6.4272	      8.9793	     14.4710	     23.3114	     30.3049	     21.6873	     17.3173	     29.4983	     21.6430	     19.7796	     16.1364	     19.4847	     12.4454	     15.1073	     13.8020	     11.8130	      8.4256	      9.1273	      4.9085	      8.9144	      5.0406	      6.3989	      5.3103	     27.8376	      0.0113	      1.8897	      6.5149	      4.1881	      4.8226	      6.2203	      9.1483	     12.3649	     13.2664	      9.3141	      9.3869	     11.3830	     10.9833	      9.1540	      6.1673	      8.1477	      5.4147	      9.5833	      6.3718	      4.3121	      7.1858	      5.1822	      3.1837	      2.6669	      4.0319	     23.0969	      4.7908	     13.4194	    532.5362	   1859.9795	   3161.2700	   3316.3724	   4089.1257	   3688.3875	   2929.8666	   2389.1647	   1923.8708	   1591.5464	   1143.3733	    870.4119	    512.9783	    458.0724	    122.8844	     68.1080	     63.2811	     74.8539	     54.3052	     37.4812	     54.9182	      8.4571	     -3.1559	    -23.6256	     33.9196	    126.2328	   1756.1127	   4672.5732	   7407.1741	   9088.4190	   8037.9459	   7647.5769	   6285.5097	   4848.4886	   3429.8264	   2743.0315	   1855.2880	   1287.2657	    668.7382	    474.1257	    538.8647	    305.3925	    206.2118	    165.5954	    132.8531	     41.5631	    114.9705	    109.4824	     81.0771	    340.6336	    734.5445	    546.1673	    425.1418	    220.2449	    148.4489	    112.2810	      7.0624	     34.8824	     -9.1798	     -2.0473	     20.1412	   1220.5577	    963.7254	    634.3186	    335.4640	    184.1560	     81.3973	     42.0574	     38.7400	     31.0126	     65.6714	     85.8145	   1375.5768	    661.0250	    434.1442	    211.4189	    184.8590	     66.9134	     21.2431	      0.0544	     30.0068	     37.5787	     85.7124
      0.0679	      5.2698	      9.6010	     16.2730	     16.9262	     27.3298	     28.7384	     24.9862	     24.7293	     21.6430	     31.6393	     19.2069	     13.9806	     15.1540	     15.2075	     13.1232	     10.6592	     11.7433	     10.6328	      7.7120	      6.0706	      5.0682	      4.1873	      4.9661	      2.4948	     15.3172	     -0.0028	      0.5521	      5.4507	      3.1446	      7.4059	      9.5849	      9.6997	     10.3998	     11.2630	     13.0264	     11.9233	      9.9504	     10.3076	     11.1616	      7.1847	      6.9724	      6.4963	      6.0507	      6.7957	      4.8542	      5.8222	      3.1209	      3.8667	      3.5966	      0.9575	     12.2588	      4.6457	     17.3006	    620.7816	   2045.5548	   3138.9152	   3596.8175	   3870.9778	   3697.4713	   3071.7158	   2803.5913	   1958.8710	   1636.3822	   1023.1154	    460.9043	    651.2449	    220.3207	    212.0782	    106.0228	    156.5634	     27.6252	     41.0129	     21.5300	    -31.0161	     -0.0175	      0.1167	     -6.1995	     11.0339	    219.0311	   2032.2611	   4947.1913	   8081.8736	   8719.4045	   8959.7283	   7674.5528	   6603.6804	   4908.3262	   4008.8263	   2116.2689	   1841.7242	   1497.9944	    662.2473	    693.4859	    438.1802	    280.5574	    245.7845	    190.0827	    173.7937	    121.0000	     60.3707	    -16.3570	    -22.1186	    124.4863	    754.7187	    599.8616	    322.1640	    193.0432	     64.5085	      2.9645	     53.2559	     11.9652	     36.8547	      2.3569	     49.8837	   1274.6699	   1110.1515	    631.1955	    339.8591	    170.4188	    102.3372	     78.5881	     17.0839	     25.8055	     21.9526	     84.4316	   1259.2922	    687.0957	    481.6784	    313.9233	    183.8074	    108.7474	     56.7948	     66.7866	     17.2656	      2.6086	    116.2359
      0.0208	      2.4601	      6.4804	      9.6948	     12.9440	     21.6642	     23.8235	     18.8375	     16.9325	     19.7796	     19.2069	     19.9922	     14.4205	     15.8679	     12.0836	     12.3189	     10.2932	     10.0868	      7.2126	      6.7588	      5.4802	      6.1241	      3.9079	      5.1219	      3.5504	     18.6830	      0.0055	      1.0479	      4.6160	      3.4848	      5.0519	      6.7051	      7.3730	      9.8725	     10.5011	      9.0963	      8.3768	      9.6437	      8.8687	      8.8777	      6.2005	      6.2679	      4.9388	      6.7914	      5.1580	      4.2174	      5.6235	      4.0235	      3.3911	      2.3327	      2.3971	     14.7820	      2.4866	     14.1203	    507.0179	   1694.4886	   2704.0560	   2931.8552	   3300.7023	   3181.4838	   2615.2927	   2139.8630	   1590.7856	   1328.0292	    882.6553	    571.6477	    433.6186	    344.5033	    135.2264	     65.8732	     87.4099	     41.5294	     37.1562	     24.8961	     23.8674	      8.0459	      1.1752	     12.3828	     22.4773	    132.6218	   1669.3937	   4020.6241	   6441.8749	   7482.5902	   7131.4521	   6363.7783	   5224.7639	   3963.8597	   3000.1290	   2092.2827	   1572.2511	   1109.4992	    577.0387	    508.4630	    437.1203	    246.3351	    183.1336	    145.5660	    124.0575	     82.9785	     70.6969	     62.8880	     40.9160	    164.9526	    646.7220	    477.6636	    323.2489	    186.8348	     96.6985	     55.6859	     20.6856	     22.8079	     11.8037	     -0.4232	     26.1569	   1089.0177	    834.8064	    534.7549	    290.7759	    162.0897	     75.1468	     42.3212	     23.8193	     27.4014	     39.7702	     71.3674	   1160.5125	    607.0384	    441.3148	    212.8340	    166.2167	     87.8351	     43.8997	     24.8404	     17.2610	     17.7046	     80.9104
     -0.0450	     -1.4195	      1.2986	      3.6257	      7.9049	     15.0705	     16.9842	     14.1661	     13.2838	     16.1364	     13.9806	     14.4205	     21.2598	     15.0833	     13.2284	     10.8926	     10.4511	      9.8558	      7.1971	      7.2639	      7.0619	      7.3601	      4.7013	      5.0402	      5.1495	     28.0805	      0.0065	      0.5840	      4.8553	      3.2645	      3.9575	      4.2439	      6.1360	     10.0628	      9.7108	      7.3451	      6.8930	     12.2325	      8.6543	      6.8100	      7.9166	      7.5536	      5.7739	      8.2762	      4.9547	      4.6110	      5.2338	      5.4797	      4.6331	      3.4027	      4.7722	     27.0080	     -1.6314	      0.5455	    267.9079	   1153.6416	   2204.6384	   2401.7612	   3026.6179	   2945.4097	   2604.9156	   1878.5329	   1706.3310	   1280.2833	   1030.6296	    770.8829	    309.9839	    531.5899	    177.5185	    125.3394	    121.7211	    113.6626	     30.3497	     33.1090	     35.9445	     32.1572	     10.6863	     66.4287	     12.1087	     49.8157	   1230.3226	   3531.4617	   5224.0920	   6812.5063	   6429.7194	   6078.6714	   5051.5234	   4133.4215	   3076.6580	   2660.7230	   1822.2073	   1310.7782	    980.3632	    600.3778	    552.8331	    394.0556	    284.0573	    178.4397	    130.5894	    136.2090	    115.2724	    152.3779	    102.4268	    384.3734	    561.4642	    421.7191	    347.6801	    154.2939	    112.9636	     93.9063	      6.3312	     37.2357	      3.9218	      9.9634	     26.3427	   1182.6437	    781.3248	    555.8127	    328.0222	    154.0825	     91.8305	     47.1306	     46.5292	     22.0413	     34.8424	     58.1272	    948.7722	    657.3305	    385.8315	    202.7092	    128.6473	     74.0374	     60.2119	      4.1740	     19.5975	     30.2601	     65.1759
      0.0069	     -2.6169	      1.0016	     -0.0262	      5.5763	     15.5321	     17.3392	     14.7151	      8.8468	     19.4847	     15.1540	     15.8679	     15.0833	     22.9563	     10.3045	     13.4914	     11.3301	     11.4207	      7.6728	      8.3343	      5.9556	      9.4551	      4.5168	      6.6219	      5.9171	     33.1168	      0.0122	      1.6349	      5.7030	      3.5061	      2.0178	      3.5719	      5.7187	     11.0886	     10.2808	      6.5280	      7.5195	     12.7711	      9.6350	      7.8086	      7.2609	      6.4847	      5.1779	     10.4006	      4.5082	      4.0681	      6.5777	      5.5702	      3.9583	      3.6209	      4.9343	     25.9960	     -2.9377	     -5.8977	    280.2291	   1026.4770	   2102.3204	   2083.6326	   2969.1011	   2710.1855	   2293.9894	   1716.5435	   1552.8488	   1359.4438	   1006.1557	    973.9971	    350.6364	    580.2618	    122.4063	    102.4984	     55.1585	    100.5744	     45.6149	     41.8311	     61.0678	     30.3976	     14.3916	     19.1313	     20.3487	     12.1878	   1156.2893	   3225.7240	   4835.0792	   6618.4309	   5979.7220	   5901.4784	   5057.0495	   4145.1290	   2968.5377	   2846.7481	   1815.8233	   1129.9104	    869.7460	    517.4840	    631.5566	    424.5525	    232.5160	    135.0504	    141.5035	     61.4909	    120.1820	    193.1287	     88.7159	    471.2027	    616.1497	    441.0187	    414.3759	    145.6515	    142.9145	    144.7780	      2.7153	     49.0027	    -24.1313	      7.3365	      6.6324	   1215.1853	    819.0449	    616.1346	    310.1379	    182.6561	     70.6843	     46.0535	     38.1290	     13.1316	     56.3196	     69.8224	    940.8833	    579.5907	    374.1887	    149.9915	    119.3186	     46.2953	     30.9356	    -30.6766	     13.0770	     32.2825	     66.1913
      0.0055	      1.8605	      2.8160	      7.0247	      8.5079	     16.2395	     14.5544	     13.8871	     15.6098	     12.4454	     15.2075	     12.0836	     13.2284	     10.3045	     14.9736	      8.1710	      7.4893	      8.5286	      7.6313	      5.4205	      6.1552	      4.4355	      4.2500	      3.6790	      2.6675	     18.0173	     -0.0023	     -0.0159	      2.7832	      1.9801	      4.6602	      4.8866	      5.4523	      7.3535	      7.0829	      8.2622	      6.9383	      8.4749	      7.3049	      6.6763	      6.6349	      5.6213	      5.8158	      4.9887	      5.0019	      4.4683	      3.9732	      3.5261	      3.8800	      2.8760	      2.5618	     17.3835	     -1.0381	      6.6699	    279.6975	   1129.9422	   1817.1105	   2202.7749	   2387.4147	   2407.3770	   2225.0641	   1844.3161	   1472.6268	   1167.7071	    832.8314	    459.3800	    394.4374	    330.8576	    191.4512	    110.6838	    139.1850	     70.7568	     30.0919	     18.8758	     -6.1369	     15.6763	      5.8616	     49.0575	      0.1509	     80.0414	   1188.2881	   2944.6461	   4739.3671	   5524.5912	   5913.4685	   5160.1199	   4400.6113	   3578.3349	   2873.3752	   1967.7129	   1516.1594	   1260.1058	    783.5463	    614.7844	    427.4537	    310.5005	    264.0416	    200.5913	    131.9271	    133.8244	     74.4909	     52.5603	     38.4449	    223.0056	    520.4913	    427.9392	    256.9536	    138.9265	     62.6393	     30.0811	     32.3536	     16.2638	     26.2496	      9.2726	     35.1377	   1027.6109	    811.1974	    509.2917	    296.5098	    129.2622	     88.5954	     64.9106	     28.1066	     22.1409	     14.9003	     64.5713	    851.2373	    587.5817	    375.9492	    232.0036	    124.2935	     77.8135	     60.3333	     44.1414	     16.3551	      9.2021	     81.1859
      0.0183	     -0.3297	      2.8227	      2.9290	      5.9976	     12.7378	     15.4128	     12.2534	      9.7073	     15.1073	     13.1232	     12.3189	     10.8926	     13.4914	      8.1710	     12.4519	      8.4313	      8.2864	      5.7687	      6.2453	      4.1022	      5.6968	      3.7665	      4.5157	      3.8088	     20.7877	      0.0060	      1.2259	      4.1023	      2.5910	      2.1701	      3.9143	      4.8869	      7.5901	      7.8288	      6.0601	      6.7735	      8.0798	      7.0891	      6.4948	      4.7365	      5.5617	      4.0517	      6.8498	      4.3241	      3.5353	      4.9405	      3.5969	      2.6761	      2.0123	      2.9882	     16.9806	      0.2851	      4.0534	    256.5196	    936.5627	   1655.9682	   1744.9049	   2284.7041	   2181.3392	   1810.8600	   1493.7112	   1237.0111	   1090.2825	    818.8640	    616.9579	    377.1410	    381.4241	    127.4171	     82.4187	     66.5730	     65.6801	     41.6156	     20.1948	     42.4774	     16.6893	      7.5359	     16.7373	     12.2162	     58.6706	    973.5959	   2463.9562	   4031.4599	   5059.0206	   4796.4414	   4673.8956	   3913.8206	   3187.5522	   2463.6442	   1998.1436	   1455.2808	    996.9706	    655.5741	    499.2408	    463.8150	    295.6899	    191.8809	    139.0587	    130.3816	     77.4308	     85.4407	    107.1296	     65.0414	    276.8360	    481.8840	    368.3984	    299.4504	    140.6253	    102.8141	     79.2002	     13.6845	     29.0298	     -5.7343	      3.9098	     22.9916	    916.3883	    682.5291	    480.1099	    252.4563	    149.7578	     62.4979	     43.2440	     23.6386	     19.8847	     33.8634	     71.9021	    785.0853	    453.6103	    304.5034	    142.4452	    111.9421	     49.7541	     20.8256	     -5.1066	     14.3639	     16.3307	     54.8878
     -0.0174	     -1.9028	      1.3373	      2.1381	      5.1375	      8.9052	     13.1907	     10.1398	      8.1670	     13.8020	     10.6592	     10.2932	     10.4511	     11.3301	      7.4893	      8.4313	     11.1266	      6.7935	      5.5026	      6.1271	      3.7744	      5.7783	      4.0370	      3.9708	      3.8364	     22.4421	      0.0057	      0.9814	      3.5693	      2.1561	      2.3091	      2.4185	      4.4920	      7.3831	      7.4659	      4.9794	      5.3356	      7.5217	      6.4031	      5.0865	      4.1401	      5.9171	      3.9963	      6.5362	      4.4303	      3.1632	      4.4478	      3.5676	      2.5061	      1.9451	      3.8104	     20.5876	      0.4863	      1.7670	    160.0047	    732.4014	   1361.6741	   1496.3302	   2052.6689	   1874.8111	   1562.0406	   1251.6695	   1117.4522	    932.1998	    789.8356	    600.4728	    297.2340	    361.7722	    112.0228	     90.2929	     49.0874	     83.6614	     38.6282	     24.0209	     43.1945	     16.1241	      3.6221	     11.5910	      9.2116	     35.6049	    765.3311	   2173.9166	   3456.3363	   4579.8636	   4075.0993	   4131.1536	   3498.5413	   2922.4501	   2147.8822	   1928.4830	   1287.4125	    963.6793	    654.0351	    389.3386	    412.2398	    285.4641	    200.5775	    143.5491	    107.0608	     54.7020	    105.4197	    103.5274	     83.6695	    345.8846	    387.4975	    318.3158	    266.8000	    133.7352	    104.7807	     82.7006	      1.2966	     26.2396	     -9.7460	      6.9815	     23.5733	    801.4027	    608.5623	    435.5286	    245.3662	    119.6568	     64.9198	     42.4525	     33.9818	     18.5003	     38.0718	     65.6467	    697.6350	    405.1210	    235.0750	    130.8324	    101.0651	     25.4683	     16.5521	     -8.1638	     19.8143	     28.5901	     54.2084
      0.0228	      0.3373	      1.7763	      2.5921	      4.7857	     12.0365	     11.4548	     10.7729	      9.4280	     11.8130	     11.7433	     10.0868	      9.8558	     11.4207	      8.5286	      8.2864	      6.7935	      9.7892	      5.8803	      5.2382	      4.7080	      4.9763	      3.5051	      3.9712	      2.9653	     18.9515	      0.0025	      0.5832	      3.0270	      1.8736	      2.2871	      3.4530	      4.2139	      6.6584	      6.2609	      5.8455	      5.9533	      7.5841	      6.4771	      5.7000	      5.2973	      4.6093	      4.4305	      5.9172	      3.7873	      3.4742	      4.0634	      3.3149	      2.9394	      2.4679	      2.6086	     16.0256	     -1.8410	      0.6189	    202.7335	    772.5593	   1340.9085	   1507.2699	   1882.1688	   1849.3088	   1645.9391	   1368.7373	   1127.0134	    977.5154	    718.5947	    522.1424	    320.2295	    340.1372	    134.3268	     90.8215	     79.2624	     64.0022	     31.4785	     23.3661	     18.2680	     17.1873	     10.3469	     26.8096	      3.6520	     39.4043	    863.5322	   2151.8291	   3476.7871	   4347.2656	   4423.1860	   4102.4883	   3554.5101	   2949.6879	   2345.2555	   1829.8949	   1345.7962	    973.3585	    666.6846	    490.1107	    421.5055	    299.9608	    206.4101	    139.1762	    125.4626	     85.7751	     78.3751	     83.4059	     41.0344	    261.2247	    453.5656	    361.7563	    267.6221	    120.4165	     79.4798	     60.3809	     21.0615	     23.5188	      3.2365	      7.8088	     25.1385	    904.7422	    687.7037	    471.4723	    246.7229	    131.6747	     68.3631	     55.1168	     23.9170	     15.0047	     23.6614	     65.5079	    646.3150	    430.5716	    284.8732	    145.7779	     92.0101	     45.6690	     33.4449	      7.7334	      9.2723	     11.9564	     58.8647
      0.0365	      0.3437	      1.3347	      4.4753	      4.1936	      9.1642	      8.2630	      9.2196	      9.1651	      8.4256	     10.6328	      7.2126	      7.1971	      7.6728	      7.6313	      5.7687	      5.5026	      5.8803	      8.2763	      4.3895	      4.1794	      3.4556	      3.5428	      2.7909	      1.8769	     16.8841	     -0.0041	      0.0815	      2.1620	      0.8188	      2.9087	      2.4699	      3.4307	      4.8555	      4.7405	      5.4531	      5.4450	      5.8546	      5.3958	      4.7554	      4.4673	      3.8310	      4.2342	      4.2940	      4.0902	      2.8437	      2.9932	      2.3071	      2.5894	      2.9613	      2.0571	     15.5204	     -1.8537	     -1.2735	    127.2155	    525.5892	    879.4212	   1135.5480	   1391.2148	   1294.3205	   1249.1650	   1172.2363	   1014.6423	    838.1334	    637.9679	    407.7774	    334.1051	    249.8841	    160.2325	    103.9368	     99.5613	     77.0549	     28.7824	     23.1571	     -9.1875	     12.4706	      8.5406	     21.4218	     -6.7889	     20.3275	    543.4219	   1559.7609	   2514.5332	   3047.2664	   3387.7192	   3136.2109	   2897.8058	   2544.2439	   2100.1406	   1474.1464	   1165.9300	    994.6565	    680.5536	    500.2420	    367.8135	    299.8077	    240.0088	    183.7881	    122.9462	     85.5900	     86.0213	     48.1981	     17.6850	    288.0131	    347.1272	    321.5063	    187.5931	     80.7107	     40.3833	     29.3976	     26.4137	     13.0536	      9.5085	     10.1085	     25.2882	    738.3347	    646.5243	    396.8111	    216.0079	     85.1726	     65.4498	     67.2054	     23.3480	     11.3660	     10.3264	     55.0112	    453.9816	    383.0187	    198.2895	    158.2002	     65.6889	     28.2161	     31.2371	     26.2493	      9.9025	      3.5126	     62.0776
      0.0027	     -1.7167	      0.6139	      1.1626	      2.6861	      5.5409	      7.8690	      7.0097	      5.3311	      9.1273	      7.7120	      6.7588	      7.2639	      8.3343	      5.4205	      6.2453	      6.1271	      5.2382	      4.3895	      6.3882	      2.9289	      4.1149	      2.9773	      2.8709	      2.9267	     17.6857	      0.0032	      0.7076	      2.8557	      1.4048	      1.2328	      1.6563	      3.0446	      4.9949	      4.9470	      3.7132	      4.4755	      5.8517	      4.9587	      3.6655	      3.4122	      4.1743	      3.0575	      5.1705	      3.3643	      2.2589	      3.1750	      2.5404	      2.0156	      1.9703	      2.7286	     16.1805	     -0.5556	     -3.9721	     94.3551	    413.2799	    866.1595	    933.0307	   1411.9204	   1254.2003	   1073.0985	    871.6023	    842.3037	    700.0521	    596.1394	    477.9266	    239.7885	    277.9089	    101.1981	     85.5574	     51.8176	     74.4285	     28.3053	     17.8906	     27.5262	     16.6964	      7.1961	     13.6036	      2.9118	     16.1472	    466.7874	   1469.2131	   2182.9279	   2973.3086	   2716.1086	   2874.0238	   2527.2438	   2179.8345	   1657.2129	   1480.2884	   1033.4840	    757.1368	    571.9203	    352.0254	    339.3679	    253.9746	    171.9609	    115.5229	     94.8090	     53.0161	     84.4796	     89.8162	     57.6560	    294.8806	    271.0634	    229.2484	    197.4549	     77.1073	     70.7549	     63.8976	      5.4366	     21.5246	     -8.8067	      6.9612	     17.7504	    602.4974	    453.0628	    326.6196	    177.4204	     89.6633	     49.3197	     37.5765	     23.9549	     10.1998	     21.7551	     47.6091	    456.2826	    328.6483	    175.0137	    110.4961	     67.8313	     21.5825	     15.8737	     -7.6437	     12.2863	     15.9690	     39.4482
      0.0226	      0.8077	      0.7724	      2.0782	      2.4355	      7.3802	      4.4157	      5.8826	      6.3525	      4.9085	      6.0706	      5.4802	      7.0619	      5.9556	      6.1552	      4.1022	      3.7744	      4.7080	      4.1794	      2.9289	      6.6865	      2.5214	      2.5387	      2.2608	      1.3201	     12.5129	     -0.0021	     -0.2225	      1.2706	      1.0096	      1.8435	      2.0713	      2.2487	      3.6209	      3.2224	      3.8180	      3.6996	      4.6670	      4.1782	      3.2511	      4.0680	      2.7758	      3.4967	      3.5246	      2.6758	      2.5311	      2.2095	      2.1536	      2.5877	      2.1140	      1.8134	     11.5254	     -4.0140	     -1.6331	    107.1021	    457.4500	    650.4019	    854.9134	    936.1399	   1041.7975	   1026.4163	    827.5418	    697.4428	    560.7013	    467.5699	    281.1375	    169.4350	    241.1130	    120.4951	     84.6077	     71.7259	     57.0792	     12.5640	     21.8418	     -1.2735	     16.8889	     12.4223	     45.5879	     -6.4661	     10.4646	    534.6655	   1241.8435	   1907.2821	   2355.9171	   2645.9547	   2278.8796	   1996.2824	   1796.5141	   1538.0680	   1162.1783	    920.0162	    705.2786	    560.4011	    392.8750	    285.0332	    233.2385	    179.4114	    117.0840	     97.5489	     86.6206	     64.2622	     45.8317	     20.0678	    177.8232	    267.7675	    226.0894	    144.3297	     75.1623	     38.2485	     22.8766	     17.1638	     14.5462	      9.6561	      9.8420	     27.6622	    588.4528	    434.4783	    293.9324	    154.0576	     70.7029	     52.1943	     52.0676	     19.0658	      8.8099	      6.1432	     43.9486	    411.7970	    368.3994	    239.7854	    133.5775	     66.5561	     38.2907	     44.8095	     17.1333	      2.4831	      6.1746	     48.3953
     -0.0289	     -3.1865	     -1.6627	     -2.3795	      1.3867	      4.1402	      6.0118	      5.0743	      1.8803	      8.9144	      5.0682	      6.1241	      7.3601	      9.4551	      4.4355	      5.6968	      5.7783	      4.9763	      3.4556	      4.1149	      2.5214	      6.6324	      2.2006	      3.1749	      3.3640	     19.2439	      0.0079	      0.7233	      2.4302	      1.4524	      0.4080	      0.1134	      2.2753	      5.3961	      4.5691	      1.9926	      2.2156	      6.3645	      4.5344	      2.5780	      3.5191	      3.2400	      2.2984	      5.4594	      2.0045	      1.5821	      3.1453	      3.1833	      1.9700	      2.0664	      3.3885	     16.7413	     -1.9707	     -7.8455	     44.8611	    261.1092	    790.3987	    742.2660	   1284.1589	   1045.5628	    919.9657	    580.0727	    658.2460	    557.5192	    436.4751	    524.0354	     90.0581	    306.3789	     28.2475	     48.6982	      4.0673	     63.3395	     16.5130	     24.8657	     35.8107	     18.2708	      4.4464	      1.7040	     12.1318	    -34.2199	    330.5750	   1268.4114	   1715.9001	   2814.0367	   2271.8355	   2447.7839	   2168.5370	   1813.2973	   1110.0442	   1429.1811	    724.8008	    465.1835	    411.6510	    127.4073	    290.9959	    200.1320	    102.3162	     59.0313	     38.0615	     -4.3659	     69.9891	    116.8529	     60.9274	    312.2017	    226.7568	    146.3649	    184.8805	     50.7727	     76.8406	     93.9843	    -10.8415	     26.1906	    -19.9748	      4.3379	     -8.9252	    487.8340	    296.2708	    256.1545	    139.9341	     66.9427	     29.3878	     15.5869	     28.0616	      2.8694	     38.2979	     24.3374	    380.0484	    224.9040	    127.4968	     48.8987	     42.5174	      2.7612	      9.2522	    -24.5046	     10.5163	     26.9229	     27.4032
