      0.0520	      0.0609	      0.0836	      0.0789	      0.0318	      0.0865	      0.0059	      0.0551	      0.0482	     -0.0036	      0.0679	      0.0205	     -0.0443	      0.0069	      0.0055	      0.0184	     -0.0175	      0.0228	      0.0365	      0.0027	      0.0226	     -0.0289	      0.0102	      0.0072	     -0.0278	     -0.0425	     -0.0001	     -0.0001	      0.0065	     -0.0002	      0.0081	      0.0406	      0.0028	     -0.0187	     -0.0115	      0.0299	      0.0547	     -0.0302	      0.0107	      0.0339	     -0.0043	     -0.0217	      0.0101	      0.0030	      0.0139	      0.0106	      0.0085	     -0.0209	     -0.0017	      0.0092	     -0.0310	     -0.0816	     -0.0336	      0.0942	      3.6457	      6.2048	      0.5358	      2.5312	     -1.4490	      1.2864	      1.4592	      6.8177	      2.8710	      4.8401	      3.0806	     -0.6201	      4.1350	     -0.2202	      1.6716	      0.7618	      0.8176	     -0.0061	      0.2000	      0.1873	     -0.3305	     -0.0183	      0.2214	      0.2655	     -0.2386	      1.0670	      7.8399	      3.9785	      7.1469	     -6.0168	      5.0452	      0.1299	      1.3829	      4.3650	     11.0176	     -1.4659	      6.4373	      5.0295	      3.1068	      5.8479	      1.8049	      1.3602	      1.2355	      1.3312	      1.6788	      0.9448	      0.3302	     -0.8697	     -0.9410	     -0.8220	      1.5064	      1.7966	     -0.1680	      0.2767	     -0.5197	     -0.8071	      0.5972	     -0.1539	      0.1973	      0.0300	      0.4255	      1.5016	      3.1750	      1.1136	     -0.0764	      0.2936	      0.0600	      0.7593	     -0.3023	      0.0329	     -0.3411	      0.6765	     -1.5158	      0.6296	      0.9061	      0.4234	      0.0600	      0.1692	      0.0379	      0.3410	     -0.2687	     -0.5531	      0.2675
      0.0609	      7.7607	      7.5461	      9.0936	      6.3819	      8.3613	      4.5216	      4.6084	      7.2573	      0.2190	      4.3614	      2.0671	     -0.9876	     -1.8002	      1.5499	     -0.0956	     -1.4187	      0.4182	      0.3668	     -1.2719	      0.6925	     -2.4114	     -0.3747	     -0.4336	     -2.2000	    -10.9073	     -0.0055	     -0.2608	     -0.1105	      0.2983	      2.4038	      3.5277	      1.2739	     -0.8576	     -0.0035	      2.6101	      1.6651	     -2.1471	     -0.0918	      1.8617	      0.2552	     -0.4815	      0.5884	     -2.4658	      0.1533	      0.8610	     -0.4613	     -1.1548	     -0.0329	     -0.7179	     -2.1461	    -10.8148	      1.5203	     18.6919	    393.3580	    865.1574	    736.1370	    905.7807	    357.9394	    554.4628	    399.4692	    507.2309	     39.0220	     46.9933	   -100.7116	   -297.2947	    110.4434	   -153.9133	     29.6489	    -12.4783	     27.9960	    -56.5141	     -4.1090	     -8.2914	    -35.7765	    -13.9281	     -1.4254	      3.4868	     -2.2414	    109.3208	    727.4416	    839.5586	   1488.1280	    666.6185	   1179.3659	    342.8711	    154.3764	   -109.8594	    233.9929	   -500.9270	    -50.3144	      4.4255	   -157.5422	    101.8921	    -78.1498	    -81.3934	    -11.4772	      4.6655	     33.7950	     37.9164	    -44.7065	   -101.5262	    -60.4680	   -258.9264	    219.5649	    200.8195	     26.9827	     66.3908	    -25.4643	    -68.3292	     29.5927	    -11.0162	     29.8998	     -2.7294	     26.8515	    219.3018	    278.3854	    108.1810	     35.4733	     27.2019	     16.1213	     17.9884	    -15.1137	     11.0464	    -14.1675	     21.1360	    333.9119	    160.8803	    171.8884	     77.7133	     41.0814	     43.9266	     24.4975	     47.1353	     -3.0587	    -15.6010	     27.5595
      0.0836	      7.5461	     20.2531	     16.4660	     13.7740	     14.4108	     13.0321	     10.1068	     11.9108	      5.0121	      8.1214	      5.3043	      1.0671	      0.3955	      2.4920	      2.1741	      0.9088	      1.3874	      1.0655	      0.3141	      0.6670	     -1.6528	      0.7536	     -0.1332	     -1.2903	     -8.6567	     -0.0019	      0.2160	      2.1083	      1.8878	      4.1773	      5.4986	      3.6201	      1.2296	      2.0922	      4.1059	      3.7535	     -0.7715	      0.9733	      3.0083	      0.5065	      1.3884	      1.3074	     -1.4218	      1.0363	      1.3935	      0.5523	     -1.0821	      0.1289	     -0.8832	     -1.4993	     -8.5189	      4.7750	     34.1942	    873.0802	   1830.2121	   1970.0926	   2062.7677	   1534.9958	   1496.4630	   1003.8318	    965.2280	    251.9300	    247.5345	     22.1368	   -233.0310	    169.9563	   -146.9328	     36.8452	     16.8621	     32.1170	    -44.9291	     16.7669	    -14.5391	    -22.1860	    -16.7125	     -6.4287	     -4.2767	      3.0564	    200.8000	   1620.4524	   2472.7256	   3452.2471	   2494.9939	   2449.8765	   1323.8217	    900.5032	    311.1838	    526.1367	   -321.2541	    117.3851	    129.6668	   -108.6524	    149.5765	    -30.6123	    -39.1023	     -7.3613	     28.6916	     59.5646	     45.5418	    -31.6223	   -103.0678	    -44.7611	   -227.2809	    265.3710	    209.0003	     46.1453	     82.4974	     -5.6452	    -58.5374	     32.8775	     -9.5390	     24.6994	     -2.3501	     30.3755	    242.4169	    312.4664	    125.2732	     72.4229	     51.7866	     25.3558	     12.4896	    -17.9276	     11.8903	     -9.4260	     37.1331	    610.5841	    237.1023	    244.9225	    121.9516	     86.8764	     64.5519	     28.6715	     47.0729	     -0.2748	     -9.2564	     42.8752
      0.0789	      9.0936	     16.4660	     26.4364	     17.7237	     19.9571	     18.7234	     15.3101	     19.3092	      8.0363	     14.4606	      8.7837	      3.3948	      0.2305	      6.2239	      2.7615	      1.9073	      2.3720	      3.7667	      0.9933	      1.8239	     -2.0463	      1.0001	     -0.2029	     -2.0628	    -11.0548	     -0.0080	     -0.0175	      2.4024	      1.5760	      7.0264	      7.3889	      5.6818	      1.8023	      4.1114	      7.4276	      5.3912	      0.1945	      2.7782	      5.0563	      1.9979	      2.0959	      2.3536	     -2.1795	      2.9093	      1.8248	      0.5663	     -0.8106	      0.7891	      0.2254	     -2.5200	     -8.8894	      7.1471	     34.6683	    890.1848	   2090.5128	   2445.6193	   2764.9925	   2149.2682	   2066.0248	   1573.1649	   1552.2791	    731.7934	    516.4840	    152.2538	   -269.5374	    319.3808	   -205.5623	     94.2661	     26.8174	     93.0054	    -44.5627	     11.2491	    -12.4159	    -61.6787	    -25.9579	    -13.0191	    -14.9057	      5.3666	    245.9113	   1781.1768	   3306.7795	   4965.7395	   4004.6967	   4248.1309	   2780.3603	   2221.6830	   1258.5937	   1286.1028	   -175.6710	    360.0226	    442.2490	    -56.5112	    259.8197	    -42.6333	    -52.6389	     55.5288	     92.3173	     61.0763	     68.7554	    -27.4684	   -155.6257	    -77.2623	   -277.7015	    414.3371	    376.7015	     68.8677	    114.8891	    -26.9974	    -95.0852	     45.4405	    -20.9078	     49.3738	     -5.2201	     39.7469	    451.0989	    590.2070	    218.5159	    135.1962	     53.7506	     52.1015	     30.4809	    -10.4360	     23.2117	    -13.4349	     33.2299	    976.5316	    507.9426	    378.6835	    253.5883	    138.4604	     99.6714	     58.4411	     94.9723	     11.1772	    -12.4810	     75.5893
      0.0318	      6.3819	     13.7740	     17.7237	     21.4488	     21.6730	     23.2214	     17.2492	     18.8177	     13.6180	     15.9640	     12.1767	      7.2888	      5.3359	      7.8438	      5.7222	      4.7974	      4.5147	      3.8080	      2.5018	      2.1888	      1.2844	      1.4222	      1.3855	      0.0227	     -2.8397	      0.0003	      0.3770	      2.9438	      2.5071	      6.4467	      6.9288	      6.7846	      5.1890	      6.2797	      7.3765	      5.4168	      3.2177	      4.5481	      5.6037	      2.9585	      3.2358	      2.5482	      0.6482	      3.0341	      1.9868	      2.2229	      0.8035	      1.2758	      0.5023	     -0.7595	     -2.8504	      7.7954	     32.7800	    861.7691	   2197.5429	   2916.3534	   3155.5167	   2820.8045	   2589.9632	   1973.6600	   1677.4109	    917.6290	    694.1469	    250.1260	    -16.4607	    254.1608	    -86.6940	     38.4972	     -8.1157	     55.0507	    -40.2719	     14.5850	      0.7541	    -28.3947	    -22.4375	    -17.0262	    -27.8056	     24.0137	    221.6571	   1961.0463	   4084.8025	   6049.9232	   5889.2746	   5480.2767	   4103.9121	   3234.2300	   1959.3422	   1431.3926	    386.1074	    427.6594	    413.4815	    -91.0191	    121.5535	      4.9802	    -53.7427	      6.4835	     54.8096	     24.1315	     21.5984	    -18.7524	    -93.8438	    -39.6514	   -185.3335	    444.8096	    306.2527	    112.0837	    123.8317	     15.6785	    -32.1575	     28.1214	     -9.2340	     33.8416	     -8.6018	     15.4354	    494.1359	    491.3357	    215.9281	    152.5087	     73.5784	     46.6652	      7.3762	      0.3033	     22.0598	     16.5056	     31.4617	   1070.7686	    427.8131	    363.3781	    208.9293	    153.5131	     99.7024	     46.0070	     67.1204	     15.0086	      5.6259	     73.4554
      0.0865	      8.3613	     14.4108	     19.9571	     21.6730	     52.3065	     39.0631	     28.2028	     29.9532	     22.4610	     26.7888	     21.0468	     14.4122	     14.7555	     15.8048	     12.2667	      8.4466	     11.6292	      8.8210	      5.1869	      7.1179	      3.7367	      3.8590	      4.1694	      0.7662	      7.6968	     -0.0032	      0.1689	      6.4245	      3.7580	      9.1759	     10.4362	      9.9186	      9.1108	     10.0915	     12.7152	     10.7033	      8.2120	      9.1087	     10.3221	      6.8941	      4.6122	      6.3112	      3.5806	      5.8334	      4.8449	      4.6095	      2.5859	      3.5894	      2.4124	     -0.6382	      2.4359	      4.6870	     43.2214	    970.1513	   2987.9558	   4031.4292	   4418.6001	   4071.0571	   4069.6822	   3425.3124	   3068.9934	   1933.6661	   1570.4537	    916.3823	    328.8395	    541.8156	    211.8118	    199.7729	     16.5616	    185.5984	      1.8983	     54.1365	     26.2884	    -45.3390	    -17.0076	     -4.8769	      5.0878	     15.8920	    238.8560	   2783.3246	   5869.7064	   9596.2279	  10045.3211	  10298.0351	   7874.9826	   6216.8313	   4564.7836	   3728.7989	   1645.1653	   1614.8187	   1269.9522	    391.2715	    651.5955	    338.0974	    209.5054	    198.7857	    175.3082	    162.0650	    146.9685	     16.6429	    -87.0262	    -61.7279	   -114.8878	    709.4149	    509.6956	    237.4784	    175.7574	     31.1447	    -40.2183	     56.2239	      2.6238	     49.2159	     -2.1394	     41.2314	   1011.2136	    914.1837	    449.3471	    244.5658	    138.8312	     91.1657	     57.2842	     -2.1562	     26.2647	      2.4108	     65.4311	   1412.5906	    731.0193	    584.9832	    319.4476	    207.8430	    146.3914	     85.3161	     85.3646	      8.5007	     -6.7874	    120.1512
      0.0059	      4.5216	     13.0321	     18.7234	     23.2214	     39.0631	     59.1648	     29.2017	     28.5876	     29.6629	     28.2804	     23.4425	     16.6247	     16.8815	     14.3099	     15.0859	     12.8191	     11.2188	      8.0240	      7.5861	      4.3223	      5.7518	      3.8543	      4.6168	      3.4574	     13.1966	      0.0070	      1.3786	      8.8758	      4.8004	      8.8597	      9.8055	     12.0322	     11.6077	     13.5419	     12.2124	     11.0783	      9.6633	     10.0925	     10.5748	      5.4189	      8.0392	      5.0702	      5.7625	      7.0471	      3.9512	      5.8604	      3.6828	      2.4307	      1.8213	      0.6907	      9.2836	     13.1243	     46.2418	    867.7470	   2898.4382	   4390.0126	   4584.4916	   4817.3436	   4458.9492	   3516.4249	   3088.8508	   2184.3671	   1679.5840	   1130.2090	    583.0037	    588.8009	    247.3169	    154.2668	    -18.6714	    145.6753	     22.3308	     68.8584	     25.1401	      5.8564	    -22.4152	    -17.8110	    -42.0310	     40.7565	    259.4582	   2576.1077	   6333.9618	  10249.7775	  11414.7556	  10377.4813	   8886.3059	   6894.7036	   5009.0770	   3735.4502	   1968.3893	   1685.7492	   1255.6477	    295.7089	    499.0879	    337.8928	    156.1506	    149.5638	    156.1719	    130.4888	    100.9944	     47.4980	    -36.3443	     12.9476	     -1.7382	    710.4909	    489.2260	    313.4431	    225.0461	     88.9114	     16.4590	     27.2541	     13.4196	     24.9907	    -10.9915	     33.0855	   1042.8807	    886.4675	    466.5691	    282.1826	    165.7348	     94.5084	     21.9308	     15.9728	     38.8284	     29.3681	     61.0926	   1553.5343	    645.9752	    459.5645	    278.0733	    236.8646	    134.2991	     42.9345	     51.6482	     31.1381	     18.2511	     98.4755
      0.0551	      4.6084	     10.1068	     15.3101	     17.2492	     28.2028	     29.2017	     27.8597	     23.6376	     21.4221	     24.7769	     18.6584	     13.9812	     14.4647	     13.7208	     12.1009	      9.9778	     10.6223	      9.0443	      6.8661	      5.7630	      4.9370	      4.0410	      4.4500	      2.4656	     14.0777	     -0.0004	      0.7157	      5.5157	      3.2782	      7.0374	      8.9159	      9.3893	      9.7734	     10.7214	     11.5587	     10.6313	      9.4684	      9.3414	      9.8797	      6.8254	      6.3625	      5.8106	      5.9040	      5.9621	      4.4141	      5.2143	      3.1334	      3.3535	      2.9192	      0.9411	     11.1306	      5.3224	     22.5015	    738.7537	   2239.4560	   3352.9715	   3732.9402	   3897.4014	   3685.3241	   3030.6615	   2649.7613	   1837.4620	   1484.6009	    921.6199	    465.1713	    532.2089	    214.0192	    182.7253	     83.3141	    138.5129	     32.5555	     45.4058	     24.9637	    -17.0431	     -3.4378	     -1.8510	     -0.7752	     17.7121	    205.7602	   2110.8616	   5036.3613	   7922.8325	   8674.4175	   8564.2479	   7253.0869	   6092.5015	   4527.2954	   3583.8965	   1983.0250	   1690.9789	   1308.3840	    586.1393	    621.9898	    382.4980	    254.2064	    212.2088	    174.8290	    149.0704	    115.2110	     62.8634	    -15.9233	    -12.5263	    100.0494	    703.6735	    538.4247	    298.2398	    182.7665	     66.7785	     12.2262	     45.0475	     11.2080	     30.8122	      0.3537	     40.2557	   1142.7178	    983.6631	    550.9756	    317.4653	    167.7104	     98.6161	     60.9653	     17.4289	     26.7839	     22.2764	     76.4586	   1248.5628	    667.4499	    473.7501	    287.2894	    185.0805	    113.2767	     62.2795	     57.9221	     13.6722	      5.4401	    104.7318
      0.0482	      7.2573	     11.9108	     19.3092	     18.8177	     29.9532	     28.5876	     23.6376	     32.5524	     17.1523	     24.8087	     16.8845	     13.1861	      8.6731	     15.5530	      9.6343	      8.0358	      9.3572	      9.0870	      5.2239	      6.2871	      1.7420	      4.4384	      2.7143	      0.3786	      4.8078	     -0.0093	     -0.0175	      4.0989	      2.4957	      8.9382	     10.1218	      9.2991	      7.6547	      9.1108	     13.1648	     10.6294	      6.9409	      8.0985	      9.6606	      6.6922	      6.3833	      6.9739	      2.3493	      6.6623	      5.3461	      3.8371	      1.8289	      3.5458	      2.0356	     -0.2165	      5.5062	      5.7477	     33.8711	    755.8740	   2389.4840	   3213.6211	   3895.4663	   3557.0543	   3615.0398	   3083.4092	   2838.4900	   1805.1763	   1412.0316	    863.9113	    140.9334	    589.1850	     92.8678	    236.6119	     99.0182	    192.4439	     13.8539	     43.2048	      1.8404	    -53.0174	    -12.7540	     -7.0752	     24.3303	      1.2968	    253.6328	   2229.0881	   4834.2249	   8097.4973	   8204.2980	   8869.8628	   7016.4147	   5839.2612	   4323.9388	   3729.7163	   1579.3437	   1639.3207	   1483.6654	    587.9599	    751.6017	    298.5468	    216.8934	    252.6191	    231.4528	    161.9152	    176.1202	     32.1996	   -100.5883	    -34.8188	    -67.9018	    716.8464	    612.7568	    246.5921	    205.7301	     30.1052	    -56.7564	     67.7998	     -7.2169	     64.0497	      4.1256	     67.0843	   1168.1285	   1115.6791	    576.1257	    352.9341	    158.7757	    118.5144	     81.2544	      9.8166	     36.6421	     -4.9900	     89.1988	   1393.4331	    802.9904	    573.3283	    379.9903	    215.3701	    143.5452	     89.8323	    108.3451	     19.0650	     -7.6712	    126.3094
     -0.0036	      0.2190	      5.0121	      8.0363	     13.6180	     22.4610	     29.6629	     21.4221	     17.1523	     29.5137	     21.5574	     19.7938	     16.1298	     19.5092	     12.4146	     15.1125	     13.7996	     11.8084	      8.3790	      9.1144	      4.8933	      8.9248	      5.0208	      6.4056	      5.3155	     27.7857	      0.0115	      1.7092	      6.0277	      3.8730	      4.6252	      6.0697	      9.0638	     12.3221	     13.2860	      9.2920	      9.3598	     11.3819	     10.9740	      9.1485	      6.1538	      8.1408	      5.3953	      9.5858	      6.3447	      4.3054	      7.1901	      5.1849	      3.1743	      2.6440	      4.0331	     23.0165	      4.7979	     13.4431	    533.0834	   1860.5734	   3162.7322	   3315.5123	   4088.2354	   3688.3782	   2927.6604	   2384.8079	   1918.6335	   1588.4782	   1139.9388	    869.7012	    510.7173	    457.6598	    121.2472	     67.1918	     62.0146	     74.0709	     54.1660	     37.3630	     55.3920	      8.4057	     -3.2120	    -23.8531	     34.1564	    126.2560	   1757.1408	   4670.5779	   7405.1156	   9088.4608	   8031.4638	   7641.6203	   6277.6895	   4838.6427	   3419.3643	   2739.4958	   1849.6645	   1280.1860	    663.6849	    470.2248	    537.3757	    303.4353	    204.0819	    163.8803	    132.0166	     40.6571	    114.3870	    109.7139	     81.2444	    338.7938	    734.9726	    545.5858	    425.5651	    220.5722	    148.9063	    112.7230	      6.8198	     34.9782	     -9.3647	     -2.1464	     19.9230	   1219.6615	    961.6709	    633.7897	    334.9793	    184.4263	     81.0619	     41.5290	     38.6409	     31.0088	     65.9704	     85.7470	   1377.1215	    659.7683	    434.6575	    210.4385	    185.0037	     66.9809	     21.0594	     -0.3367	     29.9604	     37.7427	     85.4456
      0.0679	      4.3614	      8.1214	     14.4606	     15.9640	     26.7888	     28.2804	     24.7769	     24.8087	     21.5574	     31.6124	     19.1733	     14.0378	     15.1036	     15.2163	     13.0879	     10.6304	     11.7274	     10.6256	      7.6846	      6.0819	      5.0440	      4.1820	      4.9524	      2.4667	     15.2042	     -0.0028	      0.6330	      5.5161	      2.9517	      7.2269	      9.4149	      9.6436	     10.3383	     11.2265	     13.0282	     11.9074	      9.9304	     10.2972	     11.1575	      7.1845	      6.9542	      6.5005	      6.0150	      6.7865	      4.8570	      5.8088	      3.1111	      3.8709	      3.5906	      0.9449	     12.1778	      4.6227	     17.3904	    621.4049	   2047.4713	   3137.1993	   3598.1897	   3865.9676	   3695.5243	   3071.2081	   2803.2877	   1955.7136	   1633.9530	   1020.2904	    456.5727	    650.1122	    218.7610	    211.9216	    105.9536	    156.5913	     27.1760	     40.7598	     21.4514	    -31.4518	     -0.1059	      0.0545	     -6.0101	     10.9254	    219.3252	   2034.3578	   4945.3601	   8082.1725	   8713.6802	   8960.2591	   7666.5481	   6596.9492	   4901.4398	   4004.9238	   2109.4648	   1837.4645	   1496.6036	    660.2731	    692.5358	    436.3320	    279.3074	    245.3852	    190.0289	    173.4306	    121.0355	     59.9846	    -17.4312	    -22.6384	    122.2786	    754.7434	    600.0634	    321.1857	    193.1812	     64.0584	      2.2809	     53.3924	     11.7423	     37.1666	      2.3683	     49.9910	   1273.7017	   1110.2253	    630.6763	    339.7433	    169.9894	    102.3576	     78.6805	     17.0053	     25.8178	     21.8503	     84.4354	   1259.7127	    687.2601	    482.5677	    314.2867	    183.9364	    108.9163	     57.1323	     67.2730	     17.1977	      2.5470	    116.4563
      0.0205	      2.0671	      5.3043	      8.7837	     12.1767	     21.0468	     23.4425	     18.6584	     16.8845	     19.7938	     19.1733	     19.9958	     14.4359	     15.8793	     12.0796	     12.3199	     10.2962	     10.0856	      7.1992	      6.7563	      5.4779	      6.1343	      3.9028	      5.1249	      3.5565	     18.6886	      0.0055	      0.9879	      4.5124	      3.2639	      4.9230	      6.5935	      7.3227	      9.8486	     10.5065	      9.0875	      8.3617	      9.6513	      8.8684	      8.8726	      6.2015	      6.2689	      4.9336	      6.7946	      5.1497	      4.2148	      5.6248	      4.0299	      3.3912	      2.3291	      2.4033	     14.7845	      2.4865	     14.1094	    506.9723	   1694.3940	   2705.1026	   2931.9523	   3301.3758	   3181.8666	   2615.2967	   2138.2816	   1589.6859	   1327.0648	    881.6449	    571.9454	    432.5369	    344.7382	    134.6591	     65.5778	     87.0419	     41.4074	     37.0742	     24.8982	     24.0203	      8.0627	      1.1436	     12.3314	     22.5767	    132.4454	   1669.3529	   4021.0797	   6441.5194	   7484.8443	   7130.4395	   6363.1900	   5223.4436	   3961.6870	   2996.4695	   2092.4290	   1570.4026	   1107.4168	    575.7710	    506.8236	    436.7795	    245.8124	    182.5582	    145.0570	    123.6471	     82.6236	     70.5728	     63.1393	     41.0878	    164.8077	    646.6827	    477.2312	    323.3687	    186.8643	     96.8849	     55.9435	     20.5430	     22.8668	     11.7292	     -0.4504	     26.0172	   1088.6782	    833.8114	    534.4720	    290.6703	    162.0917	     75.0559	     42.1041	     23.8609	     27.3891	     39.9174	     71.2508	   1161.0900	    606.7131	    441.3738	    212.5349	    166.2309	     87.8322	     43.8767	     24.7046	     17.2860	     17.8279	     80.8332
     -0.0443	     -0.9876	      1.0671	      3.3948	      7.2888	     14.4122	     16.6247	     13.9812	     13.1861	     16.1298	     14.0378	     14.4359	     21.1503	     15.0338	     13.2272	     10.8772	     10.4367	      9.8453	      7.2078	      7.2512	      7.0443	      7.3244	      4.6913	      5.0235	      5.1197	     27.9200	      0.0064	      0.5400	      4.5273	      3.0962	      3.8123	      4.2041	      6.0611	     10.0217	      9.6914	      7.3677	      6.9111	     12.1883	      8.6460	      6.8258	      7.9009	      7.5435	      5.7698	      8.2406	      4.9632	      4.6060	      5.2245	      5.4526	      4.6201	      3.3982	      4.7353	     26.8623	     -1.5690	      0.6876	    269.5036	   1157.3141	   2206.7266	   2406.1146	   3026.5252	   2945.4084	   2604.1001	   1881.9169	   1705.5333	   1280.0862	   1028.5596	    766.6924	    311.5012	    528.0422	    177.6180	    125.0487	    121.9872	    112.9284	     30.3756	     32.9320	     35.3518	     31.8366	     10.5451	     65.9457	     12.0803	     50.9932	   1232.9086	   3534.3344	   5233.6064	   6812.6060	   6435.3295	   6078.1535	   5052.8107	   4131.1694	   3077.5927	   2651.2371	   1819.0960	   1310.3463	    976.6235	    600.3851	    550.4841	    392.4514	    283.4231	    178.5041	    130.5032	    136.1916	    114.7651	    150.7317	    101.4219	    381.6233	    562.1331	    422.5608	    346.8391	    154.4422	    112.3545	     92.9690	      6.6945	     36.9037	      4.2575	      9.8927	     26.4883	   1181.9787	    783.0755	    555.5679	    328.0674	    154.0382	     91.9164	     47.2839	     46.2945	     22.1065	     34.6296	     58.2278	    949.4401	    656.7123	    385.9261	    203.3702	    128.9795	     74.3405	     60.2309	      4.7557	     19.5523	     29.9817	     65.4280
      0.0069	     -1.8002	      0.3955	      0.2305	      5.3359	     14.7555	     16.8815	     14.4647	      8.6731	     19.5092	     15.1036	     15.8793	     15.0338	     22.9494	     10.3050	     13.4826	     11.3307	     11.4196	      7.6701	      8.3322	      5.9557	      9.4516	      4.5153	      6.6207	      5.9146	     33.0979	      0.0122	      1.3725	      5.1293	      3.2873	      1.8226	      3.5260	      5.6291	     11.0848	     10.2909	      6.5298	      7.5143	     12.7589	      9.6343	      7.8103	      7.2577	      6.4868	      5.1769	     10.3968	      4.5083	      4.0683	      6.5773	      5.5677	      3.9565	      3.6176	      4.9313	     25.9773	     -2.9318	     -5.8744	    280.4404	   1026.9988	   2102.6589	   2084.0774	   2969.0277	   2710.3901	   2293.9263	   1716.7245	   1552.4662	   1359.3120	   1005.8533	    973.5108	    350.7109	    579.9701	    122.3420	    102.4267	     55.1190	    100.4574	     45.6180	     41.7880	     61.0629	     30.3669	     14.3756	     19.0997	     20.3539	     12.3154	   1156.7303	   3225.6742	   4835.9594	   6618.3957	   5980.0443	   5901.2130	   5056.5497	   4144.3151	   2968.1251	   2845.7318	   1815.3324	   1129.5871	    869.1703	    517.3702	    631.3273	    424.3037	    232.3505	    134.9889	    141.4748	     61.4686	    120.0973	    193.0027	     88.6686	    470.7975	    616.2347	    441.0860	    414.3376	    145.7126	    142.8982	    144.7080	      2.7368	     48.9787	    -24.1076	      7.3247	      6.6457	   1215.0633	    819.0869	    616.1039	    310.1228	    182.6823	     70.6671	     46.0330	     38.0942	     13.1443	     56.3104	     69.8503	    941.1076	    579.4854	    374.2663	    149.9832	    119.3640	     46.3281	     30.9189	    -30.6468	     13.0750	     32.2634	     66.1958
      0.0055	      1.5499	      2.4920	      6.2239	      7.8438	     15.8048	     14.3099	     13.7208	     15.5530	     12.4146	     15.2163	     12.0796	     13.2272	     10.3050	     14.9737	      8.1701	      7.4903	      8.5293	      7.6310	      5.4209	      6.1537	      4.4370	      4.2499	      3.6796	      2.6680	     18.0215	     -0.0023	      0.0901	      2.8582	      1.8848	      4.5044	      4.8134	      5.4041	      7.3266	      7.0635	      8.2569	      6.9361	      8.4745	      7.3066	      6.6753	      6.6349	      5.6208	      5.8162	      4.9895	      5.0014	      4.4685	      3.9737	      3.5268	      3.8807	      2.8762	      2.5630	     17.3869	     -1.0413	      6.6656	    279.6440	   1129.8836	   1817.0726	   2202.7173	   2387.4556	   2407.4274	   2225.1040	   1844.2281	   1472.5493	   1167.6866	    832.8357	    459.4337	    394.3388	    330.9418	    191.4136	    110.6871	    139.1540	     70.7626	     30.0843	     18.8823	     -6.1282	     15.6846	      5.8630	     49.0568	      0.1494	     80.0102	   1188.3004	   2944.6489	   4739.3941	   5524.9190	   5913.6200	   5160.1846	   4400.6709	   3578.3565	   2873.2639	   1967.9133	   1516.0932	   1260.0342	    783.5486	    614.6625	    427.4728	    310.5108	    264.0304	    200.5535	    131.9150	    133.7943	     74.4966	     52.5892	     38.4582	    223.0667	    520.4694	    427.9128	    256.9674	    138.9197	     62.6562	     30.1056	     32.3384	     16.2718	     26.2396	      9.2753	     35.1312	   1027.5825	    811.1390	    509.2839	    296.4906	    129.2438	     88.5854	     64.9054	     28.1113	     22.1329	     14.9130	     64.5652	    851.2540	    587.5818	    375.9721	    231.9816	    124.2825	     77.7932	     60.3339	     44.1243	     16.3536	      9.2166	     81.1862
      0.0184	     -0.0956	      2.1741	      2.7615	      5.7222	     12.2667	     15.0859	     12.1009	      9.6343	     15.1125	     13.0879	     12.3199	     10.8772	     13.4826	      8.1701	     12.4471	      8.4270	      8.2836	      5.7649	      6.2419	      4.1025	      5.6886	      3.7647	      4.5129	      3.8045	     20.7602	      0.0060	      1.0625	      3.8485	      2.4111	      2.0710	      3.8519	      4.8456	      7.5639	      7.8324	      6.0594	      6.7726	      8.0705	      7.0857	      6.4966	      4.7325	      5.5628	      4.0505	      6.8450	      4.3246	      3.5359	      4.9384	      3.5932	      2.6741	      2.0085	      2.9825	     16.9571	      0.2928	      4.0854	    256.7375	    937.2252	   1655.9911	   1745.2624	   2284.1483	   2181.5804	   1810.8203	   1494.0781	   1236.8609	   1090.0380	    818.8249	    616.2960	    377.3095	    381.0707	    127.5236	     82.3884	     66.6367	     65.5884	     41.6127	     20.1749	     42.4549	     16.6619	      7.5389	     16.7886	     12.2087	     58.8902	    974.1070	   2464.0460	   4032.3843	   5058.4281	   4796.5751	   4673.4846	   3912.8711	   3186.7375	   2463.8873	   1996.8156	   1455.3615	    996.9610	    655.3326	    499.5938	    463.5458	    295.4889	    191.8372	    139.0443	    130.4617	     77.5902	     85.3861	    106.9198	     64.9845	    276.2307	    482.0249	    368.5692	    299.4003	    140.7790	    102.7646	     79.0365	     13.7279	     28.9978	     -5.6789	      3.9009	     23.0819	    916.5183	    682.7263	    480.1204	    252.4545	    149.8161	     62.5319	     43.2671	     23.6083	     19.9226	     33.8053	     71.9517	    785.1417	    453.6222	    304.5849	    142.4803	    112.0078	     49.8367	     20.8485	     -5.0539	     14.3494	     16.2841	     54.8728
     -0.0175	     -1.4187	      0.9088	      1.9073	      4.7974	      8.4466	     12.8191	      9.9778	      8.0358	     13.7996	     10.6304	     10.2962	     10.4367	     11.3307	      7.4903	      8.4270	     11.1270	      6.7932	      5.5005	      6.1264	      3.7748	      5.7813	      4.0354	      3.9713	      3.8378	     22.4437	      0.0057	      0.8726	      3.2175	      1.9902	      2.1814	      2.3471	      4.4404	      7.3572	      7.4712	      4.9729	      5.3290	      7.5247	      6.4028	      5.0852	      4.1410	      5.9182	      3.9952	      6.5371	      4.4286	      3.1620	      4.4478	      3.5695	      2.5067	      1.9457	      3.8118	     20.5897	      0.4861	      1.7593	    159.9717	    732.3062	   1361.9874	   1496.4644	   2052.9324	   1874.8831	   1562.1446	   1251.3206	   1117.2812	    931.9647	    789.5142	    600.5561	    296.9127	    361.7928	    111.8774	     90.2269	     49.0130	     83.6372	     38.5973	     24.0323	     43.2054	     16.1271	      3.6105	     11.5744	      9.2393	     35.5443	    765.2786	   2174.3300	   3456.3850	   4580.7243	   4075.1778	   4131.1660	   3498.5651	   2922.1232	   2147.0160	   1928.5275	   1286.8929	    963.1702	    653.7235	    388.8790	    412.0942	    285.3354	    200.4380	    143.4305	    106.9253	     54.6043	    105.3908	    103.5755	     83.6841	    345.8794	    387.5109	    318.2109	    266.8119	    133.7183	    104.8109	     82.7651	      1.2646	     26.2482	     -9.7561	      6.9750	     23.5251	    801.3619	    608.3591	    435.4574	    245.3692	    119.6458	     64.9072	     42.4048	     34.0004	     18.4950	     38.1112	     65.6005	    697.7820	    405.0821	    235.0995	    130.7973	    101.0749	     25.4797	     16.5691	     -8.1803	     19.8192	     28.6222	     54.2038
      0.0228	      0.4182	      1.3874	      2.3720	      4.5147	     11.6292	     11.2188	     10.6223	      9.3572	     11.8084	     11.7274	     10.0856	      9.8453	     11.4196	      8.5293	      8.2836	      6.7932	      9.7892	      5.8803	      5.2382	      4.7078	      4.9763	      3.5049	      3.9712	      2.9653	     18.9515	      0.0025	      0.5279	      2.8926	      1.7591	      2.1621	      3.4065	      4.1707	      6.6477	      6.2560	      5.8431	      5.9503	      7.5811	      6.4783	      5.7002	      5.2969	      4.6099	      4.4305	      5.9172	      3.7874	      3.4742	      4.0634	      3.3149	      2.9394	      2.4679	      2.6086	     16.0256	     -1.8410	      0.6189	    202.7335	    772.5593	   1340.9085	   1507.2699	   1882.1688	   1849.3088	   1645.9391	   1368.7373	   1127.0134	    977.5154	    718.5947	    522.1424	    320.2295	    340.1372	    134.3268	     90.8215	     79.2624	     64.0022	     31.4785	     23.3661	     18.2680	     17.1873	     10.3469	     26.8096	      3.6520	     39.4043	    863.5322	   2151.8291	   3476.7871	   4347.2656	   4423.1860	   4102.4883	   3554.5101	   2949.6879	   2345.2555	   1829.8949	   1345.7962	    973.3585	    666.6846	    490.1107	    421.5055	    299.9608	    206.4101	    139.1762	    125.4626	     85.7751	     78.3751	     83.4059	     41.0344	    261.2247	    453.5656	    361.7563	    267.6221	    120.4165	     79.4798	     60.3809	     21.0615	     23.5188	      3.2365	      7.8088	     25.1385	    904.7422	    687.7037	    471.4723	    246.7229	    131.6747	     68.3631	     55.1168	     23.9170	     15.0047	     23.6614	     65.5079	    646.3150	    430.5716	    284.8732	    145.7779	     92.0101	     45.6690	     33.4449	      7.7334	      9.2723	     11.9564	     58.8647
      0.0365	      0.3668	      1.0655	      3.7667	      3.8080	      8.8210	      8.0240	      9.0443	      9.0870	      8.3790	     10.6256	      7.1992	      7.2078	      7.6701	      7.6310	      5.7649	      5.5005	      5.8803	      8.2763	      4.3895	      4.1775	      3.4556	      3.5427	      2.7909	      1.8769	     16.8841	     -0.0041	      0.1391	      2.0634	      0.7606	      2.7347	      2.4042	      3.3790	      4.8332	      4.7214	      5.4451	      5.4420	      5.8557	      5.3977	      4.7555	      4.4654	      3.8303	      4.2342	      4.2940	      4.0900	      2.8437	      2.9931	      2.3070	      2.5894	      2.9613	      2.0571	     15.5204	     -1.8537	     -1.2736	    127.2110	    525.5793	    879.4075	   1135.5336	   1391.2002	   1294.3083	   1249.1559	   1172.2302	   1014.6385	    838.1308	    637.9667	    407.7766	    334.1046	    249.8838	    160.2323	    103.9366	     99.5611	     77.0547	     28.7823	     23.1570	     -9.1875	     12.4706	      8.5406	     21.4218	     -6.7890	     20.3270	    543.4140	   1559.7406	   2514.5035	   3047.2337	   3387.6878	   3136.1832	   2897.7833	   2544.2270	   2100.1280	   1474.1382	   1165.9240	    994.6527	    680.5510	    500.2401	    367.8120	    299.8068	    240.0083	    183.7875	    122.9457	     85.5898	     86.0212	     48.1982	     17.6849	    288.0127	    347.1264	    321.5057	    187.5929	     80.7106	     40.3833	     29.3976	     26.4136	     13.0536	      9.5085	     10.1085	     25.2881	    738.3331	    646.5233	    396.8105	    216.0076	     85.1725	     65.4498	     67.2053	     23.3480	     11.3660	     10.3263	     55.0111	    453.9799	    383.0180	    198.2891	    158.2000	     65.6888	     28.2160	     31.2370	     26.2493	      9.9025	      3.5126	     62.0775
      0.0027	     -1.2719	      0.3141	      0.9933	      2.5018	      5.1869	      7.5861	      6.8661	      5.2239	      9.1144	      7.6846	      6.7563	      7.2512	      8.3322	      5.4209	      6.2419	      6.1264	      5.2382	      4.3895	      6.3882	      2.9288	      4.1149	      2.9772	      2.8709	      2.9267	     17.6857	      0.0032	      0.6074	      2.5386	      1.3035	      1.1210	      1.6023	      2.9966	      4.9789	      4.9441	      3.7071	      4.4723	      5.8498	      4.9583	      3.6655	      3.4112	      4.1750	      3.0575	      5.1705	      3.3644	      2.2589	      3.1750	      2.5404	      2.0156	      1.9703	      2.7286	     16.1805	     -0.5556	     -3.9721	     94.3551	    413.2799	    866.1595	    933.0307	   1411.9204	   1254.2003	   1073.0985	    871.6023	    842.3037	    700.0521	    596.1394	    477.9266	    239.7885	    277.9089	    101.1981	     85.5574	     51.8176	     74.4285	     28.3053	     17.8906	     27.5262	     16.6964	      7.1961	     13.6036	      2.9118	     16.1472	    466.7874	   1469.2131	   2182.9279	   2973.3086	   2716.1086	   2874.0238	   2527.2438	   2179.8345	   1657.2129	   1480.2884	   1033.4840	    757.1368	    571.9203	    352.0254	    339.3679	    253.9746	    171.9609	    115.5229	     94.8090	     53.0161	     84.4796	     89.8162	     57.6560	    294.8806	    271.0634	    229.2484	    197.4549	     77.1073	     70.7549	     63.8976	      5.4366	     21.5246	     -8.8067	      6.9612	     17.7504	    602.4974	    453.0628	    326.6196	    177.4204	     89.6633	     49.3197	     37.5765	     23.9549	     10.1998	     21.7551	     47.6091	    456.2826	    328.6483	    175.0137	    110.4961	     67.8313	     21.5825	     15.8737	     -7.6437	     12.2863	     15.9690	     39.4482
      0.0226	      0.6925	      0.6670	      1.8239	      2.1888	      7.1179	      4.3223	      5.7630	      6.2871	      4.8933	      6.0819	      5.4779	      7.0443	      5.9557	      6.1537	      4.1025	      3.7748	      4.7078	      4.1775	      2.9288	      6.6834	      2.5234	      2.5375	      2.2618	      1.3211	     12.5136	     -0.0021	     -0.1589	      1.2875	      0.9657	      1.7386	      2.0546	      2.2157	      3.6211	      3.2074	      3.8122	      3.6945	      4.6631	      4.1802	      3.2504	      4.0674	      2.7745	      3.4952	      3.5258	      2.6745	      2.5301	      2.2102	      2.1544	      2.5871	      2.1135	      1.8141	     11.5238	     -4.0132	     -1.6381	    107.1822	    457.4499	    650.5835	    854.8899	    936.2815	   1041.7459	   1026.2301	    827.1836	    697.1681	    560.5506	    467.3086	    281.2250	    169.3157	    241.1008	    120.3706	     84.5504	     71.6207	     57.0408	     12.5481	     21.8467	     -1.2410	     16.8872	     12.4166	     45.5506	     -6.4404	     10.4406	    534.6539	   1241.8591	   1907.0133	   2355.9392	   2645.2937	   2278.5436	   1995.9985	   1796.0430	   1537.2900	   1162.1412	    919.6257	    704.8077	    560.0906	    392.5496	    284.9785	    233.1184	    179.2762	    116.9871	     97.4711	     86.5080	     64.2410	     45.8790	     20.0801	    177.8050	    267.8260	    226.0525	    144.3721	     75.1795	     38.2887	     22.9364	     17.1438	     14.5572	      9.6354	      9.8332	     27.6293	    588.4207	    434.3564	    293.9195	    154.0398	     70.7200	     52.1670	     52.0339	     19.0705	      8.8102	      6.1841	     43.9398	    411.9573	    368.3181	    239.8018	    133.5193	     66.5666	     38.2854	     44.7897	     17.1083	      2.4876	      6.1941	     48.3857
     -0.0289	     -2.4114	     -1.6528	     -2.0463	      1.2844	      3.7367	      5.7518	      4.9370	      1.7420	      8.9248	      5.0440	      6.1343	      7.3244	      9.4516	      4.4370	      5.6886	      5.7813	      4.9763	      3.4556	      4.1149	      2.5234	      6.6324	      2.2005	      3.1749	      3.3640	     19.2439	      0.0079	      0.5982	      2.0164	      1.3566	      0.2861	      0.1069	      2.2165	      5.3967	      4.5784	      1.9939	      2.2135	      6.3618	      4.5348	      2.5780	      3.5185	      3.2425	      2.2984	      5.4594	      2.0050	      1.5821	      3.1453	      3.1833	      1.9700	      2.0664	      3.3885	     16.7413	     -1.9707	     -7.8455	     44.8611	    261.1092	    790.3987	    742.2660	   1284.1589	   1045.5628	    919.9657	    580.0727	    658.2460	    557.5192	    436.4751	    524.0354	     90.0581	    306.3789	     28.2475	     48.6982	      4.0673	     63.3395	     16.5130	     24.8657	     35.8107	     18.2708	      4.4464	      1.7040	     12.1318	    -34.2199	    330.5750	   1268.4114	   1715.9001	   2814.0367	   2271.8355	   2447.7839	   2168.5370	   1813.2973	   1110.0442	   1429.1811	    724.8008	    465.1835	    411.6510	    127.4073	    290.9959	    200.1320	    102.3162	     59.0313	     38.0615	     -4.3659	     69.9891	    116.8529	     60.9274	    312.2017	    226.7568	    146.3649	    184.8805	     50.7727	     76.8406	     93.9843	    -10.8415	     26.1906	    -19.9748	      4.3379	     -8.9252	    487.8340	    296.2708	    256.1545	    139.9341	     66.9427	     29.3878	     15.5869	     28.0616	      2.8694	     38.2979	     24.3374	    380.0484	    224.9040	    127.4968	     48.8987	     42.5174	      2.7612	      9.2522	    -24.5046	     10.5163	     26.9229	     27.4032
