      0.0520	      0.0556	      0.0759	      0.0732	      0.0308	      0.0862	      0.0060	      0.0547	      0.0486	     -0.0038	      0.0679	      0.0203	     -0.0441	      0.0070	      0.0055	      0.0185	     -0.0176	      0.0228	      0.0365	      0.0027	      0.0226	     -0.0289	      0.0102	      0.0072	     -0.0278	     -0.0425	     -0.0001	     -0.0001	      0.0074	     -0.0006	      0.0078	      0.0404	      0.0029	     -0.0187	     -0.0116	      0.0299	      0.0547	     -0.0302	      0.0107	      0.0339	     -0.0043	     -0.0217	      0.0101	      0.0030	      0.0139	      0.0106	      0.0085	     -0.0209	     -0.0017	      0.0092	     -0.0310	     -0.0816	     -0.0336	      0.0942	      3.6457	      6.2048	      0.5358	      2.5312	     -1.4490	      1.2864	      1.4592	      6.8177	      2.8710	      4.8401	      3.0806	     -0.6201	      4.1350	     -0.2202	      1.6716	      0.7618	      0.8176	     -0.0061	      0.2000	      0.1873	     -0.3305	     -0.0183	      0.2214	      0.2655	     -0.2386	      1.0670	      7.8399	      3.9785	      7.1469	     -6.0168	      5.0452	      0.1299	      1.3829	      4.3650	     11.0176	     -1.4659	      6.4373	      5.0295	      3.1068	      5.8479	      1.8049	      1.3602	      1.2355	      1.3312	      1.6788	      0.9448	      0.3302	     -0.8697	     -0.9410	     -0.8220	      1.5064	      1.7966	     -0.1680	      0.2767	     -0.5197	     -0.8071	      0.5972	     -0.1539	      0.1973	      0.0300	      0.4255	      1.5016	      3.1750	      1.1136	     -0.0764	      0.2936	      0.0600	      0.7593	     -0.3023	      0.0329	     -0.3411	      0.6765	     -1.5158	      0.6296	      0.9061	      0.4234	      0.0600	      0.1692	      0.0379	      0.3410	     -0.2687	     -0.5531	      0.2675
      0.0556	      6.5438	      6.2648	      7.8202	      5.5853	      7.6176	      4.1420	      4.2445	      6.6449	      0.2846	      4.0542	      1.9370	     -0.8484	     -1.5284	      1.4465	     -0.0184	     -1.2571	      0.4451	      0.3745	     -1.1236	      0.6542	     -2.1530	     -0.3421	     -0.3568	     -1.9848	     -9.8029	     -0.0049	     -0.1835	      0.0362	      0.2558	      2.1740	      3.2223	      1.1891	     -0.7471	      0.0410	      2.4063	      1.5538	     -1.8999	     -0.0350	      1.7411	      0.2735	     -0.4167	      0.5526	     -2.1895	      0.1587	      0.7997	     -0.3929	     -1.0284	     -0.0158	     -0.6272	     -1.9450	     -9.7744	      1.3447	     16.6950	    353.3366	    780.3041	    666.3395	    822.4762	    330.4092	    510.7276	    370.0879	    468.7216	     44.2095	     50.0416	    -86.0756	   -264.8197	    103.9189	   -137.2916	     27.8753	    -10.8962	     25.6623	    -51.2807	     -3.7524	     -7.2258	    -32.3573	    -12.4763	     -1.0524	      3.0905	     -1.9241	     98.8483	    655.9896	    760.9981	   1358.5446	    623.2105	   1094.6067	    340.5986	    167.7666	    -75.6352	    233.3323	   -439.1452	    -33.7862	      9.3786	   -138.8592	     96.4893	    -67.8728	    -72.2236	     -9.2038	      4.2831	     31.6871	     34.7962	    -40.1938	    -91.5240	    -54.9964	   -233.9762	    209.4103	    191.7076	     30.4361	     62.4213	    -22.1199	    -61.3519	     27.1089	     -9.6234	     27.1432	     -2.4847	     24.7365	    216.3050	    267.1877	    107.3423	     35.3858	     26.6829	     15.2972	     16.9607	    -13.4782	     10.2477	    -12.5963	     19.7386	    315.5795	    156.0072	    161.8205	     72.9790	     38.3804	     40.4548	     22.6229	     42.8019	     -2.6619	    -14.1014	     25.5258
      0.0759	      6.2648	     17.0975	     14.3372	     12.3148	     13.2691	     12.1034	      9.3786	     11.2733	      4.5406	      7.6287	      4.9129	      0.9873	      0.1932	      2.3842	      1.9576	      0.7663	      1.2578	      0.9758	      0.2142	      0.6318	     -1.6496	      0.6556	     -0.1778	     -1.2728	     -8.5139	     -0.0021	      0.1877	      1.9346	      1.6443	      3.8950	      5.1341	      3.3867	      1.0879	      1.8972	      3.8893	      3.4926	     -0.7789	      0.8819	      2.8280	      0.4670	      1.2844	      1.2248	     -1.4341	      0.9901	      1.2978	      0.4706	     -1.0394	      0.1181	     -0.8322	     -1.4856	     -8.2633	      4.5234	     31.8757	    796.7683	   1681.8875	   1805.3510	   1903.9806	   1400.1825	   1380.1218	    929.7533	    901.1857	    233.7807	    227.1356	     16.7426	   -228.9984	    159.7021	   -142.4721	     35.7514	     14.2879	     31.7593	    -43.6228	     15.1149	    -13.9834	    -22.0903	    -16.0768	     -6.2004	     -3.4732	      2.7140	    186.9494	   1486.3197	   2267.5253	   3204.8231	   2309.4883	   2301.4196	   1242.1131	    846.5733	    294.0406	    502.0894	   -315.0977	    107.8220	    124.0627	   -106.7068	    142.3426	    -34.2345	    -40.6591	     -7.6131	     27.1430	     54.6379	     44.3175	    -31.1077	    -99.5463	    -43.3203	   -220.6457	    250.7619	    197.5627	     41.8140	     78.7398	     -6.5189	    -56.9807	     31.5304	     -9.5809	     24.4489	     -2.3334	     29.0994	    232.3832	    297.1584	    118.5441	     69.2805	     48.6868	     24.5543	     12.0518	    -16.8605	     11.6238	     -9.5622	     34.7007	    574.8014	    224.5324	    231.9535	    117.3286	     83.1276	     62.3444	     27.8037	     45.8203	     -0.0885	     -9.1915	     40.6369
      0.0732	      7.8202	     14.3372	     23.9823	     16.3423	     18.9178	     17.8519	     14.6045	     18.4875	      7.7275	     13.8544	      8.4819	      3.3125	      0.3159	      5.9572	      2.7053	      1.8308	      2.2986	      3.5305	      0.9368	      1.7394	     -1.9353	      0.9011	     -0.1716	     -1.9614	    -10.7462	     -0.0074	      0.0759	      2.3754	      1.4582	      6.6408	      7.0537	      5.4423	      1.7369	      3.9644	      7.1227	      5.1336	      0.2291	      2.6764	      4.8793	      1.9365	      2.0089	      2.2364	     -2.0742	      2.7590	      1.7497	      0.5571	     -0.7534	      0.7562	      0.1861	     -2.4244	     -8.7213	      6.8375	     32.8160	    842.2280	   1986.2884	   2333.4259	   2640.0908	   2053.7103	   1981.9294	   1509.0676	   1484.7266	    698.6054	    493.9478	    142.5103	   -257.6258	    304.2677	   -196.6921	     88.1313	     24.2087	     87.3647	    -44.7258	     10.3456	    -12.4999	    -58.3114	    -24.9009	    -12.5336	    -14.4984	      5.6951	    234.9401	   1694.3102	   3150.2479	   4754.2622	   3852.6420	   4086.9581	   2685.5084	   2144.6366	   1212.1468	   1234.1432	   -161.3977	    344.4573	    415.3700	    -61.8855	    244.7898	    -43.1805	    -54.0451	     49.5024	     84.6617	     56.7468	     65.0117	    -27.7348	   -148.5233	    -73.7805	   -271.1874	    405.1951	    366.7209	     70.8669	    112.4077	    -24.2866	    -90.0960	     43.3341	    -19.6921	     47.2975	     -5.2303	     38.0062	    444.6147	    572.5979	    215.2506	    131.9089	     54.0271	     50.0795	     28.4054	     -9.9932	     22.4903	    -12.3111	     31.7489	    954.5174	    497.0329	    371.8982	    245.6787	    135.3368	     97.3035	     56.7018	     90.7262	     10.9107	    -11.6413	     72.6964
      0.0308	      5.5853	     12.3148	     16.3423	     20.3444	     20.9840	     22.6157	     16.8273	     18.3848	     13.3355	     15.6420	     11.9211	      7.0823	      5.2558	      7.6224	      5.6303	      4.6840	      4.4244	      3.6795	      2.4404	      2.1066	      1.2504	      1.3511	      1.3634	      0.0189	     -2.9060	      0.0004	      0.4183	      2.9070	      2.3707	      6.2166	      6.7487	      6.6257	      5.0579	      6.1402	      7.2139	      5.3091	      3.1359	      4.4431	      5.5001	      2.8675	      3.1512	      2.4695	      0.6397	      2.9548	      1.9324	      2.1805	      0.7681	      1.2267	      0.4669	     -0.7728	     -2.9893	      7.6723	     31.8866	    836.1664	   2137.4093	   2840.5190	   3073.6258	   2748.7032	   2526.6704	   1922.1772	   1636.3023	    891.5673	    676.3366	    241.6451	    -17.6940	    248.2370	    -87.0275	     36.2036	     -9.2712	     52.5618	    -40.9097	     14.2312	      0.4770	    -27.4630	    -22.1490	    -16.6578	    -27.9044	     23.6760	    216.7598	   1907.8922	   3976.1773	   5905.5634	   5752.2658	   5353.8937	   4012.6814	   3162.2803	   1911.5570	   1397.4629	    372.4565	    414.8733	    397.3184	    -96.2406	    116.1739	      2.4285	    -55.0076	      3.6600	     50.8530	     23.0902	     20.4319	    -19.3574	    -92.1808	    -39.3111	   -184.6478	    437.3450	    300.8166	    111.1361	    121.9290	     15.8726	    -31.2692	     27.5552	     -8.9545	     32.9839	     -8.5473	     15.2173	    486.1405	    482.0538	    212.6769	    149.1095	     73.1034	     45.4982	      6.9416	      0.0101	     21.6087	     16.2269	     30.8976	   1051.4222	    418.9602	    357.4159	    204.5430	    151.0005	     98.0701	     44.7256	     65.2416	     14.5821	      5.4166	     71.7464
      0.0862	      7.6176	     13.2691	     18.9178	     20.9840	     51.6784	     38.6534	     27.9035	     29.8363	     22.1782	     26.6095	     20.8410	     14.1940	     14.4968	     15.6599	     12.1099	      8.2937	     11.4934	      8.7066	      5.0689	      7.0305	      3.6021	      3.7790	      4.0938	      0.6805	      7.1717	     -0.0034	      0.2129	      6.4364	      3.5949	      9.0541	     10.3365	      9.8182	      8.9418	      9.9503	     12.6421	     10.6086	      8.0321	      8.9858	     10.2498	      6.7913	      4.5253	      6.2421	      3.4397	      5.7767	      4.7998	      4.5308	      2.5080	      3.5323	      2.3497	     -0.7232	      1.9749	      4.7315	     43.1382	    958.8916	   2960.6257	   3986.6839	   4376.4244	   4016.9801	   4025.5622	   3388.3640	   3044.0500	   1910.1680	   1551.8603	    901.6802	    314.1563	    538.3987	    202.9891	    197.8842	     14.5830	    184.3627	     -0.5309	     53.4004	     25.5598	    -46.0496	    -17.5263	     -5.0472	      4.6659	     15.6861	    238.4343	   2756.6105	   5802.4333	   9513.2095	   9939.1011	  10210.6350	   7793.5935	   6149.0176	   4508.3682	   3691.3797	   1605.7267	   1590.9936	   1253.6846	    376.8704	    644.9371	    329.0179	    202.5472	    194.9086	    172.5970	    160.1498	    146.1431	     14.4719	    -89.8199	    -63.1406	   -123.5297	    705.0987	    507.1945	    233.9856	    175.4417	     29.7687	    -42.1437	     56.4097	      2.0183	     49.7261	     -2.2974	     41.4705	   1002.2647	    908.7580	    445.2309	    242.1031	    137.7687	     90.5547	     56.9466	     -2.6617	     26.3389	      1.8043	     64.9931	   1402.8185	    723.9343	    581.6791	    317.8376	    206.8995	    146.2313	     84.8446	     85.8820	      8.3603	     -7.3035	    119.4518
      0.0060	      4.1420	     12.1034	     17.8519	     22.6157	     38.6534	     58.7005	     28.9990	     28.5163	     29.4497	     28.1289	     23.3155	     16.5054	     16.7290	     14.2284	     14.9771	     12.6952	     11.1402	      7.9444	      7.4919	      4.2912	      5.6651	      3.8014	      4.5676	      3.3926	     12.8267	      0.0069	      1.3535	      8.7628	      4.6401	      8.7914	      9.7048	     11.9512	     11.4802	     13.4406	     12.1653	     11.0082	      9.5603	     10.0088	     10.5287	      5.3767	      7.9640	      5.0322	      5.6665	      6.9897	      3.9283	      5.8049	      3.6347	      2.4052	      1.7849	      0.6348	      8.9392	     13.0949	     46.2442	    863.5085	   2885.7300	   4365.6328	   4561.7814	   4782.5315	   4432.3405	   3495.6033	   3073.1770	   2166.9818	   1666.6199	   1118.2530	    572.2851	    584.7256	    241.7813	    152.8392	    -19.8982	    144.9193	     20.5594	     68.3067	     24.6447	      5.2043	    -22.6977	    -17.8589	    -41.8705	     40.5727	    259.0735	   2564.5227	   6294.8918	  10199.4501	  11347.7081	  10326.6254	   8829.5467	   6847.3388	   4968.8500	   3708.9364	   1941.4994	   1668.7403	   1243.1175	    286.0933	    494.8812	    331.8118	    151.8859	    146.7171	    154.1490	    129.1791	    100.7350	     45.7961	    -38.3001	     11.6154	     -8.2895	    708.2959	    487.4771	    310.9475	    224.5008	     87.7881	     15.1085	     27.5213	     13.0061	     25.4135	    -11.0519	     33.0977	   1037.5040	    882.7237	    463.6789	    280.6243	    165.1604	     94.0902	     21.6769	     15.5075	     38.7606	     28.8956	     60.7742	   1547.6351	    642.2006	    458.9722	    277.2144	    236.2903	    134.5139	     43.1128	     52.1086	     30.8290	     17.8171	     98.1475
      0.0547	      4.2445	      9.3786	     14.6045	     16.8273	     27.9035	     28.9990	     27.7088	     23.6107	     21.3344	     24.7075	     18.5988	     13.9200	     14.3814	     13.6654	     12.0501	      9.9239	     10.5721	      8.9859	      6.8183	      5.7231	      4.8912	      4.0059	      4.4224	      2.4372	     13.8501	     -0.0004	      0.7329	      5.4757	      3.1888	      6.9598	      8.8530	      9.3466	      9.7125	     10.6759	     11.5298	     10.5916	      9.4068	      9.2944	      9.8544	      6.7871	      6.3330	      5.7806	      5.8488	      5.9327	      4.3970	      5.1857	      3.1064	      3.3292	      2.8858	      0.9095	     10.9193	      5.3659	     22.5843	    737.7486	   2235.6571	   3344.9375	   3724.5795	   3883.3943	   3674.0063	   3019.7080	   2641.3713	   1827.8849	   1476.7959	    914.5503	    459.2402	    530.0421	    210.1594	    181.3267	     82.1361	    137.6649	     31.2823	     45.1226	     24.5982	    -17.1913	     -3.7099	     -1.9870	     -1.0675	     17.7863	    206.1204	   2106.4533	   5020.6106	   7903.0838	   8645.5965	   8537.5682	   7225.4912	   6067.3337	   4503.5322	   3566.0936	   1966.3860	   1679.5195	   1299.3577	    578.2062	    617.7819	    378.2409	    250.6897	    209.8512	    173.1656	    147.9609	    114.6245	     61.7049	    -17.0382	    -13.0310	     95.7086	    702.6713	    537.3897	    297.1056	    182.8448	     66.4425	     11.6195	     45.0491	     11.0110	     30.9816	      0.2420	     40.2347	   1139.2887	    981.0718	    549.1947	    316.5385	    167.5164	     98.3385	     60.5477	     17.1908	     26.8421	     22.1522	     76.2309	   1247.2762	    664.8669	    473.0956	    286.6513	    185.0025	    113.4423	     62.1385	     58.0756	     13.6437	      5.3415	    104.4739
      0.0486	      6.6449	     11.2733	     18.4875	     18.3848	     29.8363	     28.5163	     23.6107	     32.6246	     17.0975	     24.8357	     16.8684	     13.1543	      8.6153	     15.5340	      9.6101	      7.9920	      9.3336	      9.0610	      5.1882	      6.2653	      1.6959	      4.4125	      2.6930	      0.3441	      4.5745	     -0.0093	      0.0746	      4.2448	      2.4322	      8.8997	     10.0906	      9.2955	      7.6015	      9.0775	     13.1729	     10.6271	      6.8955	      8.0738	      9.6660	      6.6718	      6.3577	      6.9583	      2.3007	      6.6474	      5.3385	      3.8185	      1.8008	      3.5298	      2.0151	     -0.2585	      5.2854	      5.7976	     34.0371	    757.4598	   2392.3969	   3213.8784	   3897.0103	   3551.7459	   3612.4235	   3080.1853	   2838.0568	   1800.2730	   1408.5083	    858.8978	    135.0037	    588.9005	     88.8914	    236.0342	     98.2168	    192.2903	     12.6139	     43.0371	      1.5404	    -53.4727	    -13.0707	     -7.2011	     24.0860	      1.3384	    254.7422	   2231.2768	   4831.9029	   8099.0803	   8195.0929	   8866.4330	   7005.6669	   5829.4804	   4311.5659	   3722.7303	   1565.3376	   1632.4083	   1478.7201	    581.6590	    750.0258	    295.0718	    214.0971	    250.9272	    230.5342	    161.3842	    176.0427	     31.1763	   -102.2132	    -35.7887	    -72.5454	    717.4503	    613.0597	    245.6680	    206.0189	     29.5482	    -57.7187	     68.0950	     -7.5109	     64.4137	      4.0155	     67.1881	   1166.9303	   1115.7839	    575.3119	    352.6195	    158.8580	    118.4663	     81.1155	      9.5055	     36.7245	     -5.2007	     89.1808	   1393.9767	    801.7832	    573.8216	    380.1677	    215.6523	    144.0604	     89.9323	    108.8382	     18.9605	     -7.9457	    126.3527
     -0.0038	      0.2846	      4.5406	      7.7275	     13.3355	     22.1782	     29.4497	     21.3344	     17.0975	     29.5194	     21.5289	     19.7987	     16.1274	     19.5174	     12.4044	     15.1143	     13.7989	     11.8068	      8.3635	      9.1101	      4.8883	      8.9282	      5.0142	      6.4079	      5.3173	     27.7684	      0.0115	      1.6482	      5.8653	      3.7677	      4.5601	      6.0199	      9.0359	     12.3079	     13.2928	      9.2847	      9.3507	     11.3815	     10.9710	      9.1466	      6.1493	      8.1385	      5.3888	      9.5867	      6.3357	      4.3032	      7.1915	      5.1857	      3.1711	      2.6364	      4.0334	     22.9897	      4.8003	     13.4509	    533.2659	   1860.7714	   3163.2197	   3315.2256	   4087.9386	   3688.3752	   2926.9250	   2383.3557	   1916.8878	   1587.4555	   1138.7939	    869.4643	    509.9636	    457.5222	    120.7015	     66.8864	     61.5924	     73.8100	     54.1196	     37.3235	     55.5500	      8.3886	     -3.2307	    -23.9289	     34.2354	    126.2637	   1757.4836	   4669.9127	   7404.4294	   9088.4747	   8029.3031	   7639.6347	   6275.0828	   4835.3607	   3415.8769	   2738.3172	   1847.7900	   1277.8262	    662.0004	    468.9245	    536.8794	    302.7829	    203.3720	    163.3086	    131.7377	     40.3551	    114.1925	    109.7910	     81.3002	    338.1806	    735.1153	    545.3920	    425.7062	    220.6813	    149.0587	    112.8703	      6.7389	     35.0101	     -9.4264	     -2.1794	     19.8503	   1219.3628	    960.9860	    633.6134	    334.8177	    184.5163	     80.9500	     41.3529	     38.6079	     31.0076	     66.0701	     85.7245	   1377.6364	    659.3494	    434.8287	    210.1117	    185.0519	     67.0034	     20.9982	     -0.4670	     29.9449	     37.7974	     85.3567
      0.0679	      4.0542	      7.6287	     13.8544	     15.6420	     26.6095	     28.1289	     24.7075	     24.8357	     21.5289	     31.6039	     19.1621	     14.0569	     15.0868	     15.2192	     13.0761	     10.6209	     11.7221	     10.6232	      7.6755	      6.0857	      5.0359	      4.1802	      4.9478	      2.4573	     15.1665	     -0.0029	      0.6613	      5.5405	      2.8877	      7.1672	      9.3584	      9.6251	     10.3178	     11.2142	     13.0288	     11.9021	      9.9238	     10.2938	     11.1562	      7.1845	      6.9481	      6.5020	      6.0031	      6.7834	      4.8579	      5.8044	      3.1078	      3.8723	      3.5886	      0.9407	     12.1508	      4.6150	     17.4203	    621.6127	   2048.1101	   3136.6274	   3598.6471	   3864.2976	   3694.8753	   3071.0389	   2803.1865	   1954.6611	   1633.1432	   1019.3488	    455.1288	    649.7347	    218.2411	    211.8694	    105.9306	    156.6006	     27.0263	     40.6754	     21.4253	    -31.5971	     -0.1354	      0.0337	     -5.9469	     10.8892	    219.4232	   2035.0566	   4944.7497	   8082.2722	   8711.7721	   8960.4360	   7663.8799	   6594.7055	   4899.1443	   4003.6230	   2107.1967	   1836.0447	   1496.1400	    659.6151	    692.2190	    435.7160	    278.8907	    245.2521	    190.0110	    173.3095	    121.0473	     59.8559	    -17.7892	    -22.8116	    121.5427	    754.7517	    600.1306	    320.8597	    193.2272	     63.9084	      2.0530	     53.4380	     11.6681	     37.2705	      2.3721	     50.0267	   1273.3789	   1110.2499	    630.5032	    339.7047	    169.8462	    102.3644	     78.7113	     16.9791	     25.8219	     21.8162	     84.4367	   1259.8529	    687.3149	    482.8641	    314.4078	    183.9794	    108.9726	     57.2449	     67.4351	     17.1750	      2.5264	    116.5298
      0.0203	      1.9370	      4.9129	      8.4819	     11.9211	     20.8410	     23.3155	     18.5988	     16.8684	     19.7987	     19.1621	     19.9971	     14.4409	     15.8831	     12.0783	     12.3202	     10.2972	     10.0852	      7.1947	      6.7555	      5.4772	      6.1377	      3.9011	      5.1259	      3.5585	     18.6905	      0.0056	      0.9677	      4.4777	      3.1903	      4.8801	      6.5565	      7.3060	      9.8406	     10.5083	      9.0846	      8.3567	      9.6538	      8.8684	      8.8709	      6.2019	      6.2692	      4.9318	      6.7957	      5.1469	      4.2139	      5.6253	      4.0320	      3.3912	      2.3278	      2.4054	     14.7854	      2.4865	     14.1058	    506.9571	   1694.3625	   2705.4514	   2931.9846	   3301.6003	   3181.9942	   2615.2980	   2137.7545	   1589.3193	   1326.7433	    881.3081	    572.0447	    432.1763	    344.8166	    134.4700	     65.4794	     86.9193	     41.3667	     37.0469	     24.8989	     24.0713	      8.0682	      1.1331	     12.3142	     22.6098	    132.3866	   1669.3393	   4021.2316	   6441.4009	   7485.5957	   7130.1019	   6362.9939	   5223.0034	   3960.9628	   2995.2497	   2092.4778	   1569.7864	   1106.7226	    575.3484	    506.2772	    436.6660	    245.6382	    182.3664	    144.8874	    123.5103	     82.5053	     70.5314	     63.2230	     41.1451	    164.7594	    646.6696	    477.0871	    323.4086	    186.8741	     96.9471	     56.0293	     20.4955	     22.8864	     11.7043	     -0.4595	     25.9706	   1088.5651	    833.4797	    534.3776	    290.6351	    162.0924	     75.0256	     42.0318	     23.8747	     27.3849	     39.9665	     71.2119	   1161.2825	    606.6047	    441.3934	    212.4352	    166.2356	     87.8313	     43.8690	     24.6594	     17.2943	     17.8690	     80.8074
     -0.0441	     -0.8484	      0.9873	      3.3125	      7.0823	     14.1940	     16.5054	     13.9200	     13.1543	     16.1274	     14.0569	     14.4409	     21.1143	     15.0173	     13.2268	     10.8721	     10.4318	      9.8418	      7.2114	      7.2469	      7.0385	      7.3125	      4.6880	      5.0179	      5.1098	     27.8664	      0.0064	      0.5261	      4.4198	      3.0402	      3.7640	      4.1905	      6.0363	     10.0079	      9.6849	      7.3752	      6.9171	     12.1736	      8.6433	      6.8310	      7.8957	      7.5401	      5.7684	      8.2287	      4.9660	      4.6043	      5.2214	      5.4436	      4.6157	      3.3968	      4.7230	     26.8138	     -1.5483	      0.7350	    270.0355	   1158.5383	   2207.4227	   2407.5658	   3026.4943	   2945.4080	   2603.8283	   1883.0449	   1705.2674	   1280.0204	   1027.8696	    765.2955	    312.0069	    526.8596	    177.6512	    124.9518	    122.0759	    112.6837	     30.3842	     32.8729	     35.1543	     31.7297	     10.4981	     65.7847	     12.0708	     51.3856	   1233.7706	   3535.2920	   5236.7779	   6812.6393	   6437.1996	   6077.9809	   5053.2398	   4130.4186	   3077.9043	   2648.0751	   1818.0589	   1310.2024	    975.3770	    600.3875	    549.7011	    391.9166	    283.2116	    178.5256	    130.4745	    136.1858	    114.5960	    150.1830	    101.0870	    380.7067	    562.3561	    422.8414	    346.5588	    154.4917	    112.1515	     92.6565	      6.8157	     36.7930	      4.3694	      9.8691	     26.5368	   1181.7570	    783.6590	    555.4863	    328.0825	    154.0234	     91.9450	     47.3350	     46.2162	     22.1283	     34.5586	     58.2614	    949.6627	    656.5062	    385.9576	    203.5905	    129.0902	     74.4415	     60.2372	      4.9496	     19.5372	     29.8889	     65.5121
      0.0070	     -1.5284	      0.1932	      0.3159	      5.2558	     14.4968	     16.7290	     14.3814	      8.6153	     19.5174	     15.0868	     15.8831	     15.0173	     22.9472	     10.3052	     13.4797	     11.3308	     11.4192	      7.6691	      8.3315	      5.9557	      9.4505	      4.5148	      6.6203	      5.9137	     33.0916	      0.0122	      1.2851	      4.9383	      3.2143	      1.7577	      3.5107	      5.5993	     11.0835	     10.2943	      6.5304	      7.5125	     12.7548	      9.6341	      7.8109	      7.2566	      6.4875	      5.1765	     10.3955	      4.5083	      4.0683	      6.5772	      5.5669	      3.9559	      3.6166	      4.9304	     25.9711	     -2.9299	     -5.8667	    280.5109	   1027.1728	   2102.7718	   2084.2257	   2969.0032	   2710.4583	   2293.9053	   1716.7848	   1552.3386	   1359.2681	   1005.7525	    973.3487	    350.7357	    579.8728	    122.3205	    102.4029	     55.1058	    100.4185	     45.6191	     41.7737	     61.0613	     30.3566	     14.3702	     19.0892	     20.3557	     12.3579	   1156.8772	   3225.6576	   4836.2528	   6618.3840	   5980.1517	   5901.1246	   5056.3830	   4144.0438	   2967.9876	   2845.3930	   1815.1687	   1129.4794	    868.9784	    517.3322	    631.2509	    424.2208	    232.2953	    134.9684	    141.4652	     61.4612	    120.0691	    192.9607	     88.6528	    470.6625	    616.2630	    441.1084	    414.3248	    145.7329	    142.8928	    144.6847	      2.7440	     48.9707	    -24.0998	      7.3208	      6.6502	   1215.0226	    819.1009	    616.0937	    310.1178	    182.6911	     70.6613	     46.0261	     38.0825	     13.1485	     56.3073	     69.8596	    941.1824	    579.4503	    374.2922	    149.9804	    119.3792	     46.3390	     30.9134	    -30.6369	     13.0743	     32.2571	     66.1973
      0.0055	      1.4465	      2.3842	      5.9572	      7.6224	     15.6599	     14.2284	     13.6654	     15.5340	     12.4044	     15.2192	     12.0783	     13.2268	     10.3052	     14.9737	      8.1698	      7.4907	      8.5296	      7.6310	      5.4210	      6.1532	      4.4375	      4.2499	      3.6799	      2.6682	     18.0229	     -0.0023	      0.1255	      2.8831	      1.8530	      4.4525	      4.7890	      5.3880	      7.3176	      7.0570	      8.2551	      6.9354	      8.4743	      7.3071	      6.6750	      6.6350	      5.6206	      5.8163	      4.9897	      5.0013	      4.4685	      3.9739	      3.5271	      3.8809	      2.8763	      2.5634	     17.3881	     -1.0423	      6.6642	    279.6262	   1129.8640	   1817.0600	   2202.6981	   2387.4692	   2407.4443	   2225.1173	   1844.1988	   1472.5235	   1167.6797	    832.8372	    459.4516	    394.3059	    330.9699	    191.4011	    110.6883	    139.1437	     70.7645	     30.0817	     18.8844	     -6.1252	     15.6874	      5.8634	     49.0566	      0.1489	     79.9998	   1188.3044	   2944.6499	   4739.4031	   5525.0282	   5913.6705	   5160.2061	   4400.6907	   3578.3638	   2873.2268	   1967.9800	   1516.0712	   1260.0103	    783.5494	    614.6219	    427.4791	    310.5143	    264.0267	    200.5409	    131.9110	    133.7842	     74.4985	     52.5988	     38.4626	    223.0871	    520.4621	    427.9041	    256.9720	    138.9175	     62.6619	     30.1137	     32.3333	     16.2745	     26.2362	      9.2761	     35.1291	   1027.5731	    811.1195	    509.2813	    296.4842	    129.2377	     88.5821	     64.9037	     28.1129	     22.1302	     14.9173	     64.5631	    851.2596	    587.5818	    375.9797	    231.9742	    124.2789	     77.7864	     60.3341	     44.1186	     16.3531	      9.2214	     81.1864
      0.0185	     -0.0184	      1.9576	      2.7053	      5.6303	     12.1099	     14.9771	     12.0501	      9.6101	     15.1143	     13.0761	     12.3202	     10.8721	     13.4797	      8.1698	     12.4455	      8.4256	      8.2827	      5.7637	      6.2408	      4.1026	      5.6859	      3.7641	      4.5119	      3.8031	     20.7511	      0.0060	      1.0081	      3.7642	      2.3511	      2.0381	      3.8310	      4.8319	      7.5551	      7.8336	      6.0592	      6.7722	      8.0674	      7.0845	      6.4972	      4.7312	      5.5632	      4.0501	      6.8434	      4.3248	      3.5360	      4.9377	      3.5920	      2.6734	      2.0072	      2.9806	     16.9492	      0.2953	      4.0960	    256.8101	    937.4461	   1655.9987	   1745.3816	   2283.9630	   2181.6608	   1810.8071	   1494.2003	   1236.8108	   1089.9565	    818.8119	    616.0754	    377.3657	    380.9530	    127.5591	     82.3784	     66.6580	     65.5579	     41.6117	     20.1683	     42.4475	     16.6528	      7.5399	     16.8057	     12.2062	     58.9634	    974.2774	   2464.0759	   4032.6924	   5058.2306	   4796.6197	   4673.3475	   3912.5547	   3186.4660	   2463.9684	   1996.3730	   1455.3884	    996.9578	    655.2522	    499.7115	    463.4561	    295.4219	    191.8227	    139.0395	    130.4884	     77.6433	     85.3679	    106.8499	     64.9655	    276.0289	    482.0719	    368.6262	    299.3836	    140.8303	    102.7482	     78.9820	     13.7423	     28.9872	     -5.6605	      3.8980	     23.1120	    916.5616	    682.7920	    480.1239	    252.4539	    149.8356	     62.5433	     43.2749	     23.5983	     19.9352	     33.7859	     71.9683	    785.1605	    453.6262	    304.6120	    142.4920	    112.0297	     49.8642	     20.8561	     -5.0363	     14.3446	     16.2686	     54.8678
     -0.0176	     -1.2571	      0.7663	      1.8308	      4.6840	      8.2937	     12.6952	      9.9239	      7.9920	     13.7989	     10.6209	     10.2972	     10.4318	     11.3308	      7.4907	      8.4256	     11.1271	      6.7932	      5.4998	      6.1262	      3.7750	      5.7823	      4.0349	      3.9715	      3.8382	     22.4443	      0.0057	      0.8363	      3.1002	      1.9349	      2.1389	      2.3233	      4.4232	      7.3486	      7.4729	      4.9708	      5.3268	      7.5257	      6.4026	      5.0847	      4.1414	      5.9186	      3.9949	      6.5374	      4.4281	      3.1617	      4.4478	      3.5702	      2.5069	      1.9459	      3.8123	     20.5904	      0.4860	      1.7567	    159.9607	    732.2744	   1362.0919	   1496.5091	   2053.0202	   1874.9071	   1562.1793	   1251.2044	   1117.2242	    931.8863	    789.4071	    600.5839	    296.8056	    361.7996	    111.8289	     90.2049	     48.9883	     83.6291	     38.5870	     24.0361	     43.2091	     16.1280	      3.6066	     11.5688	      9.2485	     35.5241	    765.2612	   2174.4678	   3456.4012	   4581.0111	   4075.2039	   4131.1701	   3498.5731	   2922.0142	   2146.7273	   1928.5423	   1286.7198	    963.0005	    653.6197	    388.7258	    412.0457	    285.2925	    200.3915	    143.3909	    106.8802	     54.5718	    105.3811	    103.5916	     83.6889	    345.8776	    387.5154	    318.1759	    266.8158	    133.7126	    104.8210	     82.7866	      1.2540	     26.2511	     -9.7595	      6.9729	     23.5090	    801.3484	    608.2914	    435.4336	    245.3701	    119.6421	     64.9029	     42.3890	     34.0067	     18.4933	     38.1243	     65.5851	    697.8310	    405.0692	    235.1077	    130.7856	    101.0782	     25.4835	     16.5747	     -8.1858	     19.8209	     28.6329	     54.2022
      0.0228	      0.4451	      1.2578	      2.2986	      4.4244	     11.4934	     11.1402	     10.5721	      9.3336	     11.8068	     11.7221	     10.0852	      9.8418	     11.4192	      8.5296	      8.2827	      6.7932	      9.7892	      5.8803	      5.2382	      4.7077	      4.9763	      3.5048	      3.9712	      2.9653	     18.9515	      0.0025	      0.5094	      2.8478	      1.7210	      2.1204	      3.3910	      4.1563	      6.6442	      6.2544	      5.8423	      5.9493	      7.5801	      6.4787	      5.7003	      5.2968	      4.6100	      4.4305	      5.9172	      3.7875	      3.4742	      4.0634	      3.3149	      2.9394	      2.4679	      2.6086	     16.0256	     -1.8410	      0.6189	    202.7335	    772.5593	   1340.9086	   1507.2699	   1882.1688	   1849.3088	   1645.9391	   1368.7373	   1127.0134	    977.5154	    718.5947	    522.1424	    320.2295	    340.1372	    134.3268	     90.8215	     79.2624	     64.0022	     31.4785	     23.3661	     18.2680	     17.1873	     10.3469	     26.8096	      3.6520	     39.4043	    863.5322	   2151.8291	   3476.7871	   4347.2656	   4423.1860	   4102.4883	   3554.5100	   2949.6879	   2345.2555	   1829.8949	   1345.7962	    973.3585	    666.6846	    490.1107	    421.5055	    299.9608	    206.4101	    139.1762	    125.4626	     85.7751	     78.3751	     83.4059	     41.0344	    261.2247	    453.5656	    361.7563	    267.6221	    120.4165	     79.4798	     60.3809	     21.0615	     23.5188	      3.2365	      7.8088	     25.1385	    904.7422	    687.7037	    471.4723	    246.7229	    131.6747	     68.3631	     55.1168	     23.9170	     15.0047	     23.6614	     65.5079	    646.3150	    430.5716	    284.8732	    145.7779	     92.0101	     45.6690	     33.4449	      7.7334	      9.2723	     11.9564	     58.8647
      0.0365	      0.3745	      0.9758	      3.5305	      3.6795	      8.7066	      7.9444	      8.9859	      9.0610	      8.3635	     10.6232	      7.1947	      7.2114	      7.6691	      7.6310	      5.7637	      5.4998	      5.8803	      8.2762	      4.3895	      4.1768	      3.4556	      3.5427	      2.7909	      1.8769	     16.8841	     -0.0041	      0.1583	      2.0305	      0.7412	      2.6767	      2.3823	      3.3618	      4.8257	      4.7150	      5.4424	      5.4410	      5.8560	      5.3983	      4.7555	      4.4648	      3.8300	      4.2342	      4.2940	      4.0900	      2.8437	      2.9931	      2.3070	      2.5894	      2.9613	      2.0571	     15.5204	     -1.8537	     -1.2736	    127.2095	    525.5760	    879.4030	   1135.5289	   1391.1953	   1294.3042	   1249.1529	   1172.2281	   1014.6373	    838.1300	    637.9663	    407.7764	    334.1044	    249.8837	    160.2322	    103.9365	     99.5610	     77.0546	     28.7823	     23.1569	     -9.1875	     12.4706	      8.5406	     21.4217	     -6.7890	     20.3268	    543.4113	   1559.7338	   2514.4936	   3047.2228	   3387.6774	   3136.1739	   2897.7758	   2544.2214	   2100.1238	   1474.1355	   1165.9220	    994.6514	    680.5501	    500.2394	    367.8115	    299.8065	    240.0081	    183.7874	    122.9455	     85.5897	     86.0211	     48.1982	     17.6849	    288.0126	    347.1261	    321.5056	    187.5928	     80.7105	     40.3833	     29.3976	     26.4136	     13.0536	      9.5085	     10.1085	     25.2881	    738.3325	    646.5229	    396.8102	    216.0075	     85.1725	     65.4497	     67.2053	     23.3480	     11.3660	     10.3263	     55.0111	    453.9793	    383.0177	    198.2890	    158.2000	     65.6887	     28.2160	     31.2370	     26.2493	      9.9025	      3.5125	     62.0775
      0.0027	     -1.1236	      0.2142	      0.9368	      2.4404	      5.0689	      7.4919	      6.8183	      5.1882	      9.1101	      7.6755	      6.7555	      7.2469	      8.3315	      5.4210	      6.2408	      6.1262	      5.2382	      4.3895	      6.3882	      2.9288	      4.1149	      2.9771	      2.8709	      2.9267	     17.6857	      0.0032	      0.5739	      2.4329	      1.2697	      1.0838	      1.5843	      2.9806	      4.9736	      4.9431	      3.7051	      4.4713	      5.8492	      4.9582	      3.6656	      3.4109	      4.1753	      3.0575	      5.1705	      3.3645	      2.2589	      3.1750	      2.5404	      2.0156	      1.9703	      2.7286	     16.1805	     -0.5556	     -3.9721	     94.3551	    413.2799	    866.1595	    933.0307	   1411.9204	   1254.2003	   1073.0985	    871.6023	    842.3037	    700.0521	    596.1394	    477.9266	    239.7885	    277.9089	    101.1981	     85.5574	     51.8176	     74.4285	     28.3053	     17.8906	     27.5262	     16.6964	      7.1961	     13.6036	      2.9118	     16.1472	    466.7874	   1469.2131	   2182.9279	   2973.3086	   2716.1086	   2874.0238	   2527.2438	   2179.8345	   1657.2129	   1480.2884	   1033.4840	    757.1368	    571.9203	    352.0254	    339.3679	    253.9746	    171.9609	    115.5229	     94.8090	     53.0161	     84.4796	     89.8162	     57.6560	    294.8806	    271.0634	    229.2484	    197.4549	     77.1073	     70.7549	     63.8976	      5.4366	     21.5246	     -8.8067	      6.9612	     17.7504	    602.4974	    453.0628	    326.6196	    177.4204	     89.6633	     49.3197	     37.5765	     23.9549	     10.1998	     21.7551	     47.6091	    456.2826	    328.6483	    175.0137	    110.4961	     67.8313	     21.5825	     15.8737	     -7.6437	     12.2863	     15.9690	     39.4482
      0.0226	      0.6542	      0.6318	      1.7394	      2.1066	      7.0305	      4.2912	      5.7231	      6.2653	      4.8883	      6.0857	      5.4772	      7.0385	      5.9557	      6.1532	      4.1026	      3.7750	      4.7077	      4.1768	      2.9288	      6.6824	      2.5241	      2.5371	      2.2622	      1.3214	     12.5138	     -0.0021	     -0.1378	      1.2930	      0.9511	      1.7037	      2.0491	      2.2047	      3.6211	      3.2024	      3.8102	      3.6928	      4.6618	      4.1809	      3.2501	      4.0672	      2.7740	      3.4947	      3.5262	      2.6740	      2.5297	      2.2105	      2.1547	      2.5869	      2.1134	      1.8143	     11.5233	     -4.0130	     -1.6398	    107.2089	    457.4498	    650.6440	    854.8821	    936.3287	   1041.7288	   1026.1680	    827.0642	    697.0766	    560.5004	    467.2216	    281.2541	    169.2759	    241.0967	    120.3291	     84.5313	     71.5856	     57.0279	     12.5428	     21.8484	     -1.2302	     16.8867	     12.4146	     45.5382	     -6.4319	     10.4327	    534.6500	   1241.8643	   1906.9237	   2355.9465	   2645.0734	   2278.4316	   1995.9039	   1795.8860	   1537.0307	   1162.1288	    919.4955	    704.6508	    559.9872	    392.4412	    284.9603	    233.0783	    179.2312	    116.9548	     97.4452	     86.4705	     64.2340	     45.8947	     20.0842	    177.7989	    267.8455	    226.0402	    144.3862	     75.1852	     38.3021	     22.9564	     17.1371	     14.5608	      9.6285	      9.8303	     27.6184	    588.4100	    434.3157	    293.9152	    154.0339	     70.7257	     52.1579	     52.0227	     19.0720	      8.8103	      6.1978	     43.9369	    412.0107	    368.2910	    239.8072	    133.4999	     66.5701	     38.2836	     44.7831	     17.1000	      2.4891	      6.2006	     48.3825
     -0.0289	     -2.1530	     -1.6496	     -1.9353	      1.2504	      3.6021	      5.6651	      4.8912	      1.6959	      8.9282	      5.0359	      6.1377	      7.3125	      9.4505	      4.4375	      5.6859	      5.7823	      4.9763	      3.4556	      4.1149	      2.5241	      6.6324	      2.2005	      3.1749	      3.3640	     19.2439	      0.0079	      0.5565	      1.8785	      1.3246	      0.2454	      0.1047	      2.1969	      5.3969	      4.5815	      1.9943	      2.2128	      6.3609	      4.5349	      2.5780	      3.5183	      3.2433	      2.2984	      5.4594	      2.0052	      1.5821	      3.1453	      3.1833	      1.9700	      2.0664	      3.3885	     16.7413	     -1.9707	     -7.8455	     44.8611	    261.1092	    790.3987	    742.2660	   1284.1589	   1045.5628	    919.9657	    580.0727	    658.2460	    557.5192	    436.4751	    524.0354	     90.0581	    306.3789	     28.2475	     48.6982	      4.0673	     63.3395	     16.5130	     24.8657	     35.8107	     18.2708	      4.4464	      1.7040	     12.1318	    -34.2199	    330.5750	   1268.4114	   1715.9001	   2814.0367	   2271.8355	   2447.7839	   2168.5370	   1813.2973	   1110.0442	   1429.1811	    724.8008	    465.1835	    411.6510	    127.4073	    290.9959	    200.1320	    102.3162	     59.0313	     38.0615	     -4.3659	     69.9891	    116.8529	     60.9274	    312.2017	    226.7568	    146.3649	    184.8805	     50.7727	     76.8406	     93.9843	    -10.8415	     26.1906	    -19.9748	      4.3379	     -8.9252	    487.8340	    296.2708	    256.1545	    139.9341	     66.9427	     29.3878	     15.5869	     28.0616	      2.8694	     38.2979	     24.3374	    380.0484	    224.9040	    127.4968	     48.8987	     42.5174	      2.7612	      9.2522	    -24.5046	     10.5163	     26.9229	     27.4032
