      0.0520	      0.1198	      0.1678	      0.1422	      0.0430	      0.0899	      0.0051	      0.0587	      0.0439	     -0.0021	      0.0679	      0.0219	     -0.0468	      0.0068	      0.0056	      0.0181	     -0.0171	      0.0228	      0.0365	      0.0027	      0.0227	     -0.0289	      0.0102	      0.0072	     -0.0278	     -0.0425	     -0.0001	     -0.0001	     -0.0029	      0.0040	      0.0114	      0.0434	      0.0022	     -0.0185	     -0.0104	      0.0303	      0.0550	     -0.0302	      0.0105	      0.0338	     -0.0042	     -0.0215	      0.0101	      0.0030	      0.0139	      0.0106	      0.0085	     -0.0209	     -0.0017	      0.0092	     -0.0310	     -0.0816	     -0.0336	      0.0942	      3.6457	      6.2048	      0.5358	      2.5312	     -1.4490	      1.2864	      1.4592	      6.8177	      2.8710	      4.8401	      3.0806	     -0.6201	      4.1350	     -0.2202	      1.6716	      0.7618	      0.8176	     -0.0061	      0.2000	      0.1873	     -0.3305	     -0.0183	      0.2214	      0.2655	     -0.2386	      1.0670	      7.8399	      3.9785	      7.1469	     -6.0168	      5.0452	      0.1299	      1.3829	      4.3650	     11.0176	     -1.4659	      6.4373	      5.0295	      3.1068	      5.8479	      1.8049	      1.3602	      1.2355	      1.3312	      1.6788	      0.9448	      0.3302	     -0.8697	     -0.9410	     -0.8220	      1.5064	      1.7966	     -0.1680	      0.2767	     -0.5197	     -0.8071	      0.5972	     -0.1539	      0.1973	      0.0300	      0.4255	      1.5016	      3.1750	      1.1136	     -0.0764	      0.2936	      0.0600	      0.7593	     -0.3023	      0.0329	     -0.3411	      0.6765	     -1.5158	      0.6296	      0.9061	      0.4234	      0.0600	      0.1692	      0.0379	      0.3410	     -0.2687	     -0.5531	      0.2675
      0.1198	     29.6719	     29.5583	     29.4413	     17.8074	     16.6348	      8.3134	      8.3735	     13.4149	     -0.4807	      7.5972	      3.5273	     -2.6777	     -4.8062	      2.6914	     -0.9736	     -3.1880	      0.1218	      0.2822	     -2.9028	      1.1185	     -5.2536	     -0.7330	     -1.2789	     -4.5669	    -23.0556	     -0.0114	     -1.7213	     -3.3798	      1.0709	      4.8949	      7.0308	      2.0540	     -2.0319	     -0.4551	      4.8410	      2.8814	     -4.8831	     -0.7217	      3.1869	      0.0512	     -1.1853	      0.9830	     -5.5058	      0.0970	      1.5353	     -1.2144	     -2.5449	     -0.2209	     -1.7159	     -4.3585	    -22.2598	      3.4517	     40.6578	    833.5938	   1798.5433	   1503.9094	   1822.1302	    660.7706	   1035.5503	    722.6631	    930.8334	    -18.0415	     13.4618	   -261.7077	   -654.5198	    182.2132	   -336.7516	     49.1587	    -29.8807	     53.6662	   -114.0811	     -8.0317	    -20.0132	    -73.3877	    -29.8979	     -5.5278	      7.8465	     -5.7317	    224.5181	   1513.4137	   1703.7244	   2913.5454	   1144.1074	   2111.7173	    367.8684	      7.0837	   -486.3258	    241.2596	  -1180.5265	   -232.1243	    -50.0587	   -363.0551	    161.3227	   -191.1969	   -182.2621	    -36.4851	      8.8720	     56.9824	     72.2383	    -94.3459	   -211.5497	   -120.6559	   -533.3784	    331.2652	    301.0500	    -11.0046	    110.0552	    -62.2535	   -145.0796	     56.9139	    -26.3372	     60.2231	     -5.4213	     50.1159	    252.2668	    401.5597	    117.4065	     36.4360	     32.9113	     25.1868	     29.2925	    -33.1037	     19.8314	    -31.4506	     36.5074	    535.5685	    214.4844	    282.6344	    129.7902	     70.7927	     82.1169	     45.1177	     94.8027	     -7.4235	    -32.0976	     49.9299
      0.1678	     29.5583	     76.6228	     50.7630	     34.9381	     29.5097	     24.2973	     18.4075	     18.7745	     10.2040	     13.5566	      9.6307	      1.8575	      2.6106	      3.6825	      4.5457	      2.4862	      2.8132	      2.0526	      1.4132	      1.0523	     -1.6889	      1.8329	      0.3581	     -1.4822	    -10.2280	     -0.0000	      0.8237	      4.7388	      5.7673	      7.8847	      9.9097	      6.2536	      2.8734	      4.2471	      6.4924	      6.6270	     -0.6913	      1.9776	      4.9886	      0.9418	      2.5363	      2.2166	     -1.2859	      1.5457	      2.4465	      1.4501	     -1.5522	      0.2479	     -1.4439	     -1.6502	    -11.3310	      7.5427	     59.6967	   1712.5119	   3461.7829	   3782.2498	   3809.4256	   3017.9412	   2776.2167	   1818.6954	   1669.6928	    451.5726	    471.9223	     81.4730	   -277.3891	    282.7521	   -196.0000	     48.8769	     45.1774	     36.0517	    -59.2983	     34.9399	    -20.6508	    -23.2380	    -23.7047	     -8.9398	    -13.1143	      6.8235	    353.1558	   3095.9128	   4729.9292	   6173.9113	   4535.5553	   4082.9025	   2222.6158	   1493.7321	    499.7589	    790.6561	   -388.9743	    222.5786	    191.3111	   -130.0532	    229.1492	      9.2323	    -21.9779	     -4.5917	     45.7265	    113.7588	     59.0096	    -37.2825	   -141.8039	    -60.6102	   -300.2675	    426.0709	    334.8134	     93.7895	    123.8307	      3.9648	    -75.6605	     47.6960	     -9.0785	     27.4547	     -2.5339	     44.4123	    352.7879	    480.8547	    199.2928	    106.9893	     85.8834	     34.1731	     17.3050	    -29.6657	     14.8210	     -7.9275	     63.8894	   1004.1931	    375.3710	    387.5813	    172.8051	    128.1135	     88.8336	     38.2175	     60.8511	     -2.3240	     -9.9706	     67.4961
      0.1422	     29.4413	     50.7630	     64.5043	     37.3410	     32.8662	     29.0791	     23.3900	     28.1672	     11.6153	     21.0614	     12.1656	      4.1237	     -0.7134	      9.1643	      3.3664	      2.7617	      3.1789	      6.3651	      1.6143	      2.7627	     -3.2679	      2.0909	     -0.5477	     -3.1789	    -14.4499	     -0.0144	     -1.5795	      2.5096	      3.4621	     11.8118	     11.5212	      8.3956	      2.6609	      5.8043	     10.8045	      8.2213	     -0.2107	      3.8946	      7.0024	      2.6785	      3.0602	      3.6420	     -3.3384	      4.5655	      2.6510	      0.6671	     -1.4409	      1.1506	      0.6576	     -3.5711	    -10.7389	     10.5527	     55.0435	   1417.7092	   3236.9807	   3679.7468	   4138.9107	   3200.4055	   2991.0739	   2278.2351	   2295.3564	   1096.8604	    764.3817	    259.4329	   -400.5649	    485.6254	   -303.1345	    161.7489	     55.5130	    155.0535	    -42.7688	     21.1874	    -11.4922	    -98.7190	    -37.5847	    -18.3602	    -19.3855	      1.7523	    366.5938	   2736.7099	   5028.6271	   7291.9892	   5677.2984	   6021.0320	   3823.7308	   3069.1935	   1769.5095	   1857.6578	   -332.6780	    531.2406	    737.9179	      2.6061	    425.1484	    -36.6148	    -37.1716	    121.8188	    176.5287	    108.7006	    109.9360	    -24.5372	   -233.7524	   -115.5628	   -349.3568	    514.8992	    486.4879	     46.8767	    142.1855	    -56.8166	   -149.9666	     68.6109	    -34.2802	     72.2124	     -5.1081	     58.8941	    522.4249	    783.9068	    254.4335	    171.3558	     50.7091	     74.3434	     53.3110	    -15.3070	     31.1471	    -25.7972	     49.5206	   1218.6874	    627.9502	    453.3221	    340.5941	    172.8198	    125.7186	     77.5731	    141.6789	     14.1089	    -21.7179	    107.4106
      0.0430	     17.8074	     34.9381	     37.3410	     36.6255	     30.2722	     30.3996	     22.1035	     23.5842	     16.7883	     19.4650	     14.9948	      9.5238	      6.2178	     10.2800	      6.7314	      6.0437	      5.5082	      5.2218	      3.1775	      3.0949	      1.6595	      2.2052	      1.6290	      0.0648	     -2.1105	     -0.0007	     -0.3130	      3.4465	      4.3730	      9.3006	      9.1018	      8.6117	      6.7006	      7.8375	      9.1667	      6.5977	      4.1081	      5.7021	      6.7436	      3.9609	      4.1679	      3.4140	      0.7412	      3.9060	      2.5845	      2.6894	      1.1928	      1.8153	      0.8925	     -0.6134	     -1.3231	      9.1491	     42.6076	   1143.3988	   2859.0121	   3750.5326	   4056.3168	   3613.9194	   3286.1848	   2539.9701	   2129.6046	   1204.3084	    890.0600	    343.4152	     -2.8948	    319.3231	    -83.0254	     63.7263	      4.5953	     82.4287	    -33.2567	     18.4770	      3.8024	    -38.6444	    -25.6106	    -21.0777	    -26.7187	     27.7282	    275.5270	   2545.7420	   5279.6802	   7637.8810	   7396.3712	   6870.4888	   5107.4498	   4025.6771	   2484.9800	   1804.6190	    536.2679	    568.3070	    591.2756	    -33.5826	    180.7296	     33.0494	    -39.8281	     37.5427	     98.3323	     35.5863	     34.4300	    -12.0973	   -112.1374	    -43.3949	   -192.8753	    526.9199	    366.0493	    122.5072	    144.7612	     13.5435	    -41.9295	     34.3505	    -12.3094	     43.2767	     -9.2018	     17.8338	    582.0851	    593.4368	    251.6920	    189.9001	     78.8037	     59.5016	     12.1566	      3.5294	     27.0219	     19.5723	     37.6669	   1283.5792	    525.1949	    428.9626	    257.1788	    181.1522	    117.6576	     60.1027	     87.7864	     19.6998	      7.9283	     92.2539
      0.0899	     16.6348	     29.5097	     32.8662	     30.2722	     60.4111	     44.1086	     31.7923	     31.4479	     25.5932	     28.7950	     23.3085	     16.8539	     17.6068	     17.3982	     13.9998	     10.1271	     13.1226	     10.0795	      6.4848	      8.0797	      5.2164	      4.7396	      5.0014	      1.7092	     13.4731	     -0.0014	     -0.1670	      6.9813	      5.8405	     10.8221	     11.6293	     11.1389	     10.9920	     11.6509	     13.5248	     11.7499	     10.1987	     10.4598	     11.1180	      8.0266	      5.5669	      7.0714	      5.1299	      6.4562	      5.3415	      5.4758	      3.4426	      4.2175	      3.1026	      0.2971	      7.5065	      4.1968	     44.1373	   1094.0080	   3288.5873	   4523.6274	   4882.5319	   4665.9049	   4555.0018	   3831.7456	   3343.3712	   2192.1458	   1774.9806	   1078.1061	    490.3549	    579.4009	    308.8624	    220.5484	     38.3259	    199.1918	     28.6188	     62.2335	     34.3031	    -37.5226	    -11.3019	     -3.0043	      9.7279	     18.1568	    243.4944	   3077.1797	   6609.7106	  10509.4303	  11213.7406	  11259.4365	   8770.2628	   6962.7819	   5185.3530	   4140.4104	   2078.9896	   1876.8949	   1448.8957	    549.6840	    724.8382	    437.9716	    286.0449	    241.4337	    205.1317	    183.1329	    156.0476	     40.5240	    -56.2950	    -46.1881	    -19.8262	    756.8934	    537.2075	    275.8997	    179.2305	     46.2808	    -19.0393	     54.1800	      9.2846	     43.6038	     -0.4013	     38.6011	   1109.6509	    973.8662	    494.6255	    271.6554	    150.5185	     97.8859	     60.9974	      3.4040	     25.4481	      9.0824	     70.2484	   1520.0833	    808.9541	    621.3286	    337.1575	    218.2217	    148.1516	     90.5028	     79.6733	     10.0449	     -1.1096	    127.8439
      0.0051	      8.3134	     24.2973	     29.0791	     30.3996	     44.1086	     64.7727	     31.6139	     29.5223	     32.0324	     29.9851	     24.8411	     17.9528	     18.5619	     15.2065	     16.2881	     14.1820	     12.0839	      8.9003	      8.6233	      4.6647	      6.7052	      4.4362	      5.1575	      4.1700	     17.2649	      0.0082	      1.7831	     10.6542	      6.7323	      9.7689	     11.0027	     12.9950	     13.0394	     14.6577	     12.7377	     11.8532	     10.7967	     11.0146	     11.0821	      5.8839	      8.8657	      5.4892	      6.8181	      7.6780	      4.2023	      6.4698	      4.2110	      2.7105	      2.2220	      1.3057	     13.0725	     13.4485	     46.2150	    914.3708	   3038.2281	   4658.1899	   4834.3035	   5200.2761	   4751.6455	   3745.4622	   3261.2628	   2375.6056	   1822.1891	   1261.7245	    700.9083	    633.6294	    308.2083	    169.9699	     -5.1760	    153.9912	     41.8163	     74.9272	     30.5890	     13.0294	    -19.3077	    -17.2837	    -43.7962	     42.7775	    263.6899	   2703.5433	   6763.7319	  10803.3795	  12152.2781	  10936.8961	   9510.6568	   7415.7164	   5451.5745	   4027.1020	   2264.1777	   1872.8466	   1393.4796	    401.4809	    545.3617	    404.7840	    203.0627	    180.8771	    178.4238	    144.8961	    103.8482	     66.2195	    -14.8313	     27.6014	     70.3259	    734.6360	    508.4645	    340.8945	    231.0452	    101.2669	     31.3141	     24.3154	     17.9684	     20.3392	    -10.3265	     32.9504	   1102.0245	    927.6491	    498.3608	    299.3244	    172.0534	     99.1096	     24.7240	     21.0908	     39.5741	     34.5661	     64.5953	   1618.4255	    687.4954	    466.0796	    287.5203	    243.1821	    131.9367	     40.9731	     46.5844	     34.5382	     23.0251	    102.0834
      0.0587	      8.3735	     18.4075	     23.3900	     22.1035	     31.7923	     31.6139	     29.6730	     24.0235	     22.4091	     25.5522	     19.3178	     14.6674	     15.3848	     14.3304	     12.6622	     10.5719	     11.1746	      9.6870	      7.3926	      6.2021	      5.4407	      4.4267	      4.7535	      2.7780	     16.5814	     -0.0005	      0.5514	      6.1848	      4.3250	      8.0101	      9.6407	      9.9048	     10.4534	     11.2307	     11.8826	     11.0711	     10.1487	      9.8570	     10.1579	      7.2476	      6.6872	      6.1399	      6.5113	      6.2859	      4.6020	      5.5300	      3.4305	      3.6207	      3.2872	      1.2892	     13.4547	      4.8433	     21.5906	    749.8092	   2281.2446	   3441.3459	   3824.9086	   4051.4794	   3809.8201	   3151.1495	   2742.0514	   1942.8098	   1570.4556	    999.3858	    530.4134	    556.0432	    256.4766	    198.1098	     96.2712	    147.8407	     46.5597	     48.5210	     28.9844	    -15.4131	     -0.4454	     -0.3551	      2.4403	     16.8963	    201.7970	   2159.3533	   5209.6188	   8140.0685	   8991.4488	   8857.7249	   7556.6396	   6369.3471	   4788.6908	   3779.7284	   2166.0549	   1817.0330	   1407.6730	    673.4031	    668.2774	    429.3267	    292.8896	    238.1424	    193.1275	    161.2742	    121.6625	     75.6060	     -3.6597	     -6.9746	    147.7983	    714.6981	    549.8099	    310.7161	    181.9044	     70.4747	     18.8998	     45.0290	     13.3744	     28.9486	      1.5825	     40.4867	   1180.4379	   1012.1673	    570.5646	    327.6597	    169.8444	    101.6698	     65.5581	     20.0485	     26.1435	     23.6419	     78.9631	   1262.7151	    695.8621	    480.9499	    294.3076	    185.9380	    111.4546	     63.8302	     56.2340	     13.9851	      6.5251	    107.5687
      0.0439	     13.4149	     18.7745	     28.1672	     23.5842	     31.4479	     29.5223	     24.0235	     31.8860	     17.7638	     24.5275	     17.0593	     13.5641	      9.3122	     15.7609	      9.9048	      8.5166	      9.6169	      9.3735	      5.6171	      6.5270	      2.2489	      4.7234	      2.9476	      0.7584	      7.3747	     -0.0087	     -0.9654	      2.7756	      3.2322	      9.4384	     10.4681	      9.3756	      8.2440	      9.4794	     13.0794	     10.6576	      7.4433	      8.3708	      9.6023	      6.9167	      6.6642	      7.1446	      2.8843	      6.8260	      5.4295	      4.0416	      2.1381	      3.7220	      2.2617	      0.2460	      7.9349	      5.1986	     32.0452	    738.4300	   2357.4427	   3210.7908	   3878.4818	   3615.4474	   3643.8185	   3118.8722	   2843.2549	   1859.1129	   1450.7880	    919.0601	    206.1606	    592.3141	    136.6092	    242.9660	    107.8337	    194.1328	     27.4937	     45.0494	      5.1414	    -48.0089	     -9.2695	     -5.6908	     27.0176	      0.8400	    241.4291	   2205.0118	   4859.7663	   8080.0838	   8305.5541	   8907.5902	   7134.6400	   5946.8506	   4460.0410	   3806.5626	   1733.4109	   1715.3571	   1538.0646	    657.2689	    768.9364	    336.7723	    247.6536	    271.2298	    241.5577	    167.7557	    176.9734	     43.4556	    -82.7146	    -24.1492	    -16.8215	    710.2033	    609.4253	    256.7562	    202.5532	     36.2313	    -46.1712	     64.5516	     -3.9831	     60.0460	      5.3367	     65.9424	   1181.3083	   1114.5259	    585.0775	    356.3953	    157.8702	    119.0441	     82.7819	     13.2380	     35.7353	     -2.6731	     89.3975	   1387.4538	    816.2695	    567.9018	    378.0391	    212.2661	    137.8781	     88.7326	    102.9216	     20.2152	     -4.6523	    125.8338
     -0.0021	     -0.4807	     10.2040	     11.6153	     16.7883	     25.5932	     32.0324	     22.4091	     17.7638	     29.4705	     21.8706	     19.7442	     16.1513	     19.4198	     12.5275	     15.0934	     13.8089	     11.8253	      8.5498	      9.1619	      4.9493	      8.8868	      5.0934	      6.3810	      5.2962	     27.9759	      0.0110	      2.3516	      7.8162	      5.0247	      5.3644	      6.6305	      9.3782	     12.4823	     13.2179	      9.3745	      9.4596	     11.3856	     11.0078	      9.1687	      6.2037	      8.1665	      5.4666	      9.5765	      6.4440	      4.3298	      7.1743	      5.1752	      3.2089	      2.7281	      4.0288	     23.3112	      4.7719	     13.3564	    531.0770	   1858.3957	   3157.3705	   3318.6659	   4091.4998	   3688.4121	   2935.7498	   2400.7828	   1937.8369	   1599.7282	   1152.5322	    872.3071	    519.0077	    459.1727	    127.2503	     70.5513	     66.6584	     76.9417	     54.6764	     37.7967	     53.6546	      8.5942	     -3.0061	    -23.0189	     33.2881	    126.1710	   1753.3709	   4677.8942	   7412.6633	   9088.3076	   8055.2315	   7663.4613	   6306.3635	   4874.7444	   3457.7254	   2752.4601	   1870.2841	   1306.1446	    682.2138	    484.5280	    542.8354	    310.6119	    211.8915	    170.1691	    135.0839	     43.9791	    116.5267	    108.8653	     80.6309	    345.5398	    733.4031	    547.7179	    424.0131	    219.3721	    147.2294	    111.1024	      7.7095	     34.6271	     -8.6865	     -1.7832	     20.7229	   1222.9476	    969.2041	    635.7290	    336.7565	    183.4354	     82.2917	     43.4666	     39.0042	     31.0226	     64.8740	     85.9945	   1371.4578	    664.3763	    432.7754	    214.0333	    184.4732	     66.7334	     21.7330	      1.0974	     30.1306	     37.1412	     86.4238
      0.0679	      7.5972	     13.5566	     21.0614	     19.4650	     28.7950	     29.9851	     25.5522	     24.5275	     21.8706	     31.7212	     19.2964	     13.8296	     15.2884	     15.1842	     13.2179	     10.7360	     11.7856	     10.6520	      7.7852	      6.0404	      5.1329	      4.2016	      5.0028	      2.5698	     15.6185	     -0.0026	      0.3655	      5.3315	      3.6647	      7.8840	     10.0426	      9.8528	     10.5644	     11.3593	     13.0222	     11.9660	     10.0041	     10.3356	     11.1723	      7.1852	      7.0209	      6.4849	      6.1459	      6.8203	      4.8470	      5.8579	      3.1469	      3.8554	      3.6126	      0.9911	     12.4748	      4.7069	     17.0613	    619.1194	   2040.4441	   3143.4908	   3593.1584	   3884.3381	   3702.6633	   3073.0696	   2804.4009	   1967.2909	   1642.8601	   1030.6486	    472.4552	    654.2653	    224.4798	    212.4958	    106.2074	    156.4888	     28.8231	     41.6877	     21.7395	    -29.8541	      0.2185	      0.2827	     -6.7045	     11.3235	    218.2469	   2026.6701	   4952.0743	   8081.0765	   8734.6693	   8958.3128	   7695.8987	   6621.6303	   4926.6900	   4019.2330	   2134.4132	   1853.0833	   1501.7031	    667.5117	    696.0197	    443.1088	    283.8906	    246.8494	    190.2260	    174.7621	    120.9052	     61.4005	    -13.4927	    -20.7326	    130.3736	    754.6527	    599.3237	    324.7727	    192.6752	     65.7089	      4.7877	     52.8917	     12.5593	     36.0230	      2.3265	     49.5978	   1277.2519	   1109.9545	    632.5801	    340.1680	    171.5640	    102.2830	     78.3416	     17.2937	     25.7729	     22.2254	     84.4215	   1258.1707	    686.6574	    479.3070	    312.9543	    183.4635	    108.2970	     55.8947	     65.4894	     17.4468	      2.7728	    115.6483
      0.0219	      3.5273	      9.6307	     12.1656	     14.9948	     23.3085	     24.8411	     19.3178	     17.0593	     19.7442	     19.2964	     19.9844	     14.3772	     15.8374	     12.0944	     12.3161	     10.2856	     10.0900	      7.2483	      6.7656	      5.4863	      6.0971	      3.9215	      5.1140	      3.5343	     18.6681	      0.0053	      1.2040	      4.8864	      4.0726	      5.3984	      7.0058	      7.5070	      9.9375	     10.4880	      9.1202	      8.4170	      9.6233	      8.8693	      8.8913	      6.1979	      6.2655	      4.9528	      6.7829	      5.1801	      4.2244	      5.6199	      4.0064	      3.3907	      2.3426	      2.3805	     14.7752	      2.4867	     14.1494	    507.1397	   1694.7408	   2701.2653	   2931.5965	   3298.9064	   3180.4630	   2615.2819	   2144.0799	   1593.7183	   1330.6009	    885.3497	    570.8537	    436.5032	    343.8766	    136.7392	     66.6609	     88.3912	     41.8548	     37.3748	     24.8905	     23.4597	      8.0012	      1.2594	     12.5199	     22.2124	    133.0923	   1669.5023	   4019.4091	   6442.8231	   7476.5793	   7134.1525	   6365.3470	   5228.2848	   3969.6537	   3009.8875	   2091.8926	   1577.1806	   1115.0523	    580.4192	    512.8346	    438.0289	    247.7290	    184.6680	    146.9231	    125.1518	     83.9249	     71.0280	     62.2180	     40.4577	    165.3392	    646.8267	    478.8167	    322.9295	    186.7563	     96.2014	     54.9991	     21.0657	     22.6508	     12.0024	     -0.3505	     26.5295	   1089.9231	    837.4599	    535.5095	    291.0574	    162.0842	     75.3893	     42.9001	     23.7084	     27.4342	     39.3775	     71.6785	   1158.9724	    607.9059	    441.1576	    213.6318	    166.1789	     87.8427	     43.9612	     25.2023	     17.1944	     17.3758	     81.1165
     -0.0468	     -2.6777	      1.8575	      4.1237	      9.5238	     16.8539	     17.9528	     14.6674	     13.5641	     16.1513	     13.8296	     14.3772	     21.5632	     15.2157	     13.2315	     10.9344	     10.4891	      9.8840	      7.1686	      7.2978	      7.1086	      7.4553	      4.7278	      5.0846	      5.2288	     28.5085	      0.0068	      0.7185	      5.7698	      3.7176	      4.3479	      4.3427	      6.3402	     10.1707	      9.7620	      7.2849	      6.8456	     12.3518	      8.6765	      6.7681	      7.9585	      7.5804	      5.7850	      8.3713	      4.9318	      4.6244	      5.2586	      5.5520	      4.6678	      3.4145	      4.8704	     27.3964	     -1.7977	      0.1664	    263.6526	   1143.8482	   2199.0698	   2390.1521	   3026.8652	   2945.4131	   2607.0902	   1869.5089	   1708.4581	   1280.8090	   1036.1497	    782.0578	    305.9377	    541.0505	    177.2531	    126.1144	    121.0113	    115.6205	     30.2808	     33.5811	     37.5251	     33.0121	     11.0628	     67.7166	     12.1845	     46.6759	   1223.4266	   3523.8011	   5198.7202	   6812.2405	   6414.7591	   6080.0526	   5048.0907	   4139.4273	   3074.1653	   2686.0187	   1830.5040	   1311.9297	    990.3357	    600.3585	    559.0971	    398.3336	    285.7487	    178.2678	    130.8194	    136.2553	    116.6251	    156.7679	    105.1064	    391.7070	    559.6805	    419.4746	    349.9226	    153.8984	    114.5877	     96.4060	      5.3624	     38.1212	      3.0264	     10.1519	     25.9543	   1184.4170	    776.6565	    556.4655	    327.9016	    154.2008	     91.6015	     46.7219	     47.1552	     21.8675	     35.4099	     57.8588	    946.9911	    658.9791	    385.5792	    200.9467	    127.7616	     73.2292	     60.1613	      2.6229	     19.7180	     31.0026	     64.5034
      0.0068	     -4.8062	      2.6106	     -0.7134	      6.2178	     17.6068	     18.5619	     15.3848	      9.3122	     19.4198	     15.2884	     15.8374	     15.2157	     22.9749	     10.3030	     13.5150	     11.3286	     11.4237	      7.6803	      8.3399	      5.9555	      9.4642	      4.5207	      6.6251	      5.9237	     33.1672	      0.0122	      2.3347	      7.2385	      4.0891	      2.5401	      3.6943	      5.9588	     11.0986	     10.2542	      6.5231	      7.5333	     12.8040	      9.6367	      7.8039	      7.2694	      6.4789	      5.1806	     10.4107	      4.5082	      4.0677	      6.5787	      5.5769	      3.9629	      3.6295	      4.9421	     26.0458	     -2.9534	     -5.9598	    279.6656	   1025.0854	   2101.4175	   2082.4464	   2969.2970	   2709.6401	   2294.1576	   1716.0609	   1553.8693	   1359.7954	   1006.9621	    975.2938	    350.4379	    581.0398	    122.5777	    102.6894	     55.2640	    100.8861	     45.6066	     41.9460	     61.0808	     30.4797	     14.4342	     19.2157	     20.3346	     11.8476	   1155.1135	   3225.8568	   4832.7321	   6618.5247	   5978.8624	   5902.1860	   5058.3825	   4147.2993	   2969.6381	   2849.4584	   1817.1326	   1130.7725	    871.2812	    517.7877	    632.1680	    425.2160	    232.9574	    135.2145	    141.5803	     61.5502	    120.4078	    193.4649	     88.8421	    472.2832	    615.9232	    440.8393	    414.4783	    145.4885	    142.9578	    144.9647	      2.6578	     49.0668	    -24.1943	      7.3679	      6.5970	   1215.5105	    818.9329	    616.2163	    310.1781	    182.5860	     70.7302	     46.1083	     38.2220	     13.0979	     56.3442	     69.7480	    940.2852	    579.8716	    373.9816	    150.0137	    119.1975	     46.2078	     30.9801	    -30.7560	     13.0825	     32.3335	     66.1794
      0.0056	      2.6914	      3.6825	      9.1643	     10.2800	     17.3982	     15.2065	     14.3304	     15.7609	     12.5275	     15.1842	     12.0944	     13.2315	     10.3030	     14.9734	      8.1734	      7.4866	      8.5267	      7.6319	      5.4197	      6.1592	      4.4313	      4.2501	      3.6772	      2.6662	     18.0061	     -0.0023	     -0.2988	      2.5828	      2.2340	      5.0752	      5.0822	      5.5809	      7.4254	      7.1347	      8.2765	      6.9443	      8.4760	      7.3005	      6.6788	      6.6348	      5.6226	      5.8148	      4.9866	      5.0033	      4.4679	      3.9719	      3.5241	      3.8783	      2.8755	      2.5586	     17.3742	     -1.0297	      6.6814	    279.8400	   1130.0984	   1817.2116	   2202.9285	   2387.3057	   2407.2424	   2224.9576	   1844.5507	   1472.8333	   1167.7617	    832.8199	    459.2367	    394.7005	    330.6330	    191.5514	    110.6748	    139.2676	     70.7413	     30.1125	     18.8584	     -6.1604	     15.6542	      5.8578	     49.0593	      0.1547	     80.1246	   1188.2555	   2944.6386	   4739.2951	   5523.7173	   5913.0644	   5159.9476	   4400.4523	   3578.2773	   2873.6720	   1967.1788	   1516.3359	   1260.2968	    783.5403	    615.1094	    427.4028	    310.4728	    264.0713	    200.6921	    131.9592	    133.9048	     74.4756	     52.4832	     38.4097	    222.8426	    520.5498	    428.0093	    256.9167	    138.9446	     62.5943	     30.0160	     32.3940	     16.2423	     26.2765	      9.2656	     35.1550	   1027.6866	    811.3531	    509.3125	    296.5611	    129.3111	     88.6219	     64.9243	     28.0939	     22.1623	     14.8664	     64.5875	    851.1929	    587.5814	    375.8880	    232.0625	    124.3226	     77.8677	     60.3318	     44.1870	     16.3592	      9.1635	     81.1849
      0.0181	     -0.9736	      4.5457	      3.3664	      6.7314	     13.9998	     16.2881	     12.6622	      9.9048	     15.0934	     13.2179	     12.3161	     10.9344	     13.5150	      8.1734	     12.4655	      8.4425	      8.2939	      5.7788	      6.2545	      4.1014	      5.7185	      3.7712	      4.5231	      3.8202	     20.8610	      0.0061	      1.6629	      4.7874	      3.0712	      2.4381	      4.0801	      4.9982	      7.6597	      7.8191	      6.0617	      6.7761	      8.1047	      7.0983	      6.4901	      4.7470	      5.5586	      4.0549	      6.8625	      4.3227	      3.5339	      4.9461	      3.6068	      2.6814	      2.0226	      3.0036	     17.0432	      0.2647	      3.9680	    255.9387	    934.7961	   1655.9074	   1743.9516	   2286.1865	   2180.6960	   1810.9657	   1492.7330	   1237.4119	   1090.9344	    818.9683	    618.7228	    376.6917	    382.3663	    127.1331	     82.4994	     66.4030	     65.9245	     41.6234	     20.2480	     42.5372	     16.7625	      7.5278	     16.6007	     12.2361	     58.0851	    972.2330	   2463.7168	   4028.9949	   5060.6004	   4796.0847	   4674.9918	   3916.3524	   3189.7247	   2462.9958	   2001.6848	   1455.0654	    996.9964	    656.2180	    498.2993	    464.5326	    296.2257	    191.9974	    139.0970	    130.1679	     77.0058	     85.5862	    107.6892	     65.1934	    278.4503	    481.5083	    367.9429	    299.5841	    140.2154	    102.9458	     79.6367	     13.5690	     29.1152	     -5.8819	      3.9335	     22.7508	    916.0417	    682.0035	    480.0820	    252.4612	    149.6022	     62.4071	     43.1822	     23.7192	     19.7836	     34.0184	     71.7698	    784.9349	    453.5787	    304.2861	    142.3516	    111.7668	     49.5340	     20.7646	     -5.2472	     14.4024	     16.4550	     54.9280
     -0.0171	     -3.1880	      2.4862	      2.7617	      6.0437	     10.1271	     14.1820	     10.5719	      8.5166	     13.8089	     10.7360	     10.2856	     10.4891	     11.3286	      7.4866	      8.4425	     11.1259	      6.7941	      5.5082	      6.1291	      3.7731	      5.7702	      4.0411	      3.9694	      3.8327	     22.4377	      0.0057	      1.2717	      4.5055	      2.5989	      2.6496	      2.6097	      4.6293	      7.4524	      7.4521	      4.9968	      5.3534	      7.5136	      6.4041	      5.0900	      4.1375	      5.9142	      3.9991	      6.5337	      4.4349	      3.1661	      4.4477	      3.5623	      2.5045	      1.9436	      3.8066	     20.5818	      0.4869	      1.7877	    160.0927	    732.6554	   1360.8384	   1495.9726	   2051.9665	   1874.6192	   1561.7632	   1252.5997	   1117.9081	    932.8268	    790.6925	    600.2505	    298.0907	    361.7173	    112.4105	     90.4688	     49.2856	     83.7260	     38.7108	     23.9905	     43.1654	     16.1163	      3.6531	     11.6354	      9.1378	     35.7667	    765.4709	   2172.8140	   3456.2066	   4577.5686	   4074.8902	   4131.1204	   3498.4779	   2923.3221	   2150.1920	   1928.3645	   1288.7981	    965.0369	    654.8661	    390.5642	    412.6281	    285.8075	    200.9494	    143.8654	    107.4221	     54.9624	    105.4969	    103.3989	     83.6307	    345.8985	    387.4618	    318.5955	    266.7683	    133.7802	    104.7001	     82.5285	      1.3819	     26.2164	     -9.7191	      6.9988	     23.7020	    801.5112	    609.1040	    435.7186	    245.3585	    119.6862	     64.9534	     42.5795	     33.9320	     18.5142	     37.9669	     65.7700	    697.2428	    405.2245	    235.0098	    130.9261	    101.0391	     25.4381	     16.5068	     -8.1199	     19.8011	     28.5046	     54.2208
      0.0228	      0.1218	      2.8132	      3.1789	      5.5082	     13.1226	     12.0839	     11.1746	      9.6169	     11.8253	     11.7856	     10.0900	      9.8840	     11.4237	      8.5267	      8.2939	      6.7941	      9.7892	      5.8804	      5.2382	      4.7087	      4.9763	      3.5055	      3.9712	      2.9653	     18.9515	      0.0025	      0.7308	      3.3855	      2.1787	      2.6204	      3.5769	      4.3291	      6.6868	      6.2739	      5.8519	      5.9614	      7.5921	      6.4740	      5.6994	      5.2983	      4.6079	      4.4305	      5.9172	      3.7870	      3.4742	      4.0634	      3.3149	      2.9394	      2.4679	      2.6086	     16.0256	     -1.8410	      0.6189	    202.7335	    772.5593	   1340.9085	   1507.2699	   1882.1688	   1849.3088	   1645.9391	   1368.7373	   1127.0135	    977.5155	    718.5948	    522.1424	    320.2295	    340.1372	    134.3268	     90.8215	     79.2624	     64.0022	     31.4785	     23.3661	     18.2680	     17.1873	     10.3469	     26.8096	      3.6520	     39.4043	    863.5321	   2151.8291	   3476.7871	   4347.2656	   4423.1860	   4102.4884	   3554.5101	   2949.6880	   2345.2555	   1829.8950	   1345.7963	    973.3585	    666.6847	    490.1107	    421.5055	    299.9608	    206.4101	    139.1762	    125.4626	     85.7751	     78.3751	     83.4059	     41.0344	    261.2247	    453.5656	    361.7562	    267.6221	    120.4165	     79.4798	     60.3809	     21.0615	     23.5188	      3.2365	      7.8088	     25.1385	    904.7422	    687.7037	    471.4723	    246.7229	    131.6747	     68.3631	     55.1168	     23.9170	     15.0047	     23.6614	     65.5078	    646.3150	    430.5716	    284.8732	    145.7779	     92.0101	     45.6690	     33.4449	      7.7334	      9.2723	     11.9564	     58.8647
      0.0365	      0.2822	      2.0526	      6.3651	      5.2218	     10.0795	      8.9003	      9.6870	      9.3735	      8.5498	     10.6520	      7.2483	      7.1686	      7.6803	      7.6319	      5.7788	      5.5082	      5.8804	      8.2764	      4.3895	      4.1845	      3.4556	      3.5432	      2.7910	      1.8769	     16.8842	     -0.0041	     -0.0721	      2.4252	      0.9742	      3.3726	      2.6451	      3.5685	      4.9150	      4.7916	      5.4744	      5.4531	      5.8518	      5.3907	      4.7551	      4.4723	      3.8329	      4.2343	      4.2941	      4.0907	      2.8437	      2.9932	      2.3071	      2.5894	      2.9613	      2.0570	     15.5205	     -1.8537	     -1.2732	    127.2273	    525.6154	    879.4574	   1135.5863	   1391.2540	   1294.3532	   1249.1891	   1172.2526	   1014.6523	    838.1402	    637.9711	    407.7795	    334.1065	    249.8851	    160.2331	    103.9374	     99.5617	     77.0554	     28.7826	     23.1573	     -9.1874	     12.4707	      8.5407	     21.4219	     -6.7888	     20.3290	    543.4429	   1559.8152	   2514.6125	   3047.3535	   3387.8027	   3136.2848	   2897.8657	   2544.2890	   2100.1742	   1474.1683	   1165.9461	    994.6667	    680.5606	    500.2470	    367.8174	    299.8100	    240.0104	    183.7895	    122.9475	     85.5906	     86.0215	     48.1981	     17.6851	    288.0139	    347.1292	    321.5078	    187.5939	     80.7111	     40.3834	     29.3977	     26.4138	     13.0538	      9.5085	     10.1085	     25.2884	    738.3390	    646.5272	    396.8128	    216.0087	     85.1729	     65.4501	     67.2056	     23.3481	     11.3660	     10.3265	     55.0115	    453.9861	    383.0207	    198.2905	    158.2006	     65.6892	     28.2162	     31.2373	     26.2493	      9.9025	      3.5127	     62.0777
      0.0027	     -2.9028	      1.4132	      1.6143	      3.1775	      6.4848	      8.6233	      7.3926	      5.6171	      9.1619	      7.7852	      6.7656	      7.2978	      8.3399	      5.4197	      6.2545	      6.1291	      5.2382	      4.3895	      6.3882	      2.9291	      4.1149	      2.9776	      2.8709	      2.9267	     17.6857	      0.0032	      0.9749	      3.7013	      1.6751	      1.5308	      1.8001	      3.1727	      5.0373	      4.9549	      3.7295	      4.4840	      5.8568	      4.9595	      3.6654	      3.4146	      4.1722	      3.0575	      5.1705	      3.3638	      2.2589	      3.1750	      2.5404	      2.0156	      1.9703	      2.7286	     16.1805	     -0.5556	     -3.9721	     94.3551	    413.2799	    866.1595	    933.0307	   1411.9204	   1254.2003	   1073.0985	    871.6023	    842.3037	    700.0521	    596.1394	    477.9266	    239.7885	    277.9089	    101.1981	     85.5574	     51.8176	     74.4285	     28.3053	     17.8906	     27.5262	     16.6964	      7.1961	     13.6036	      2.9118	     16.1472	    466.7874	   1469.2131	   2182.9279	   2973.3086	   2716.1086	   2874.0238	   2527.2438	   2179.8345	   1657.2129	   1480.2884	   1033.4840	    757.1368	    571.9203	    352.0254	    339.3679	    253.9746	    171.9609	    115.5229	     94.8090	     53.0161	     84.4796	     89.8162	     57.6560	    294.8806	    271.0634	    229.2484	    197.4549	     77.1073	     70.7549	     63.8976	      5.4366	     21.5246	     -8.8067	      6.9612	     17.7504	    602.4974	    453.0628	    326.6196	    177.4204	     89.6633	     49.3197	     37.5765	     23.9549	     10.1998	     21.7551	     47.6091	    456.2826	    328.6483	    175.0137	    110.4961	     67.8313	     21.5825	     15.8737	     -7.6437	     12.2863	     15.9690	     39.4482
      0.0227	      1.1185	      1.0523	      2.7627	      3.0949	      8.0797	      4.6647	      6.2021	      6.5270	      4.9493	      6.0404	      5.4863	      7.1086	      5.9555	      6.1592	      4.1014	      3.7731	      4.7087	      4.1845	      2.9291	      6.6950	      2.5160	      2.5421	      2.2580	      1.3175	     12.5112	     -0.0022	     -0.3937	      1.2238	      1.1262	      2.1235	      2.1163	      2.3368	      3.6208	      3.2628	      3.8337	      3.7131	      4.6773	      4.1727	      3.2531	      4.0696	      2.7794	      3.5008	      3.5213	      2.6793	      2.5337	      2.2075	      2.1514	      2.5893	      2.1154	      1.8117	     11.5297	     -4.0160	     -1.6197	    106.8884	    457.4505	    649.9175	    854.9760	    935.7622	   1041.9350	   1026.9129	    828.4970	    698.1752	    561.1031	    468.2665	    280.9042	    169.7532	    241.1457	    120.8270	     84.7605	     72.0064	     57.1817	     12.6065	     21.8288	     -1.3601	     16.8935	     12.4376	     45.6874	     -6.5346	     10.5284	    534.6965	   1241.8021	   1907.9989	   2355.8584	   2647.7173	   2279.7755	   1997.0394	   1797.7704	   1540.1427	   1162.2773	    921.0577	    706.5342	    561.2288	    393.7425	    285.1790	    233.5588	    179.7718	    117.3426	     97.7564	     86.9207	     64.3187	     45.7058	     20.0351	    177.8718	    267.6115	    226.1878	    144.2166	     75.1164	     38.1413	     22.7170	     17.2171	     14.5171	      9.7113	      9.8654	     27.7498	    588.5383	    434.8034	    293.9668	    154.1050	     70.6573	     52.2670	     52.1573	     19.0534	      8.8093	      6.0341	     43.9719	    411.3694	    368.6163	    239.7419	    133.7326	     66.5283	     38.3049	     44.8623	     17.1997	      2.4711	      6.1225	     48.4210
     -0.0289	     -5.2536	     -1.6889	     -3.2679	      1.6595	      5.2164	      6.7052	      5.4407	      2.2489	      8.8868	      5.1329	      6.0971	      7.4553	      9.4642	      4.4313	      5.7185	      5.7702	      4.9763	      3.4556	      4.1149	      2.5160	      6.6324	      2.2008	      3.1749	      3.3640	     19.2439	      0.0079	      1.0568	      3.5336	      1.7081	      0.7331	      0.1307	      2.4320	      5.3946	      4.5442	      1.9892	      2.2210	      6.3718	      4.5336	      2.5780	      3.5207	      3.2332	      2.2984	      5.4594	      2.0032	      1.5821	      3.1453	      3.1833	      1.9700	      2.0664	      3.3885	     16.7413	     -1.9707	     -7.8455	     44.8611	    261.1092	    790.3987	    742.2660	   1284.1589	   1045.5628	    919.9657	    580.0727	    658.2460	    557.5192	    436.4751	    524.0354	     90.0581	    306.3789	     28.2475	     48.6982	      4.0673	     63.3395	     16.5130	     24.8657	     35.8107	     18.2708	      4.4464	      1.7040	     12.1318	    -34.2199	    330.5750	   1268.4114	   1715.9001	   2814.0367	   2271.8355	   2447.7839	   2168.5370	   1813.2973	   1110.0442	   1429.1811	    724.8008	    465.1835	    411.6510	    127.4073	    290.9959	    200.1320	    102.3162	     59.0313	     38.0615	     -4.3659	     69.9891	    116.8529	     60.9274	    312.2017	    226.7568	    146.3649	    184.8805	     50.7727	     76.8406	     93.9843	    -10.8415	     26.1906	    -19.9748	      4.3379	     -8.9252	    487.8340	    296.2708	    256.1545	    139.9341	     66.9427	     29.3878	     15.5869	     28.0616	      2.8694	     38.2979	     24.3374	    380.0484	    224.9040	    127.4968	     48.8987	     42.5174	      2.7612	      9.2522	    -24.5046	     10.5163	     26.9229	     27.4032
