      0.0520	      0.1305	      0.1831	      0.1537	      0.0450	      0.0905	      0.0049	      0.0593	      0.0431	     -0.0018	      0.0679	      0.0221	     -0.0473	      0.0068	      0.0056	      0.0180	     -0.0171	      0.0228	      0.0365	      0.0027	      0.0227	     -0.0289	      0.0102	      0.0072	     -0.0278	     -0.0425	     -0.0001	     -0.0001	     -0.0046	      0.0048	      0.0120	      0.0440	      0.0020	     -0.0184	     -0.0102	      0.0304	      0.0551	     -0.0302	      0.0104	      0.0338	     -0.0042	     -0.0215	      0.0101	      0.0030	      0.0139	      0.0106	      0.0085	     -0.0209	     -0.0017	      0.0092	     -0.0310	     -0.0816	     -0.0336	      0.0942	      3.6457	      6.2048	      0.5358	      2.5312	     -1.4490	      1.2864	      1.4592	      6.8177	      2.8710	      4.8401	      3.0806	     -0.6201	      4.1350	     -0.2202	      1.6716	      0.7618	      0.8176	     -0.0061	      0.2000	      0.1873	     -0.3305	     -0.0183	      0.2214	      0.2655	     -0.2386	      1.0670	      7.8399	      3.9785	      7.1469	     -6.0168	      5.0452	      0.1299	      1.3829	      4.3650	     11.0176	     -1.4659	      6.4373	      5.0295	      3.1068	      5.8479	      1.8049	      1.3602	      1.2355	      1.3312	      1.6788	      0.9448	      0.3302	     -0.8697	     -0.9410	     -0.8220	      1.5064	      1.7966	     -0.1680	      0.2767	     -0.5197	     -0.8071	      0.5972	     -0.1539	      0.1973	      0.0300	      0.4255	      1.5016	      3.1750	      1.1136	     -0.0764	      0.2936	      0.0600	      0.7593	     -0.3023	      0.0329	     -0.3411	      0.6765	     -1.5158	      0.6296	      0.9061	      0.4234	      0.0600	      0.1692	      0.0379	      0.3410	     -0.2687	     -0.5531	      0.2675
      0.1305	     35.3344	     35.1202	     34.3896	     20.4091	     18.1573	      8.9272	      9.0113	     14.4206	     -0.6035	      8.1574	      3.7986	     -3.0164	     -5.3561	      2.8997	     -1.1389	     -3.5080	      0.0679	      0.2668	     -3.1994	      1.1970	     -5.7703	     -0.7981	     -1.4326	     -4.9973	    -25.2644	     -0.0125	     -2.1068	     -4.3002	      1.2715	      5.3406	      7.6959	      2.1657	     -2.2375	     -0.5297	      5.2445	      3.1011	     -5.3838	     -0.8372	      3.4274	      0.0136	     -1.3115	      1.0548	     -6.0585	      0.0871	      1.6579	     -1.3513	     -2.7976	     -0.2551	     -1.8974	     -4.7607	    -24.3407	      3.8028	     44.6516	    913.6367	   1968.2498	   1643.5044	   1988.7392	    715.8309	   1123.0207	    781.4256	   1007.8520	    -28.4167	      7.3652	   -290.9797	   -719.4699	    195.2623	   -369.9949	     52.7059	    -33.0448	     58.3335	   -124.5479	     -8.7449	    -22.1445	    -80.2261	    -32.8015	     -6.2737	      8.6392	     -6.3663	    245.4631	   1656.3177	   1860.8454	   3172.7122	   1230.9235	   2281.2358	    372.4133	    -19.6968	   -554.7743	    242.5808	  -1304.0901	   -265.1806	    -59.9650	   -400.4211	    172.1283	   -211.7509	   -200.6018	    -41.0319	      9.6368	     61.1983	     78.4786	   -103.3712	   -231.5539	   -131.5991	   -583.2788	    351.5743	    319.2737	    -17.9113	    117.9942	    -68.9424	   -159.0343	     61.8814	    -29.1229	     65.7364	     -5.9107	     54.3458	    258.2604	    423.9550	    119.0838	     36.6110	     33.9494	     26.8351	     31.3478	    -36.3747	     21.4286	    -34.5930	     39.3022	    572.2334	    224.2306	    302.7701	    139.2587	     76.1947	     89.0606	     48.8668	    103.4695	     -8.2171	    -35.0969	     53.9972
      0.1831	     35.1202	     91.1382	     59.1421	     39.7933	     32.7554	     26.5522	     19.9740	     19.9931	     11.1490	     14.5478	     10.4215	      1.9839	      3.0113	      3.8997	      4.9750	      2.7749	      3.0725	      2.2322	      1.6130	      1.1220	     -1.6955	      2.0295	      0.4474	     -1.5171	    -10.5137	      0.0003	      0.9927	      5.3589	      6.7091	      8.6776	     10.7907	      6.7455	      3.1889	      4.6410	      6.9272	      7.1502	     -0.6768	      2.1600	      5.3480	      1.0211	      2.7457	      2.3819	     -1.2612	      1.6385	      2.6380	      1.6134	     -1.6377	      0.2695	     -1.5458	     -1.6776	    -11.8423	      8.0459	     64.3335	   1865.1358	   3758.4321	   4111.7329	   4126.9997	   3287.5676	   3008.8992	   1966.8524	   1797.7774	    487.8712	    512.7201	     92.2614	   -285.4542	    303.2605	   -204.9214	     51.0645	     50.3256	     36.7671	    -61.9109	     38.2440	    -21.7620	    -23.4292	    -24.9760	     -9.3964	    -14.7211	      7.5084	    380.8568	   3364.1784	   5140.3299	   6668.7593	   4906.5665	   4379.8163	   2386.0330	   1601.5919	    534.0453	    838.7505	   -401.2871	    241.7047	    202.5191	   -133.9442	    243.6169	     16.4767	    -18.8644	     -4.0881	     48.8237	    123.6122	     61.4583	    -38.3117	   -148.8469	    -63.4918	   -313.5378	    455.2891	    357.6885	    102.4521	    131.3458	      5.7121	    -78.7738	     50.3903	     -8.9947	     27.9557	     -2.5673	     46.9645	    372.8554	    511.4708	    212.7510	    113.2741	     92.0828	     35.7762	     18.1805	    -31.7999	     15.3539	     -7.6551	     68.7542	   1075.7584	    400.5108	    413.5193	    182.0512	    135.6111	     93.2485	     39.9532	     63.3563	     -2.6965	    -10.1005	     71.9726
      0.1537	     34.3896	     59.1421	     73.6067	     41.7787	     35.5042	     31.1134	     24.9219	     29.7421	     12.3019	     22.2484	     12.7927	      4.2214	     -0.8858	      9.7002	      3.4736	      2.9194	      3.3256	      6.8376	      1.7272	      2.9353	     -3.4900	      2.2895	     -0.6104	     -3.3818	    -15.0672	     -0.0156	     -1.9688	      2.4919	      3.9213	     12.7890	     12.3602	      8.9045	      2.8445	      6.1270	     11.4230	      8.7350	     -0.2894	      4.0968	      7.3561	      2.8032	      3.2372	      3.8762	     -3.5491	      4.8670	      2.8012	      0.6855	     -1.5555	      1.2163	      0.7362	     -3.7622	    -11.0751	     11.1719	     58.7481	   1513.6227	   3445.4294	   3904.1336	   4388.7141	   3391.5214	   3159.2646	   2406.4296	   2430.4614	   1163.2363	    809.4540	    278.9200	   -424.3881	    515.8517	   -320.8749	    174.0185	     60.7304	    166.3349	    -42.4426	     22.9943	    -11.3242	   -105.4536	    -39.6987	    -19.3313	    -20.2000	      1.0952	    388.5361	   2910.4432	   5341.6903	   7714.9438	   5981.4078	   6343.3777	   4013.4346	   3223.2863	   1862.4033	   1961.5769	   -361.2247	    562.3712	    791.6759	     13.3547	    455.2082	    -35.5205	    -34.3593	    133.8715	    191.8399	    117.3596	    117.4233	    -24.0043	   -247.9572	   -122.5265	   -362.3851	    533.1832	    506.4491	     42.8783	    147.1484	    -62.2383	   -159.9451	     72.8237	    -36.7116	     76.3648	     -5.0878	     62.3755	    535.3932	    819.1249	    260.9639	    177.9303	     50.1561	     78.3874	     57.4620	    -16.1927	     32.5899	    -28.0449	     52.4826	   1262.7157	    649.7697	    466.8928	    356.4133	    179.0669	    130.4545	     81.0516	    150.1710	     14.6420	    -23.3973	    113.1963
      0.0450	     20.4091	     39.7933	     41.7787	     39.9814	     32.0365	     31.8061	     23.0280	     24.4519	     17.3773	     20.0936	     15.5086	      9.9230	      6.3783	     10.7232	      6.9147	      6.2702	      5.6888	      5.4788	      3.3004	      3.2601	      1.7277	      2.3476	      1.6732	      0.0724	     -1.9779	     -0.0009	     -0.4848	      3.5572	      4.7843	      9.8829	      9.5347	      8.9595	      6.9890	      8.1252	      9.4926	      6.8116	      4.2682	      5.9117	      6.9509	      4.1435	      4.3376	      3.5714	      0.7581	      4.0647	      2.6931	      2.7742	      1.2636	      1.9134	      0.9634	     -0.5869	     -1.0455	      9.3952	     44.3945	   1194.6042	   2979.2793	   3902.2016	   4220.0987	   3758.1221	   3412.7705	   2642.9356	   2211.8217	   1256.4319	    925.6806	    360.3769	     -0.4282	    331.1708	    -82.3583	     68.3134	      6.9064	     87.4065	    -31.9811	     19.1846	      4.3566	    -40.5080	    -26.1875	    -21.8144	    -26.5211	     28.4035	    285.3215	   2652.0503	   5496.9306	   7926.6006	   7670.3887	   7123.2547	   5289.9112	   4169.5766	   2580.5505	   1872.4783	    563.5698	    593.8793	    623.6018	    -23.1396	    191.4889	     38.1528	    -37.2982	     43.1898	    106.2455	     37.6690	     36.7630	    -10.8872	   -115.4635	    -44.0756	   -194.2465	    541.8491	    376.9214	    124.4023	    148.5665	     13.1553	    -43.7062	     35.4830	    -12.8685	     44.9921	     -9.3109	     18.2699	    598.0759	    612.0006	    258.1945	    196.6986	     79.7537	     61.8354	     13.0258	      4.1160	     27.9241	     20.1299	     38.7952	   1322.2720	    542.9007	    440.8871	    265.9514	    186.1775	    120.9222	     62.6655	     91.5438	     20.5527	      8.3469	     95.6718
      0.0905	     18.1573	     32.7554	     35.5042	     32.0365	     62.1200	     45.1321	     32.5033	     31.7606	     26.1669	     29.1665	     23.7191	     17.3061	     18.1264	     17.6878	     14.3166	     10.4324	     13.3942	     10.3083	      6.7208	      8.2545	      5.4855	      4.8998	      5.1527	      1.8807	     14.5234	     -0.0011	     -0.1988	      7.2180	      6.2758	     11.1819	     11.8654	     11.3834	     11.3384	     11.9357	     13.6731	     11.9412	     10.5614	     10.7053	     11.2629	      8.2328	      5.7402	      7.2096	      5.4116	      6.5693	      5.4318	      5.6334	      3.5983	      4.3316	      3.2281	      0.4671	      8.4284	      4.1077	     44.3038	   1116.5274	   3343.2476	   4613.1180	   4966.8831	   4774.0590	   4643.2418	   3905.6425	   3393.2581	   2239.1422	   1812.1673	   1107.5105	    519.7213	    586.2346	    326.5080	    224.3258	     42.2830	    201.6633	     33.4771	     63.7056	     35.7603	    -36.1014	    -10.2645	     -2.6638	     10.5716	     18.5685	    244.3377	   3130.6079	   6744.2569	  10675.4671	  11426.1805	  11434.2368	   8933.0410	   7098.4093	   5298.1838	   4215.2489	   2157.8668	   1924.5451	   1481.4309	    578.4862	    738.1551	    456.1305	    299.9612	    249.1879	    210.5542	    186.9634	    157.6984	     44.8660	    -50.7075	    -43.3627	     -2.5423	    765.5259	    542.2097	    282.8854	    179.8619	     49.0328	    -15.1885	     53.8084	     10.4957	     42.5834	     -0.0852	     38.1228	   1127.5486	    984.7176	    502.8579	    276.5808	    152.6434	     99.1078	     61.6725	      4.4150	     25.2997	     10.2954	     71.1243	   1539.6274	    823.1241	    627.9368	    340.3775	    220.1087	    148.4716	     91.4459	     78.6385	     10.3257	     -0.0773	    129.2426
      0.0049	      8.9272	     26.5522	     31.1134	     31.8061	     45.1321	     65.8910	     32.0885	     29.7219	     32.4678	     30.3027	     25.0959	     18.1972	     18.8681	     15.3695	     16.5077	     14.4299	     12.2412	      9.0597	      8.8119	      4.7270	      6.8786	      4.5421	      5.2559	      4.2996	     18.0046	      0.0084	      1.8819	     11.0831	      7.1168	      9.9654	     11.2381	     13.1842	     13.3055	     14.8608	     12.8348	     11.9947	     11.0027	     11.1825	     11.1743	      5.9688	      9.0157	      5.5653	      7.0101	      7.7927	      4.2480	      6.5806	      4.3071	      2.7613	      2.2949	      1.4176	     13.7613	     13.5074	     46.2102	    922.8479	   3063.6445	   4706.9495	   4879.7239	   5269.9002	   4804.8630	   3787.1054	   3292.6104	   2410.3763	   1848.1173	   1285.6364	    722.3455	    641.7800	    319.2795	    172.8250	     -2.7223	    155.5032	     45.3591	     76.0307	     31.5797	     14.3336	    -18.7427	    -17.1878	    -44.1172	     43.1450	    264.4593	   2726.7135	   6841.8719	  10904.0344	  12286.3731	  11038.6079	   9624.1752	   7510.4460	   5532.0285	   4080.1297	   2317.9574	   1906.8644	   1418.5400	    420.7122	    553.7752	    416.9461	    211.5922	    186.5704	    182.4697	    147.5156	    104.3671	     69.6234	    -10.9198	     30.2657	     83.4285	    739.0260	    511.9624	    345.8856	    232.1359	    103.5134	     34.0150	     23.7810	     18.7954	     19.4935	    -10.2056	     32.9258	   1112.7779	    935.1367	    504.1412	    302.4411	    173.2022	     99.9461	     25.2319	     22.0214	     39.7097	     35.5111	     65.2321	   1630.2238	    695.0446	    467.2642	    289.2379	    244.3308	    131.5072	     40.6165	     45.6638	     35.1564	     23.8931	    102.7394
      0.0593	      9.0113	     19.9740	     24.9219	     23.0280	     32.5033	     32.0885	     30.0329	     24.1115	     22.5929	     25.6955	     19.4385	     14.7946	     15.5527	     14.4411	     12.7649	     10.6800	     11.2750	      9.8038	      7.4883	      6.2820	      5.5322	      4.4969	      4.8087	      2.8347	     17.0366	     -0.0005	      0.5265	      6.3514	      4.5277	      8.2104	      9.7791	     10.0075	     10.5789	     11.3250	     11.9426	     11.1517	     10.2729	      9.9506	     10.2086	      7.3245	      6.7462	      6.1998	      6.6218	      6.3448	      4.6362	      5.5873	      3.4845	      3.6693	      3.3541	      1.3525	     13.8772	      4.7562	     21.4250	    751.8193	   2288.8425	   3457.4140	   3841.6301	   4079.4936	   3832.4558	   3173.0564	   2758.8314	   1961.9639	   1586.0656	   1013.5250	    542.2756	    560.3767	    264.1961	    200.9070	     98.6270	    149.5367	     49.1059	     49.0874	     29.7154	    -15.1167	      0.0986	     -0.0832	      3.0250	     16.7480	    201.0764	   2168.1700	   5241.1201	   8179.5659	   9049.0908	   8911.0843	   7611.8310	   6419.6826	   4836.2173	   3815.3342	   2199.3330	   1839.9519	   1425.7256	    689.2693	    676.6933	    437.8410	    299.9229	    242.8576	    196.4545	    163.4931	    122.8355	     77.9229	     -1.4300	     -5.9652	    156.4799	    716.7026	    551.8800	    312.9845	    181.7477	     71.1468	     20.1132	     45.0256	     13.7683	     28.6098	      1.8059	     40.5287	   1187.2961	   1017.3499	    574.1262	    329.5133	    170.2324	    102.2250	     66.3932	     20.5248	     26.0270	     23.8902	     79.4184	   1265.2882	    701.0280	    482.2589	    295.5837	    186.0940	    111.1233	     64.1122	     55.9271	     14.0419	      6.7224	    108.0845
      0.0431	     14.4206	     19.9931	     29.7421	     24.4519	     31.7606	     29.7219	     24.1115	     31.7901	     17.8768	     24.4794	     17.0906	     13.6385	      9.4291	     15.7986	      9.9548	      8.6039	      9.6642	      9.4256	      5.6885	      6.5706	      2.3410	      4.7753	      2.9900	      0.8275	      7.8414	     -0.0086	     -1.1249	      2.5905	      3.3736	      9.5445	     10.5315	      9.3970	      8.3520	      9.5468	     13.0647	     10.6635	      7.5352	      8.4204	      9.5918	      6.9577	      6.7151	      7.1756	      2.9815	      6.8557	      5.4446	      4.0788	      2.1943	      3.7540	      2.3028	      0.3300	      8.3765	      5.0988	     31.7132	    735.2583	   2351.6170	   3210.2762	   3875.3937	   3626.0643	   3649.0510	   3125.3200	   2844.1212	   1868.9196	   1457.8347	    929.0871	    218.0201	    592.8830	    144.5621	    244.1213	    109.4366	    194.4399	     29.9737	     45.3848	      5.7416	    -47.0983	     -8.6360	     -5.4391	     27.5062	      0.7569	    239.2102	   2200.6343	   4864.4102	   8076.9177	   8323.9643	   8914.4498	   7156.1355	   5966.4123	   4484.7869	   3820.5346	   1761.4231	   1729.1819	   1547.9553	    669.8705	    772.0882	    343.7223	    253.2463	    274.6135	    243.3949	    168.8176	    177.1285	     45.5021	    -79.4648	    -22.2093	     -7.5342	    708.9955	    608.8195	    258.6043	    201.9756	     37.3451	    -44.2466	     63.9611	     -3.3951	     59.3180	      5.5569	     65.7348	   1183.7046	   1114.3163	    586.7051	    357.0246	    157.7055	    119.1404	     83.0597	     13.8601	     35.5705	     -2.2519	     89.4336	   1386.3667	    818.6839	    566.9151	    377.6843	    211.7017	    136.8478	     88.5326	    101.9355	     20.4243	     -4.1035	    125.7473
     -0.0018	     -0.6035	     11.1490	     12.3019	     17.3773	     26.1669	     32.4678	     22.5929	     17.8768	     29.4665	     21.9274	     19.7359	     16.1543	     19.4037	     12.5481	     15.0899	     13.8107	     11.8284	      8.5809	      9.1706	      4.9597	      8.8799	      5.1066	      6.3765	      5.2927	     28.0104	      0.0109	      2.4626	      8.1419	      5.2329	      5.5034	      6.7351	      9.4368	     12.5124	     13.2066	      9.3900	      9.4779	     11.3862	     11.0139	      9.1724	      6.2128	      8.1713	      5.4795	      9.5748	      6.4621	      4.3343	      7.1714	      5.1734	      3.2152	      2.7434	      4.0280	     23.3648	      4.7672	     13.3406	    530.7121	   1857.9998	   3156.3957	   3319.2393	   4092.0933	   3688.4183	   2937.2206	   2403.6874	   1941.3284	   1601.7736	   1154.8219	    872.7810	    520.5151	    459.4478	    128.3418	     71.1621	     67.5027	     77.4637	     54.7692	     37.8755	     53.3387	      8.6285	     -2.9687	    -22.8673	     33.1302	    126.1555	   1752.6854	   4679.2245	   7414.0357	   9088.2798	   8059.5529	   7667.4324	   6311.5770	   4881.3084	   3464.7001	   2754.8173	   1874.0331	   1310.8644	    685.5827	    487.1286	    543.8281	    311.9167	    213.3115	    171.3126	    135.6416	     44.5831	    116.9157	    108.7110	     80.5193	    346.7663	    733.1177	    548.1055	    423.7309	    219.1539	    146.9245	    110.8077	      7.8712	     34.5632	     -8.5632	     -1.7172	     20.8684	   1223.5451	    970.5738	    636.0816	    337.0796	    183.2552	     82.5153	     43.8189	     39.0702	     31.0252	     64.6747	     86.0396	   1370.4280	    665.2141	    432.4331	    214.6869	    184.3768	     66.6884	     21.8555	      1.3581	     30.1615	     37.0319	     86.6017
      0.0679	      8.1574	     14.5478	     22.2484	     20.0936	     29.1665	     30.3027	     25.6955	     24.4794	     21.9274	     31.7440	     19.3188	     13.7922	     15.3220	     15.1784	     13.2416	     10.7552	     11.7962	     10.6568	      7.8035	      6.0329	      5.1490	      4.2052	      5.0120	      2.5885	     15.6939	     -0.0025	      0.3255	      5.3143	      3.7961	      8.0037	     10.1580	      9.8919	     10.6057	     11.3832	     13.0213	     11.9768	     10.0176	     10.3426	     11.1750	      7.1854	      7.0329	      6.4820	      6.1697	      6.8265	      4.8451	      5.8668	      3.1534	      3.8526	      3.6166	      0.9995	     12.5288	      4.7222	     17.0014	    618.7038	   2039.1664	   3144.6347	   3592.2437	   3887.6782	   3703.9613	   3073.4080	   2804.6033	   1969.3959	   1644.4796	   1032.5319	    475.3430	    655.0204	    225.5196	    212.6003	    106.2535	    156.4702	     29.1226	     41.8565	     21.7919	    -29.5636	      0.2775	      0.3242	     -6.8308	     11.3959	    218.0508	   2025.2724	   4953.2951	   8080.8773	   8738.4855	   8957.9590	   7701.2352	   6626.1178	   4931.2809	   4021.8347	   2138.9492	   1855.9230	   1502.6303	    668.8278	    696.6532	    444.3409	    284.7239	    247.1157	    190.2619	    175.0042	    120.8815	     61.6579	    -12.7766	    -20.3861	    131.8454	    754.6362	    599.1892	    325.4248	    192.5832	     66.0090	      5.2435	     52.8007	     12.7079	     35.8151	      2.3189	     49.5263	   1277.8974	   1109.9053	    632.9262	    340.2453	    171.8503	    102.2694	     78.2800	     17.3461	     25.7647	     22.2936	     84.4189	   1257.8903	    686.5478	    478.7142	    312.7121	    183.3776	    108.1844	     55.6696	     65.1651	     17.4921	      2.8139	    115.5014
      0.0221	      3.7986	     10.4215	     12.7927	     15.5086	     23.7191	     25.0959	     19.4385	     17.0906	     19.7359	     19.3188	     19.9828	     14.3659	     15.8298	     12.0971	     12.3154	     10.2838	     10.0908	      7.2573	      6.7673	      5.4879	      6.0903	      3.9248	      5.1120	      3.5302	     18.6644	      0.0053	      1.2421	      4.9527	      4.2194	      5.4856	      7.0817	      7.5405	      9.9539	     10.4849	      9.1264	      8.4271	      9.6182	      8.8695	      8.8947	      6.1972	      6.2649	      4.9563	      6.7807	      5.1857	      4.2262	      5.6190	      4.0021	      3.3906	      2.3450	      2.3763	     14.7735	      2.4867	     14.1567	    507.1701	   1694.8038	   2700.5676	   2931.5318	   3298.4574	   3180.2078	   2615.2793	   2145.1341	   1594.4514	   1331.2438	    886.0233	    570.6553	    437.2243	    343.7200	    137.1174	     66.8578	     88.6365	     41.9361	     37.4295	     24.8891	     23.3578	      7.9901	      1.2805	     12.5542	     22.1461	    133.2099	   1669.5295	   4019.1054	   6443.0601	   7475.0766	   7134.8276	   6365.7392	   5229.1650	   3971.1021	   3012.3271	   2091.7950	   1578.4129	   1116.4406	    581.2644	    513.9275	    438.2560	    248.0775	    185.0516	    147.2624	    125.4253	     84.1615	     71.1107	     62.0505	     40.3432	    165.4358	    646.8529	    479.1050	    322.8497	    186.7367	     96.0772	     54.8274	     21.1607	     22.6115	     12.0520	     -0.3323	     26.6226	   1090.1494	    838.1232	    535.6981	    291.1278	    162.0828	     75.4500	     43.0448	     23.6807	     27.4425	     39.2793	     71.7562	   1158.5874	    608.1228	    441.1183	    213.8312	    166.1694	     87.8446	     43.9765	     25.2928	     17.1778	     17.2936	     81.1680
     -0.0473	     -3.0164	      1.9839	      4.2214	      9.9230	     17.3061	     18.1972	     14.7946	     13.6385	     16.1543	     13.7922	     14.3659	     21.6417	     15.2490	     13.2322	     10.9449	     10.4985	      9.8910	      7.1615	      7.3063	      7.1202	      7.4791	      4.7344	      5.0957	      5.2487	     28.6156	      0.0068	      0.7561	      6.0075	      3.8318	      4.4463	      4.3657	      6.3922	     10.1972	      9.7747	      7.2698	      6.8339	     12.3820	      8.6821	      6.7577	      7.9690	      7.5870	      5.7877	      8.3951	      4.9261	      4.6277	      5.2648	      5.5700	      4.6765	      3.4174	      4.8950	     27.4935	     -1.8393	      0.0716	    262.5888	   1141.3998	   2197.6776	   2387.2498	   3026.9270	   2945.4139	   2607.6339	   1867.2529	   1708.9899	   1280.9404	   1037.5297	    784.8515	    304.9262	    543.4157	    177.1867	    126.3082	    120.8338	    116.1099	     30.2636	     33.6991	     37.9202	     33.2259	     11.1569	     68.0386	     12.2034	     45.8910	   1221.7026	   3521.8859	   5192.3773	   6812.1741	   6411.0191	   6080.3979	   5047.2325	   4140.9287	   3073.5421	   2692.3427	   1832.5782	   1312.2176	    992.8288	    600.3537	    560.6631	    399.4031	    286.1715	    178.2248	    130.8769	    136.2669	    116.9632	    157.8654	    105.7763	    393.5404	    559.2346	    418.9135	    350.4833	    153.7995	    114.9938	     97.0309	      5.1202	     38.3426	      2.8025	     10.1990	     25.8572	   1184.8603	    775.4894	    556.6286	    327.8715	    154.2303	     91.5442	     46.6197	     47.3117	     21.8240	     35.5518	     57.7917	    946.5458	    659.3913	    385.5162	    200.5061	    127.5402	     73.0271	     60.1486	      2.2352	     19.7481	     31.1882	     64.3353
      0.0068	     -5.3561	      3.0113	     -0.8858	      6.3783	     18.1264	     18.8681	     15.5527	      9.4291	     19.4037	     15.3220	     15.8298	     15.2490	     22.9796	     10.3026	     13.5209	     11.3282	     11.4244	      7.6821	      8.3413	      5.9554	      9.4665	      4.5216	      6.6259	      5.9254	     33.1798	      0.0122	      2.5097	      7.6237	      4.2347	      2.6711	      3.7249	      6.0190	     11.1011	     10.2475	      6.5219	      7.5368	     12.8122	      9.6371	      7.8027	      7.2716	      6.4774	      5.1813	     10.4133	      4.5082	      4.0676	      6.5790	      5.5786	      3.9641	      3.6316	      4.9441	     26.0582	     -2.9573	     -5.9753	    279.5247	   1024.7375	   2101.1918	   2082.1499	   2969.3459	   2709.5037	   2294.1997	   1715.9402	   1554.1244	   1359.8833	   1007.1637	    975.6179	    350.3882	    581.2343	    122.6205	    102.7372	     55.2904	    100.9640	     45.6046	     41.9747	     61.0840	     30.5002	     14.4449	     19.2367	     20.3311	     11.7625	   1154.8195	   3225.8900	   4832.1453	   6618.5482	   5978.6475	   5902.3629	   5058.7158	   4147.8419	   2969.9132	   2850.1360	   1817.4599	   1130.9880	    871.6650	    517.8636	    632.3208	    425.3819	    233.0678	    135.2555	    141.5994	     61.5651	    120.4643	    193.5489	     88.8737	    472.5533	    615.8666	    440.7944	    414.5038	    145.4478	    142.9686	    145.0114	      2.6435	     49.0829	    -24.2101	      7.3757	      6.5881	   1215.5918	    818.9049	    616.2368	    310.1881	    182.5685	     70.7416	     46.1220	     38.2453	     13.0894	     56.3504	     69.7294	    940.1356	    579.9418	    373.9299	    150.0192	    119.1672	     46.1859	     30.9912	    -30.7759	     13.0838	     32.3462	     66.1764
      0.0056	      2.8997	      3.8997	      9.7002	     10.7232	     17.6878	     15.3695	     14.4411	     15.7986	     12.5481	     15.1784	     12.0971	     13.2322	     10.3026	     14.9734	      8.1739	      7.4859	      8.5263	      7.6320	      5.4195	      6.1602	      4.4302	      4.2502	      3.6767	      2.6659	     18.0033	     -0.0023	     -0.3696	      2.5325	      2.2975	      5.1789	      5.1311	      5.6130	      7.4434	      7.1477	      8.2801	      6.9458	      8.4762	      7.2994	      6.6794	      6.6348	      5.6230	      5.8146	      4.9861	      5.0037	      4.4678	      3.9716	      3.5236	      3.8778	      2.8754	      2.5577	     17.3719	     -1.0275	      6.6842	    279.8756	   1130.1375	   1817.2368	   2202.9669	   2387.2784	   2407.2088	   2224.9309	   1844.6093	   1472.8849	   1167.7753	    832.8170	    459.2008	    394.7662	    330.5768	    191.5764	    110.6726	    139.2882	     70.7374	     30.1176	     18.8541	     -6.1662	     15.6486	      5.8569	     49.0597	      0.1557	     80.1454	   1188.2474	   2944.6367	   4739.2771	   5523.4989	   5912.9634	   5159.9045	   4400.4126	   3578.2629	   2873.7462	   1967.0452	   1516.3801	   1260.3445	    783.5388	    615.1907	    427.3900	    310.4659	    264.0787	    200.7173	    131.9672	    133.9250	     74.4718	     52.4639	     38.4008	    222.8018	    520.5644	    428.0268	    256.9075	    138.9492	     62.5830	     29.9997	     32.4042	     16.2369	     26.2832	      9.2638	     35.1593	   1027.7055	    811.3920	    509.3177	    296.5739	    129.3233	     88.6286	     64.9277	     28.0907	     22.1677	     14.8579	     64.5916	    851.1817	    587.5814	    375.8727	    232.0772	    124.3299	     77.8813	     60.3314	     44.1984	     16.3602	      9.1538	     81.1847
      0.0180	     -1.1389	      4.9750	      3.4736	      6.9147	     14.3166	     16.5077	     12.7649	      9.9548	     15.0899	     13.2416	     12.3154	     10.9449	     13.5209	      8.1739	     12.4690	      8.4452	      8.2958	      5.7814	      6.2567	      4.1012	      5.7239	      3.7724	      4.5250	      3.8230	     20.8793	      0.0061	      1.7724	      4.9605	      3.1912	      2.5058	      4.1214	      5.0263	      7.6770	      7.8167	      6.0621	      6.7767	      8.1109	      7.1006	      6.4889	      4.7497	      5.5578	      4.0556	      6.8657	      4.3223	      3.5335	      4.9475	      3.6093	      2.6828	      2.0251	      3.0074	     17.0589	      0.2596	      3.9467	    255.7934	    934.3544	   1655.8922	   1743.7132	   2286.5570	   2180.5352	   1810.9922	   1492.4884	   1237.5120	   1091.0974	    818.9943	    619.1640	    376.5793	    382.6018	    127.0622	     82.5195	     66.3605	     65.9856	     41.6254	     20.2613	     42.5522	     16.7808	      7.5258	     16.5666	     12.2411	     57.9387	    971.8922	   2463.6569	   4028.3786	   5060.9954	   4795.9956	   4675.2658	   3916.9854	   3190.2679	   2462.8337	   2002.5702	   1455.0115	    997.0028	    656.3790	    498.0640	    464.7120	    296.3596	    192.0265	    139.1066	    130.1145	     76.8995	     85.6226	    107.8291	     65.2314	    278.8539	    481.4143	    367.8291	    299.6175	    140.1129	    102.9788	     79.7458	     13.5401	     29.1365	     -5.9188	      3.9394	     22.6906	    915.9551	    681.8721	    480.0751	    252.4624	    149.5632	     62.3843	     43.1667	     23.7393	     19.7583	     34.0572	     71.7368	    784.8973	    453.5707	    304.2317	    142.3282	    111.7230	     49.4789	     20.7494	     -5.2824	     14.4120	     16.4861	     54.9380
     -0.0171	     -3.5080	      2.7749	      2.9194	      6.2702	     10.4324	     14.4299	     10.6800	      8.6039	     13.8107	     10.7552	     10.2838	     10.4985	     11.3282	      7.4859	      8.4452	     11.1258	      6.7943	      5.5096	      6.1295	      3.7728	      5.7682	      4.0422	      3.9690	      3.8318	     22.4367	      0.0057	      1.3443	      4.7392	      2.7097	      2.7347	      2.6576	      4.6635	      7.4698	      7.4487	      5.0012	      5.3578	      7.5115	      6.4044	      5.0909	      4.1368	      5.9135	      3.9998	      6.5331	      4.4360	      3.1668	      4.4477	      3.5610	      2.5041	      1.9432	      3.8057	     20.5804	      0.4871	      1.7929	    160.1147	    732.7188	   1360.6295	   1495.8832	   2051.7908	   1874.5712	   1561.6938	   1252.8323	   1118.0221	    932.9836	    790.9067	    600.1949	    298.3049	    361.7036	    112.5075	     90.5128	     49.3352	     83.7421	     38.7314	     23.9829	     43.1581	     16.1144	      3.6608	     11.6464	      9.1193	     35.8071	    765.5059	   2172.5384	   3456.1742	   4576.9948	   4074.8379	   4131.1121	   3498.4620	   2923.5401	   2150.7694	   1928.3348	   1289.1444	    965.3763	    655.0738	    390.8706	    412.7251	    285.8933	    201.0424	    143.9445	    107.5125	     55.0275	    105.5162	    103.3668	     83.6210	    345.9019	    387.4528	    318.6654	    266.7604	    133.7915	    104.6800	     82.4855	      1.4033	     26.2107	     -9.7123	      7.0031	     23.7342	    801.5384	    609.2394	    435.7661	    245.3565	    119.6935	     64.9618	     42.6112	     33.9196	     18.5177	     37.9406	     65.8008	    697.1448	    405.2504	    234.9934	    130.9496	    101.0326	     25.4305	     16.4955	     -8.1089	     19.7978	     28.4832	     54.2239
      0.0228	      0.0679	      3.0725	      3.3256	      5.6888	     13.3942	     12.2412	     11.2750	      9.6642	     11.8284	     11.7962	     10.0908	      9.8910	     11.4244	      8.5263	      8.2958	      6.7943	      9.7892	      5.8804	      5.2382	      4.7088	      4.9763	      3.5057	      3.9712	      2.9653	     18.9516	      0.0025	      0.7677	      3.4751	      2.2550	      2.7038	      3.6079	      4.3580	      6.6939	      6.2771	      5.8535	      5.9634	      7.5941	      6.4732	      5.6992	      5.2986	      4.6075	      4.4305	      5.9172	      3.7869	      3.4742	      4.0634	      3.3149	      2.9394	      2.4679	      2.6086	     16.0256	     -1.8410	      0.6189	    202.7335	    772.5592	   1340.9085	   1507.2699	   1882.1688	   1849.3088	   1645.9391	   1368.7373	   1127.0135	    977.5155	    718.5948	    522.1425	    320.2295	    340.1372	    134.3268	     90.8215	     79.2624	     64.0022	     31.4785	     23.3661	     18.2680	     17.1873	     10.3469	     26.8096	      3.6520	     39.4043	    863.5321	   2151.8291	   3476.7871	   4347.2656	   4423.1860	   4102.4884	   3554.5102	   2949.6880	   2345.2556	   1829.8950	   1345.7963	    973.3585	    666.6847	    490.1107	    421.5055	    299.9608	    206.4101	    139.1762	    125.4626	     85.7751	     78.3751	     83.4059	     41.0344	    261.2248	    453.5656	    361.7562	    267.6221	    120.4165	     79.4798	     60.3809	     21.0615	     23.5188	      3.2365	      7.8088	     25.1385	    904.7422	    687.7037	    471.4723	    246.7229	    131.6747	     68.3631	     55.1168	     23.9170	     15.0047	     23.6614	     65.5078	    646.3150	    430.5716	    284.8732	    145.7779	     92.0101	     45.6690	     33.4449	      7.7334	      9.2723	     11.9564	     58.8647
      0.0365	      0.2668	      2.2322	      6.8376	      5.4788	     10.3083	      9.0597	      9.8038	      9.4256	      8.5809	     10.6568	      7.2573	      7.1615	      7.6821	      7.6320	      5.7814	      5.5096	      5.8804	      8.2764	      4.3895	      4.1858	      3.4557	      3.5433	      2.7910	      1.8769	     16.8843	     -0.0041	     -0.1105	      2.4910	      1.0131	      3.4886	      2.6889	      3.6030	      4.9299	      4.8043	      5.4797	      5.4551	      5.8511	      5.3894	      4.7550	      4.4736	      3.8334	      4.2343	      4.2941	      4.0908	      2.8437	      2.9932	      2.3071	      2.5894	      2.9613	      2.0570	     15.5205	     -1.8537	     -1.2732	    127.2303	    525.6220	    879.4665	   1135.5958	   1391.2637	   1294.3614	   1249.1952	   1172.2567	   1014.6548	    838.1419	    637.9719	    407.7801	    334.1069	    249.8853	    160.2333	    103.9375	     99.5619	     77.0555	     28.7826	     23.1574	     -9.1874	     12.4707	      8.5407	     21.4220	     -6.7887	     20.3293	    543.4482	   1559.8288	   2514.6323	   3047.3753	   3387.8235	   3136.3033	   2897.8807	   2544.3003	   2100.1826	   1474.1738	   1165.9501	    994.6692	    680.5624	    500.2483	    367.8184	    299.8106	    240.0108	    183.7899	    122.9478	     85.5907	     86.0216	     48.1981	     17.6852	    288.0141	    347.1297	    321.5081	    187.5941	     80.7111	     40.3834	     29.3977	     26.4138	     13.0538	      9.5085	     10.1085	     25.2885	    738.3401	    646.5280	    396.8132	    216.0090	     85.1730	     65.4502	     67.2056	     23.3481	     11.3660	     10.3265	     55.0115	    453.9873	    383.0212	    198.2907	    158.2007	     65.6893	     28.2162	     31.2373	     26.2493	      9.9025	      3.5127	     62.0777
      0.0027	     -3.1994	      1.6130	      1.7272	      3.3004	      6.7208	      8.8119	      7.4883	      5.6885	      9.1706	      7.8035	      6.7673	      7.3063	      8.3413	      5.4195	      6.2567	      6.1295	      5.2382	      4.3895	      6.3882	      2.9292	      4.1149	      2.9777	      2.8709	      2.9267	     17.6857	      0.0032	      1.0417	      3.9127	      1.7426	      1.6053	      1.8361	      3.2047	      5.0479	      4.9569	      3.7335	      4.4861	      5.8580	      4.9597	      3.6654	      3.4152	      4.1716	      3.0575	      5.1705	      3.3637	      2.2589	      3.1750	      2.5404	      2.0156	      1.9703	      2.7286	     16.1805	     -0.5556	     -3.9721	     94.3551	    413.2799	    866.1595	    933.0307	   1411.9204	   1254.2003	   1073.0985	    871.6023	    842.3037	    700.0521	    596.1394	    477.9266	    239.7885	    277.9089	    101.1981	     85.5574	     51.8176	     74.4285	     28.3053	     17.8906	     27.5262	     16.6964	      7.1961	     13.6036	      2.9118	     16.1472	    466.7874	   1469.2131	   2182.9279	   2973.3086	   2716.1086	   2874.0238	   2527.2438	   2179.8345	   1657.2129	   1480.2884	   1033.4840	    757.1368	    571.9203	    352.0254	    339.3679	    253.9746	    171.9609	    115.5229	     94.8090	     53.0161	     84.4796	     89.8162	     57.6560	    294.8806	    271.0634	    229.2484	    197.4549	     77.1073	     70.7549	     63.8976	      5.4366	     21.5246	     -8.8067	      6.9612	     17.7504	    602.4974	    453.0628	    326.6196	    177.4204	     89.6633	     49.3197	     37.5765	     23.9549	     10.1998	     21.7551	     47.6091	    456.2826	    328.6483	    175.0137	    110.4961	     67.8313	     21.5825	     15.8737	     -7.6437	     12.2863	     15.9690	     39.4482
      0.0227	      1.1970	      1.1220	      2.9353	      3.2601	      8.2545	      4.7270	      6.2820	      6.5706	      4.9597	      6.0329	      5.4879	      7.1202	      5.9554	      6.1602	      4.1012	      3.7728	      4.7088	      4.1858	      2.9292	      6.6971	      2.5146	      2.5429	      2.2574	      1.3168	     12.5107	     -0.0022	     -0.4369	      1.2117	      1.1553	      2.1936	      2.1277	      2.3588	      3.6208	      3.2730	      3.8377	      3.7165	      4.6799	      4.1714	      3.2536	      4.0700	      2.7803	      3.5018	      3.5205	      2.6802	      2.5344	      2.2070	      2.1508	      2.5897	      2.1157	      1.8112	     11.5307	     -4.0165	     -1.6164	    106.8349	    457.4507	    649.7964	    854.9917	    935.6678	   1041.9693	   1027.0370	    828.7358	    698.3583	    561.2035	    468.4406	    280.8459	    169.8327	    241.1539	    120.9100	     84.7987	     72.0766	     57.2074	     12.6171	     21.8256	     -1.3818	     16.8946	     12.4414	     45.7123	     -6.5517	     10.5443	    534.7042	   1241.7917	   1908.1781	   2355.8437	   2648.1579	   2279.9994	   1997.2287	   1798.0845	   1540.6614	   1162.3021	    921.3181	    706.8481	    561.4358	    393.9593	    285.2154	    233.6389	    179.8619	    117.4072	     97.8083	     86.9958	     64.3328	     45.6743	     20.0269	    177.8840	    267.5724	    226.2124	    144.1883	     75.1049	     38.1145	     22.6771	     17.2305	     14.5098	      9.7251	      9.8712	     27.7717	    588.5597	    434.8847	    293.9754	    154.1168	     70.6459	     52.2852	     52.1798	     19.0503	      8.8091	      6.0068	     43.9777	    411.2625	    368.6705	    239.7311	    133.7714	     66.5213	     38.3085	     44.8754	     17.2164	      2.4681	      6.1095	     48.4274
     -0.0289	     -5.7703	     -1.6955	     -3.4900	      1.7277	      5.4855	      6.8786	      5.5322	      2.3410	      8.8799	      5.1490	      6.0903	      7.4791	      9.4665	      4.4302	      5.7239	      5.7682	      4.9763	      3.4557	      4.1149	      2.5146	      6.6324	      2.2009	      3.1749	      3.3640	     19.2439	      0.0079	      1.1402	      3.8094	      1.7720	      0.8144	      0.1350	      2.4712	      5.3943	      4.5380	      1.9884	      2.2224	      6.3737	      4.5334	      2.5779	      3.5211	      3.2315	      2.2984	      5.4594	      2.0028	      1.5821	      3.1453	      3.1833	      1.9700	      2.0664	      3.3885	     16.7413	     -1.9707	     -7.8455	     44.8611	    261.1092	    790.3987	    742.2660	   1284.1589	   1045.5628	    919.9657	    580.0727	    658.2460	    557.5192	    436.4751	    524.0354	     90.0581	    306.3789	     28.2475	     48.6982	      4.0673	     63.3395	     16.5130	     24.8657	     35.8107	     18.2708	      4.4464	      1.7040	     12.1318	    -34.2199	    330.5750	   1268.4114	   1715.9001	   2814.0367	   2271.8355	   2447.7839	   2168.5370	   1813.2973	   1110.0442	   1429.1811	    724.8008	    465.1835	    411.6510	    127.4073	    290.9959	    200.1320	    102.3162	     59.0313	     38.0615	     -4.3659	     69.9891	    116.8529	     60.9274	    312.2017	    226.7568	    146.3649	    184.8805	     50.7727	     76.8406	     93.9843	    -10.8415	     26.1906	    -19.9748	      4.3379	     -8.9252	    487.8340	    296.2708	    256.1545	    139.9341	     66.9427	     29.3878	     15.5869	     28.0616	      2.8694	     38.2979	     24.3374	    380.0484	    224.9040	    127.4968	     48.8987	     42.5174	      2.7612	      9.2522	    -24.5046	     10.5163	     26.9229	     27.4032
