0.0519 0.1175 0.1269 0.0978 0.0281 0.0441 0.0135 -0.0128 0.0676 -0.0291 0.0529 -0.0111 0.0108 0.0042 0.0145 0.0045 0.0030 -0.0157 0.0239 0.0003 0.0194 -0.0065 -0.0331 -0.0052 -0.0171 -0.0174 -0.0001 -0.0024 -0.0027 0.0344 0.0070 0.0261 0.0338 -0.0007 0.0106 -0.0102 0.0618 0.0146 0.0113 0.0398 0.0147 -0.0160 0.0057 0.0090 0.0224 -0.0096 0.0095 0.0011 0.0084 -0.0045 -0.0197 -0.0309 0.0000 0.0219 0.0636 0.0626 0.0184 0.0460 -0.0069 0.0694 -0.0237 0.0285 0.0162 0.0288 -0.0570 0.0024 -0.0096 0.0131 -0.0194 0.0332 0.0124 0.0022 0.0023 -0.0221 0.0284 0.0118 -0.0109 -0.0290 0.0000 0.0009 -0.0018 -0.0321 0.0059 0.0182 -0.0307 -0.0167 -0.0226 0.0360 -0.0099 -0.0427 -0.0000 -0.0058 -0.0214 -0.0067 0.0039 -0.0078 -0.0120 0.0215 -0.0010 -0.0239 -0.0079 0.0140 -0.0111 -0.0538 -0.0307 0.0423 4.0506 4.6252 3.6970 2.5892 4.5153 2.1398 1.5204 3.0861 2.3125 1.5071 1.2629 -0.9873 2.9285 -0.4575 0.4633 0.2026 0.1225 0.1166 0.0140 0.1159 0.0083 0.0527 0.0025 -0.6447 -0.1143 0.6717 6.2488 5.7151 9.8989 6.6801 8.1393 2.5836 2.9434 2.7649 6.7477 1.4992 2.3725 3.4496 2.2728 2.3551 0.7413 -0.7536 0.3040 0.4343 0.6316 -0.6858 -0.2349 0.0619 -0.0504 -0.3160 0.0000 0.0590 -0.5060 1.7485 -2.9290 0.2895 -5.6826 -0.7490 0.0836 3.6503 0.5700 3.1133 1.6224 0.1163 0.9215 0.0917 1.1682 0.5223 0.7058 -0.1429 0.1774 0.0660 -0.3632 -0.0543 0.2099 0.6970 -0.3247 0.4265 1.6401 -1.3446 -2.0678 -11.9792 -2.9605 -2.4932 -1.2683 1.4251 3.6550 -3.2088 3.6978 1.3086 0.6495 3.2029 0.9939 1.8291 0.8112 0.8232 0.9985 1.4433 0.4756 -0.9133 -0.8063 -0.5697 1.5476 1.7519 -0.1450 0.2797 -0.4905 -0.7953 0.5787 -0.1536 0.1952 0.0183 0.4099 1.4754 3.1029 1.0828 -0.0865 0.2996 0.0378 0.7313 -0.2879 0.0401 -0.3383 0.6506 -1.3538 0.6037 0.8755 0.4660 0.0461 0.1733 0.0281 0.3392 -0.2690 -0.5488 0.2963 
0.1175 27.0374 24.2013 19.8900 7.5890 11.8393 7.6145 2.0547 13.8264 0.2711 5.6668 1.0523 2.9074 2.7075 2.4001 1.1044 2.6998 -2.1305 2.3747 1.3808 2.3907 0.5132 -3.5717 0.2867 -2.1115 -1.1337 -0.0094 -0.9321 0.1498 3.9724 2.4445 4.9719 6.1544 3.4853 3.5408 3.7250 7.8802 0.8279 1.5482 4.4548 2.9404 1.0381 1.3243 0.5338 2.2516 0.0516 0.8267 0.3946 0.8800 0.0393 -1.8178 -1.9232 0.0000 5.3001 7.2457 10.5747 9.9832 5.0802 0.0994 6.0155 -1.7854 -0.1193 1.5961 2.6589 -4.7855 -6.1450 0.0298 -1.5153 -5.2184 2.1661 -2.0831 -3.7188 -1.1926 -5.1551 1.5379 -1.1192 -1.8896 -18.3545 0.0000 -0.4147 -3.7631 -2.8073 1.7978 1.7814 -3.8783 -4.2112 -4.3956 0.9503 -5.5129 -4.6045 -1.6225 -1.1314 -3.1100 -1.7594 -0.4841 -5.3886 -2.5666 1.4384 -1.7648 -2.7776 -0.7585 -1.5259 -2.1707 -17.6284 3.2533 26.0560 786.9955 1151.7643 1340.8283 1173.9602 1067.5272 746.3956 612.5800 831.7233 328.3885 69.7030 132.7667 -208.8330 276.3065 -92.2177 61.9175 42.9392 39.7146 -41.0426 5.7153 -7.0121 -5.5796 -0.4712 -3.2769 -39.7887 5.5210 175.4127 1148.4182 1908.8429 2534.9957 2159.5366 1891.5214 1286.7758 1079.0196 436.6884 840.7692 311.3824 153.4926 445.9309 158.9486 231.3327 1.4868 -60.1506 -31.2542 34.1241 64.8940 -58.8629 -39.9171 -10.6335 -22.8998 -133.8719 0.0000 11.5392 7.1701 576.8347 163.8146 595.4677 -323.1675 330.9909 145.5143 81.2465 -275.4964 -25.2221 -342.9953 -354.7512 -128.2375 -199.7887 -20.2883 -68.5226 -0.6638 -64.3263 -13.2444 -7.2194 -60.2326 -23.6818 0.6298 38.2719 -35.1703 38.5344 334.7520 -142.1600 360.9668 -835.2947 207.7936 -768.5621 -915.9028 -769.8011 -572.6737 -1316.5386 -306.1122 -506.3339 -464.5961 -70.3395 -150.2079 -97.8120 -4.6769 -27.3380 -6.0082 119.2257 -46.2210 -171.9231 -80.6626 -354.1371 338.2004 291.8185 12.6687 105.7155 -51.1889 -126.1945 52.0710 -19.8047 53.3621 -5.6524 45.8248 295.9089 388.4618 124.5253 37.7133 42.9897 22.6780 26.8848 -29.6982 20.0413 -28.0014 32.6894 519.6680 224.3438 273.6575 121.6364 68.2099 83.2928 42.1292 82.9890 -7.5969 -29.7316 45.4787 
0.1269 24.2013 60.0992 28.7800 16.7383 13.0303 10.9037 7.5439 10.9098 5.6110 6.9204 5.7427 3.3521 4.2607 3.1441 3.1183 3.4541 1.3670 2.0258 2.0584 0.7787 1.1478 0.1233 0.7100 -0.4400 1.0085 0.0052 0.8194 2.8913 4.5031 3.1893 4.6804 4.7515 4.0018 5.0351 4.2295 5.8225 1.5175 3.1026 3.2566 2.5372 2.6370 1.6156 1.6839 2.0267 0.7279 1.5868 0.9195 0.5504 -0.2147 -0.7614 0.4678 0.0000 4.8043 13.4043 16.1208 14.2431 11.2069 7.0727 5.7077 1.6981 2.3507 1.1666 2.2858 -1.8555 -1.6687 -1.4515 0.2980 -1.6802 0.4482 -2.1322 -1.4847 -0.1749 -2.1398 0.5810 -0.0049 -0.5355 -9.4787 0.0000 0.5812 0.0921 1.0346 2.2028 2.8491 -0.1482 -1.0978 -2.2674 -0.0182 -2.2001 -2.4877 -1.4287 0.2014 -2.4106 -0.7482 -0.4707 -2.8832 -2.0102 1.0229 -0.4751 -1.9644 -0.5036 -1.8305 -0.2055 -11.1707 5.8778 35.3563 1300.2524 1920.2596 2057.2148 1930.0802 1691.5252 1421.2548 1052.3037 833.7316 434.1960 270.2222 188.4530 11.3973 185.0450 18.7416 51.4281 49.7155 23.7870 -8.4550 4.8349 -6.7862 7.4961 8.7974 -5.9910 -4.7659 17.3218 226.7659 1999.9633 2705.8324 3360.2098 2875.1326 2353.1732 1673.9634 1047.4828 848.3170 785.0874 430.1897 220.4688 346.6772 87.6825 171.1385 73.2963 24.2748 -23.5115 55.8504 48.9602 -13.3260 -2.3900 -6.2243 8.0209 -87.9623 0.0000 14.5946 194.8554 1044.9715 1160.1843 1210.8838 733.4419 838.0825 340.3702 318.4376 -234.4038 -46.6126 -255.8329 -223.7909 -53.8108 -174.9108 -76.0417 -49.1311 -53.4723 -57.6088 12.5640 -6.7364 -6.2850 -24.8621 -0.4530 -10.1331 -13.5459 58.7060 659.2538 1202.1658 1495.4052 650.7053 420.1289 -307.7425 -385.9076 -936.7022 -709.5870 -854.4974 -264.8340 -494.1748 -346.4701 -141.0219 -91.9748 -106.2275 -40.3564 -68.6902 12.6452 20.1886 -42.9798 -83.9016 -35.0322 -215.8230 378.9418 263.8718 101.4849 125.2793 23.6557 -38.2911 26.0226 1.4914 14.6820 -5.7519 28.4557 278.2802 302.8929 151.3174 67.0679 81.0130 14.9661 -2.5177 -21.0735 17.2281 8.2613 48.9284 914.7786 301.0261 346.5485 109.2961 105.8692 76.2518 27.3318 36.7122 0.0128 2.3047 46.9016 
0.0978 19.8900 28.7800 30.1186 11.6387 13.1391 10.8502 5.0866 14.4456 3.6663 7.1212 3.7627 4.6857 4.1265 2.7798 2.8316 4.3983 -0.7337 2.6275 2.4152 1.9828 0.6688 -2.3926 0.8296 -1.1722 1.4134 -0.0045 -0.1422 2.2605 3.5104 2.6161 5.4715 6.3847 4.6078 4.3096 5.1733 8.1948 1.1908 2.3177 5.0906 2.9534 2.5581 1.3051 1.1685 2.8282 0.7118 1.5384 0.3332 0.9132 0.1338 -0.5774 0.9688 0.0000 4.3595 8.4442 9.7022 10.6219 6.4485 3.6503 6.3404 0.6028 1.0822 2.2114 3.8496 -1.3037 -4.8067 1.8396 -0.4914 -3.6763 1.9757 -2.2105 -2.5034 -0.2265 -4.2521 1.7931 -1.3323 -0.9426 -15.6750 0.0000 0.1819 -2.8007 -0.4608 2.4845 2.8561 -2.0057 -2.8787 -1.9536 0.8679 -3.9932 -2.0461 -0.9411 -0.8020 -2.3849 -0.5664 0.2889 -3.8548 -1.7572 1.4265 -1.3978 -1.7114 -0.4046 -1.9548 -2.2635 -13.8679 5.9771 25.9709 873.8832 1437.1872 1688.6777 1589.0690 1450.9086 1197.1560 970.1538 977.0230 504.9848 232.8207 234.1227 -104.2124 282.0861 -37.3981 78.2146 68.4950 52.9211 -24.3077 9.9162 -13.5843 3.7707 -0.4112 -2.1696 -14.9821 10.0477 224.3911 1499.8807 2549.1900 3123.7449 2852.4288 2428.9505 1765.0952 1491.5071 836.7522 1110.9933 481.6232 322.7948 495.2864 231.9918 290.8473 32.1773 -36.3957 -13.5162 62.9322 76.8783 -25.2675 -18.6084 -11.1611 8.3936 -106.0820 0.0000 13.1510 68.7348 703.9903 603.6178 933.6036 303.6223 789.2487 446.4210 336.2065 -8.9016 102.0417 -130.9212 -239.9910 -63.9048 -156.1205 -3.1730 -47.1891 3.4863 -43.2156 -1.7115 -10.9165 -33.7937 -19.1660 -2.1832 38.8191 -25.2196 54.9864 497.6908 543.1969 1343.9112 376.2665 940.8829 255.4859 -209.2897 -275.3420 -237.8188 -861.7617 -1.6305 -280.8234 -309.8107 1.0354 -95.1854 -53.3272 16.9822 -24.4827 -4.8595 128.1582 -30.7178 -123.1153 -49.0441 -305.5748 387.8425 330.4300 75.9593 141.3544 -10.3177 -98.3692 42.1536 -15.4621 47.8248 -5.4027 54.2114 429.6556 450.0462 187.1261 105.9897 85.3901 40.2342 15.9656 -20.5450 29.1842 -25.2175 43.0325 828.3987 433.3107 378.8919 189.5417 129.8537 114.8464 55.1454 70.9659 1.0923 -19.9880 44.5081 
0.0281 7.5890 16.7383 11.6387 12.8233 8.5260 7.1758 4.9237 5.9654 4.7920 4.7775 3.8086 2.6625 2.4753 1.2527 2.2076 3.0976 1.4949 1.5414 1.1503 -0.1625 0.7674 0.1945 0.5222 0.5295 1.4279 0.0042 0.7233 1.7667 1.6527 1.9011 2.1635 2.7527 2.1103 3.0179 2.4843 2.1227 1.1944 2.0948 1.9921 1.3593 2.1643 0.4132 1.1691 1.1434 0.6192 1.4239 0.3490 0.4213 0.0662 0.2715 1.4100 0.0000 1.4573 4.6284 7.6257 6.9599 6.1808 9.6274 5.9693 4.1913 5.4792 4.5060 4.4947 1.9649 2.0397 2.9018 2.4389 0.8851 1.4095 0.0775 1.0969 0.8296 0.5448 0.6638 0.6202 0.3002 -1.2662 0.0000 0.3465 1.0471 1.3199 1.6081 2.5090 1.7608 1.7060 1.4397 1.4558 1.3967 1.0050 0.9567 1.3860 -0.2683 0.5289 0.7365 0.1342 0.8891 0.4506 0.3912 0.2797 -0.0137 -0.3085 -0.4581 -1.8901 6.6766 15.1901 523.3164 949.0730 1102.9006 1059.1734 862.6906 789.5741 581.1405 457.7895 312.3702 233.4216 116.0912 36.7728 74.5728 5.7513 25.8173 7.7548 10.3836 -9.2159 6.8501 2.8489 6.1073 -1.7543 -3.1869 0.0619 20.2225 112.5365 986.8648 1552.2281 1832.2133 1711.6837 1359.2071 1025.9346 794.4607 632.7962 474.4490 215.6303 97.5105 164.9787 16.3237 79.1375 19.5150 18.0662 -9.4851 49.3845 3.0088 8.2257 -3.9790 -10.1100 16.5973 -16.7640 0.0000 6.4412 87.8357 532.8100 919.1749 983.3579 1107.6169 956.4337 667.6715 556.6659 312.9514 235.8414 99.8921 63.9723 105.5481 -34.9278 -19.0763 -17.9304 2.2176 -12.1602 7.7891 -2.9599 3.7253 -11.6026 -8.1132 -22.2942 -0.5141 43.4517 375.2750 1255.1409 2048.4601 2135.1380 1784.1106 1584.0193 1161.1287 565.2333 300.4767 137.2367 222.6569 38.4018 -80.9901 -19.9183 6.3548 -53.9379 -4.1608 -20.0467 8.7644 -4.5605 1.1977 -17.3452 -9.6294 -75.5512 297.1976 197.5852 107.9150 95.4818 35.2886 4.4052 10.5312 -0.9524 10.7612 -8.3516 7.0720 324.7237 289.3620 148.0756 103.8115 68.7891 25.1855 -6.2403 3.2205 19.2279 17.8299 24.7943 759.1636 291.5407 235.7863 120.4587 110.3903 66.2526 17.6264 24.4287 13.8957 7.5051 36.6841 
0.0441 11.8393 13.0303 13.1391 8.5260 32.0552 8.2616 6.4069 12.2919 4.7284 6.9364 5.8989 6.1118 5.1362 4.3991 3.4515 3.7616 1.0662 2.8099 2.2616 3.0435 2.1276 -0.1076 1.2831 -0.1429 5.0135 -0.0016 -0.4987 1.2745 3.2409 3.3575 3.9205 5.0471 5.1634 3.9551 5.3092 5.7698 2.8502 3.3397 3.5411 2.9224 1.9369 1.8597 1.6284 2.1433 1.1167 1.3367 1.0330 1.6057 0.6958 -0.4208 4.1108 0.0000 2.2856 4.0806 7.0094 10.2678 9.2921 17.9810 11.1625 6.9571 8.4675 8.2708 7.6228 3.9012 3.4760 6.3162 3.7474 0.9557 6.0199 1.6725 0.1640 2.0374 -0.3466 1.8041 1.0578 0.2677 -2.1114 0.0000 -0.0889 0.5708 0.0603 2.8965 3.1705 1.0036 0.8110 1.4106 2.6248 -0.1899 2.0615 2.0349 2.5928 1.2429 0.7802 2.0696 -0.4867 1.1034 2.1189 1.0318 0.5020 0.9277 0.1922 -0.3056 -4.8750 2.9348 27.4237 574.9311 1174.0426 1519.5212 1282.1982 1217.3626 1034.5769 824.9247 894.5937 514.8765 326.1082 276.8735 57.8431 164.6597 27.8087 40.8402 2.8132 44.7291 2.5750 4.6844 10.8437 -4.5290 -0.1292 -1.8744 -1.9740 13.1542 138.1931 1409.8508 2309.9716 2909.5756 2714.3711 2358.1130 1958.6199 1545.9123 969.4440 911.6402 466.7574 307.5919 464.3466 162.6818 157.0924 89.3859 40.8406 31.0846 51.7819 44.9930 -9.0888 1.7793 2.2095 -20.9103 -64.2397 0.0000 4.9713 37.0637 839.9128 1105.8400 1584.1735 1229.1536 1569.1478 1413.1301 1063.4556 717.7668 610.5610 272.6369 99.2574 117.1016 109.3991 78.1041 -25.5539 75.7230 -17.2206 25.1006 6.1049 -27.0779 -13.5060 -1.6883 19.0220 -11.8665 21.8771 518.9377 1563.5499 3412.5137 3836.1501 4369.4387 2999.7950 2156.2668 1733.8854 1270.5141 431.5684 618.7215 246.3443 3.4878 223.0785 77.1593 48.3875 77.2507 42.2933 42.2721 116.4453 -12.6297 -68.8006 -15.7992 -109.7220 466.4693 315.9710 146.6055 126.7269 19.2679 -36.8602 33.9491 1.5469 40.3072 -2.3187 28.9808 662.1927 542.3768 268.0951 147.0329 90.0486 60.2545 28.5978 -1.5414 22.0815 -4.6148 33.3931 942.2041 482.3664 407.6359 207.4538 141.2260 114.4834 66.0733 60.4625 6.0597 -4.2507 75.4223 
0.0135 7.6145 10.9037 10.8502 7.1758 8.2616 9.5569 3.5703 8.7198 3.6340 4.2688 2.5065 2.9715 2.5772 1.4255 1.6431 3.3460 0.0392 1.7420 1.4269 0.9648 0.6159 -1.0369 0.7632 -0.2562 1.1247 -0.0016 -0.0519 0.7609 1.7392 1.8478 2.6996 3.9485 2.9703 2.7825 3.1864 3.9599 0.9372 1.8654 2.7287 1.8916 2.0827 0.5583 0.8330 1.6030 0.7088 1.1989 0.1487 0.6077 0.2055 0.2405 1.6325 0.0000 2.5208 3.3822 5.9556 6.9029 3.8357 4.9364 5.1368 2.5039 2.8848 4.4540 4.0862 1.1546 -1.4000 3.6570 1.1522 -0.6073 1.8982 -0.1861 -0.2784 0.3883 -1.0437 1.4094 -0.4528 -0.0948 -5.7178 0.0000 -0.1758 -1.3033 0.0755 1.9033 2.0269 -0.0971 0.0427 0.2187 1.6051 -0.9152 0.0998 0.5927 0.5774 -0.8965 0.4114 1.1374 -1.4818 0.4614 0.7583 -0.1614 -0.0541 0.1099 -0.6939 -1.0864 -4.7821 5.7653 16.2859 413.5857 821.2630 989.2793 961.5429 776.8327 673.5657 539.8470 596.8047 318.7266 152.0423 142.5703 -40.0939 142.5806 -32.9222 41.7433 27.3176 25.4346 -21.5570 9.4274 -3.0377 1.3673 -2.0495 -2.0343 -11.6539 12.8822 121.6769 855.6267 1527.6952 1868.7103 1758.4222 1452.2734 1118.5527 1018.4361 552.4891 612.7365 267.6886 123.9233 281.2292 83.4400 139.7338 8.3476 -13.6095 -15.5254 45.5173 21.3731 -4.3255 -10.8546 -11.1441 12.1686 -30.4204 0.0000 5.9222 25.3223 396.6251 530.1530 782.3650 651.7024 782.3091 578.0439 398.9448 217.2403 231.7995 24.2176 -59.4789 31.6489 -53.5869 -3.2686 -27.2801 11.0770 -14.4140 -1.3344 -6.7458 -15.2846 -13.3996 -10.0650 8.3174 -12.2096 34.6446 298.0555 708.6715 1615.6283 1446.6815 1655.2265 1220.2932 753.9306 529.7606 264.2217 -127.1440 168.6421 25.0540 -124.3235 -11.0158 -32.4945 -44.6906 21.9785 5.2780 -6.6163 42.7573 -7.5247 -60.2046 -20.8470 -146.8659 267.8072 190.5586 55.5577 104.9760 12.5110 -36.0234 22.3699 -10.5746 30.8260 -4.9636 22.6469 331.2554 314.1994 144.9847 116.5315 58.9933 35.0992 8.1741 -0.3194 22.5161 2.5638 30.6301 641.6747 251.1374 230.7703 143.0931 113.3511 77.9731 31.6295 50.4891 12.6111 -0.3581 45.6940 
-0.0128 2.0547 7.5439 5.0866 4.9237 6.4069 3.5703 6.4304 2.1216 4.3758 2.7952 4.6594 2.7379 2.7796 2.1191 2.4326 1.7042 2.4632 0.8668 1.1744 0.4217 1.2623 2.0460 0.8124 0.9549 3.8132 0.0061 0.6178 1.2765 0.7798 1.1551 1.1682 0.8301 2.4722 1.9815 2.4789 0.8839 1.8108 2.0427 0.7595 0.9396 1.7881 0.9664 1.3410 0.7988 0.8863 1.1068 0.9166 0.6452 0.2787 0.5630 3.5907 0.0000 -0.4148 1.1243 0.6319 3.2938 3.9528 7.2312 2.8983 4.3486 4.0427 3.4794 2.9131 4.4207 4.0921 2.7368 2.7776 2.8205 1.7319 1.0115 1.6597 1.7865 1.7172 0.1628 1.3460 1.1497 5.3084 0.0000 0.3852 1.3904 1.7633 0.7631 1.4722 2.3484 2.2447 2.4279 0.7173 2.0290 2.5262 1.4774 2.2070 1.6393 1.3452 1.0238 1.7661 0.9359 0.9198 1.2226 1.0864 0.7720 0.0541 1.1960 3.6756 1.2475 7.6637 256.3933 565.8093 697.1673 698.8275 644.5268 659.4792 492.7096 291.5033 239.3785 222.3265 130.5384 135.7839 10.7512 84.9995 17.4237 13.6428 6.2906 15.0472 -0.6666 2.4356 6.0411 3.4539 -1.3123 22.1437 10.1880 53.9754 683.8613 1041.0001 1272.7985 1297.2558 1099.2887 1006.6211 667.0316 622.8067 342.1071 292.0770 190.0649 110.8950 50.8998 36.3225 67.6559 69.7814 21.0090 23.9282 11.6525 28.2302 19.4342 8.5149 13.0767 9.8248 0.0000 0.8133 70.0872 355.8789 724.9175 739.6907 944.3998 856.9305 700.9030 559.2808 404.7882 292.1512 230.6018 161.4559 120.5993 98.0343 16.9507 9.1328 11.9889 7.4228 16.3801 6.2635 21.8443 2.6005 1.8832 -5.8051 10.1719 11.1574 245.1919 1028.7986 1685.5138 2173.8787 1900.0043 1708.1952 1424.3272 937.9990 732.7370 679.9076 430.2747 270.5959 182.9620 121.5111 117.3007 30.7302 37.9837 13.6426 27.8118 4.3140 5.7314 41.5365 28.6890 59.1543 268.2482 174.8844 153.0878 88.9765 61.3065 42.0664 0.1685 16.6885 -0.3212 0.1831 9.6636 455.2490 283.7494 218.1043 122.9133 77.9582 30.9720 5.0712 13.7883 13.5123 22.1176 27.8540 570.1044 271.2230 206.0820 82.1155 77.8953 42.5111 20.4904 -0.2368 10.7379 17.1494 29.5285 
0.0676 13.8264 10.9098 14.4456 5.9654 12.2919 8.7198 2.1216 16.8403 1.3228 5.9214 0.5467 3.7847 2.8910 2.2763 1.3493 3.8018 -2.1909 2.7795 1.7374 2.6735 0.3810 -3.7342 0.7714 -1.8076 0.0397 -0.0118 -0.9694 0.0105 3.0413 2.3571 4.7925 6.8855 3.9769 3.3304 4.0563 8.1616 1.1721 1.6853 5.0037 3.2041 1.6325 1.1508 0.7409 2.7133 0.5883 1.0738 -0.0870 1.1009 0.2990 -0.7328 0.5484 0.0000 4.8904 4.8682 8.0880 8.6737 4.1537 2.4435 7.9911 0.8822 2.0339 5.2804 5.1650 -1.7587 -4.9804 4.3628 0.1957 -3.3302 3.9738 -0.1973 -2.1281 -0.2861 -3.8483 3.0353 -1.3633 -1.1175 -13.6047 0.0000 -0.7795 -3.8622 -2.4750 2.7408 2.3035 -3.0314 -2.6255 -2.1337 2.9260 -4.0856 -2.1839 0.0500 -0.5445 -2.0965 -0.1823 1.7000 -4.1393 -0.6078 1.8744 -0.9672 -1.3685 -0.0664 -1.0250 -2.2890 -12.0281 4.3993 22.5847 512.5476 942.6588 1159.5010 1063.3641 953.5338 678.1029 588.0591 895.1028 395.1726 100.6337 195.8802 -181.7688 300.3244 -106.5165 65.3001 52.4167 51.6950 -33.3776 14.5382 -8.6846 -5.8962 -0.3573 -1.2883 -44.3844 2.1737 164.9749 1014.0598 1857.5625 2465.2588 2210.4342 1976.3827 1421.6355 1413.2649 547.3293 1015.1668 380.2454 200.3066 534.8235 206.9040 273.6909 11.0379 -79.9613 -16.9271 50.8518 62.4674 -45.9621 -30.0146 -14.8364 -6.4573 -76.5212 0.0000 8.4603 -50.2010 434.5079 205.1321 816.5360 124.8562 748.7763 618.5890 436.6521 134.6116 314.6100 -65.3562 -230.7478 -43.7219 -107.9933 41.2279 -33.7973 38.0606 -36.4447 -6.0305 -13.0151 -57.9273 -22.5450 -7.3983 53.0878 -38.6471 41.8391 319.5911 190.8830 1361.6617 628.5764 1791.1085 840.5219 367.5314 528.6951 293.8253 -645.6640 157.0036 -62.3982 -239.6168 57.9481 -85.5615 9.2782 59.3785 35.7828 1.4615 146.8677 -20.6290 -156.2110 -64.6902 -284.6988 344.8342 311.5216 24.9717 117.8616 -34.7371 -114.5919 57.1986 -27.3074 62.9782 -1.4485 52.7382 436.5740 527.0009 204.6317 135.6964 64.8035 52.1778 42.3904 -18.5707 24.6805 -30.1431 48.4636 660.2659 347.0201 327.3303 213.4857 121.3804 104.8953 56.8381 95.0846 1.7083 -27.5960 67.5215 
-0.0291 0.2711 5.6110 3.6663 4.7920 4.7284 3.6340 4.3758 1.3228 6.9379 1.8958 4.7091 1.9673 2.5930 1.6322 2.2918 2.0490 2.7167 0.5378 0.9576 -0.2616 1.1101 2.5136 1.0596 1.0402 2.8649 0.0078 0.9407 0.7953 0.5178 0.9278 0.9044 0.5065 2.2096 2.0706 2.1714 0.0264 1.1908 2.1746 0.1261 0.6836 2.0818 0.4930 1.5031 0.8234 0.9805 1.1779 0.9086 0.3392 -0.0149 0.9105 3.7506 0.0000 -0.2738 0.0542 -0.7259 2.1801 2.8056 7.1757 1.6249 3.6399 3.4738 3.0812 2.5580 4.3539 3.5548 2.0615 2.7963 3.1742 0.9730 0.4265 1.7393 1.6616 2.0088 -0.0420 1.0801 0.9538 5.5163 0.0000 0.3350 1.3055 2.1286 0.3760 1.0246 2.4202 2.3642 2.6294 0.3233 1.9214 1.9083 1.2500 2.2404 0.6380 1.1433 1.1165 1.4521 0.8251 0.6149 1.4646 1.0583 0.4993 -0.4816 1.1331 3.7443 1.8643 9.7915 166.1192 467.8923 574.3759 634.6032 498.5016 641.5121 434.2501 249.4239 194.6773 194.7258 123.5603 146.9348 -7.2997 87.8991 14.4595 9.7386 -6.6477 11.2124 -2.6639 1.7836 9.8503 6.6699 -3.3661 18.7976 11.7784 48.3838 597.1146 827.0505 1152.2537 1202.5287 990.7961 948.0110 517.9240 621.9671 251.9009 250.0345 120.5572 79.0847 -9.7408 11.8281 60.3626 72.3456 0.9860 28.9769 -1.3969 30.9376 24.9707 2.4645 27.7579 14.2075 0.0000 0.2783 71.5752 316.0128 619.6742 592.5091 921.2499 731.6930 577.2773 449.0429 318.9321 256.8557 225.0839 116.4710 116.5537 88.4894 -20.8283 -2.6918 -11.8439 2.5904 18.4909 1.7882 36.3136 -3.1582 -2.2190 -17.0739 11.8726 10.2835 203.5476 855.7017 1522.3219 2048.2473 1572.3503 1500.6217 1263.5537 689.9296 551.1671 621.2710 356.2295 209.6620 124.5367 35.9931 84.8357 -25.2094 17.3335 2.0789 18.8929 -31.3326 7.3833 43.6733 34.3534 46.8132 235.9682 161.0237 145.1268 105.5848 74.2763 49.0477 -10.3578 12.7384 -7.1559 -2.5396 7.0283 338.0342 232.4319 188.0844 105.0210 62.0993 17.4819 -3.7424 13.2645 15.3560 32.6205 36.1967 582.3471 219.4253 180.8285 45.6988 79.8233 22.5873 2.9580 -9.6758 15.0380 24.0217 21.4696 
0.0529 5.6668 6.9204 7.1212 4.7775 6.9364 4.2688 2.7952 5.9214 1.8958 6.6470 2.4600 2.6977 1.9847 1.7288 2.2472 2.1301 0.7231 1.7596 1.0802 0.6002 0.6144 -0.7281 0.2599 -0.0049 1.6684 -0.0007 0.2907 0.9414 1.7682 1.0360 2.1599 2.8199 2.0904 2.4772 2.1872 3.7248 1.9695 1.7542 2.9919 1.6462 1.3676 0.8862 1.2077 1.5632 0.4626 1.3712 0.3467 0.7733 0.1698 -0.4771 0.7349 0.0000 0.7496 2.8954 2.9627 3.3771 4.4636 6.7785 6.1923 2.9557 5.0903 4.7151 4.4184 1.0910 2.7454 3.0419 2.6044 0.6271 3.0200 0.8672 1.0956 0.9699 -0.1303 1.2179 1.1404 0.4554 -0.7832 0.0000 0.2643 0.4193 -0.2705 1.2003 2.5726 0.5841 0.9980 0.8017 2.4071 1.0049 0.4778 1.2600 1.2815 -0.0270 0.7924 0.8813 0.2175 0.3303 1.2821 0.4224 -0.0318 0.1173 0.1344 -0.2467 -1.9398 3.2255 7.5036 307.2999 589.1120 740.3266 685.8310 703.0420 579.8079 429.6097 359.3945 272.4261 211.5309 108.8149 -5.7768 131.1349 9.1493 30.0873 14.5818 14.8264 4.5796 3.3431 -0.9975 4.8121 -0.9468 -1.0200 -10.4109 7.5159 78.3824 683.8589 1132.4246 1512.8780 1411.1605 1306.0001 952.0684 771.8631 557.9304 620.1449 260.3824 190.5764 234.6543 96.3788 138.6273 36.5514 -3.6144 7.9448 37.1571 32.9918 -12.6346 -10.0990 -1.8839 8.6925 -29.3996 0.0000 4.1514 18.9509 321.5411 502.0365 669.3667 614.5709 772.8789 613.1329 639.9256 347.1993 316.5217 193.3148 78.6681 123.4259 5.0741 44.0421 5.3503 39.6742 -19.6254 12.7820 -0.3490 -12.2782 -3.4726 3.0935 10.2237 -9.4306 42.7296 232.1901 741.4213 1489.4812 1467.0419 1698.4235 1559.2525 1253.3590 866.1308 672.9148 216.1668 412.0856 177.2045 39.7944 141.3960 82.0268 53.8685 43.0503 7.2299 38.1864 70.7380 5.6721 -21.2865 -22.4873 -49.6781 293.4612 221.8388 114.5707 82.9035 18.8126 -16.9444 26.7264 3.2353 17.7006 -2.1338 25.6179 452.6866 376.5986 212.7506 103.9227 81.7553 32.0186 22.1288 -4.3200 14.0358 -2.8148 35.2189 448.6312 221.3699 184.7388 100.8154 68.5601 57.3366 16.5959 24.1112 1.9620 -10.1700 32.2431 
-0.0111 1.0523 5.7427 3.7627 3.8086 5.8989 2.5065 4.6594 0.5467 4.7091 2.4600 7.8153 2.7244 3.4545 2.6422 2.9436 1.4339 3.2743 0.5318 1.0197 0.4085 1.6400 3.0274 0.7704 1.0953 4.2197 0.0091 0.7819 1.0191 0.9253 0.8738 1.1222 -0.0611 2.7976 2.0226 2.7333 0.2981 2.1832 2.3100 0.4138 0.7708 1.7272 1.2015 1.5819 0.6656 0.8301 1.2583 1.3866 0.6510 0.1383 0.2594 3.3137 0.0000 -1.3386 -0.4520 -3.3604 1.2481 2.9586 6.2166 1.3315 3.1460 3.1745 2.4373 1.9189 4.5045 5.0801 1.1967 2.7922 2.9687 1.1998 0.4174 1.6064 2.0015 1.8563 -0.8620 1.8573 1.1767 5.5061 0.0000 0.6404 1.4223 1.8540 0.0422 1.0245 2.4195 2.0707 2.2429 -0.2817 1.9462 2.3812 1.1573 2.6508 1.7109 0.8783 0.2101 1.9478 0.3109 0.8195 1.3753 0.7027 0.8269 0.0131 1.7474 2.8958 -0.7800 5.5837 184.7330 453.3425 580.9808 644.7403 622.1153 695.5577 510.7679 201.3114 194.0761 239.9632 116.8019 167.0099 -28.8400 123.6683 9.8734 14.1734 -1.3637 19.9649 -7.0132 3.8104 8.3828 6.7797 -2.5121 33.4456 10.6596 37.8365 649.9938 923.5733 1239.2859 1289.6602 1141.9237 1083.7495 557.4992 676.8165 278.4738 293.8840 193.4361 62.9128 18.8162 0.9330 82.2733 92.0589 17.7277 11.7151 9.0615 29.3118 26.6667 13.0374 10.3582 -12.8848 0.0000 -0.8946 75.5793 307.0029 632.2058 510.8971 729.3032 667.7686 533.5498 452.9687 276.4033 195.8819 184.8513 142.9680 96.5212 97.3580 -9.4433 -6.3058 -10.8757 -8.7825 17.5345 6.1229 32.6051 3.8850 5.9990 -11.7642 15.3042 4.0939 194.8888 826.5792 1316.5304 1864.0092 1483.0942 1289.3033 1192.2697 597.7021 542.6706 626.5350 318.7482 141.9680 135.3111 85.4214 103.9593 -8.8416 -1.4694 -18.7822 18.5453 -14.5977 -7.7352 57.0119 33.3961 63.7704 261.1245 148.3937 159.6526 84.7596 67.8868 54.2411 -8.8717 21.6190 -9.1723 -0.8297 3.1038 422.3295 207.4369 196.2689 91.5293 73.5710 14.8481 -4.8070 9.4314 8.8271 27.6663 23.4890 554.2513 254.0668 226.7345 50.2696 72.8494 36.4083 17.3688 -16.6436 4.8132 19.5325 20.9213 
0.0108 2.9074 3.3521 4.6857 2.6625 6.1118 2.9715 2.7379 3.7847 1.9673 2.6977 2.7244 4.1862 2.1704 2.0800 1.7153 1.2822 1.0211 1.1296 1.0927 1.4160 0.9521 0.4794 0.6270 0.2738 3.3315 -0.0002 -0.0961 0.6929 0.8641 1.0111 1.5737 1.6675 2.1971 1.3551 2.1727 2.2467 1.6060 1.4611 1.5826 1.1711 1.0936 0.9405 0.9096 1.0084 0.5988 0.8534 0.6410 0.8532 0.4569 0.1944 2.9593 0.0000 0.0737 1.0145 0.8028 3.0816 2.8877 4.2278 3.4280 3.0131 2.7881 3.1626 2.8312 3.0307 1.9909 2.9657 1.8152 1.2131 2.3318 1.1048 0.7257 1.3670 0.3227 0.7698 0.7601 0.6326 1.7408 0.0000 0.1253 0.3048 0.5277 0.9959 1.2352 0.7352 0.8083 1.4140 1.1731 0.6336 1.7244 1.2461 1.2805 1.5398 1.0722 1.0340 0.9380 0.5656 1.1398 0.5974 0.6508 0.7584 0.4117 0.4078 1.5600 -0.2042 4.9873 179.1900 397.5255 516.0101 493.8501 537.9844 465.3811 394.2953 329.9080 231.4641 163.3096 127.5126 52.9735 68.7870 42.9137 25.5141 23.0940 20.8096 6.5998 1.4368 1.1555 -0.0265 0.3840 0.9785 9.1343 2.8969 50.5370 492.6060 881.4683 1030.6636 1051.0299 943.5319 831.9207 709.6930 457.1324 415.4359 259.9329 205.8531 175.1822 122.9380 85.9056 54.4243 31.0956 27.9907 18.8263 27.4076 11.0780 8.5322 10.3454 1.4839 -2.7576 0.0000 0.9391 16.6439 235.9280 415.5021 548.7702 501.3673 666.9812 601.3740 456.3943 363.1705 283.7475 186.0192 100.2379 72.4797 86.3751 52.3175 11.3177 36.9113 10.5557 6.2708 6.1608 -1.1824 5.9925 3.7253 24.0200 0.5316 5.6789 177.4376 600.4758 1213.8947 1405.6374 1613.7957 1309.9675 995.7403 876.6654 703.5711 427.3293 403.3407 261.5781 159.5156 179.7209 102.7092 68.7452 58.2701 40.1957 27.0759 59.0735 9.3012 5.8878 8.1442 15.5679 230.7820 167.1642 102.6253 64.7729 22.5346 2.8311 14.2007 7.6741 14.1019 1.9653 17.1742 423.6013 290.7274 184.3723 104.7298 60.3424 33.9663 19.5722 7.5675 11.1680 1.5209 23.1856 391.4291 264.6119 187.8918 97.0650 59.5388 50.0803 31.5533 19.0457 3.7920 -0.0765 26.9999 
0.0042 2.7075 4.2607 4.1265 2.4753 5.1362 2.5772 2.7796 2.8910 2.5930 1.9847 3.4545 2.1704 3.9097 1.9704 1.7758 1.4758 1.2798 0.9502 0.9290 1.0915 0.9908 1.0534 0.7575 0.2625 2.8659 0.0013 0.1872 0.3772 0.9362 0.9698 1.3572 1.1110 2.3360 1.4633 1.9868 1.6538 1.3867 1.5323 1.1879 1.0550 1.1228 1.0104 0.8695 0.8988 0.6802 0.8038 0.7725 0.6705 0.2411 0.2017 2.7755 0.0000 0.3627 0.6013 0.2084 2.4110 2.4404 3.2123 2.2315 2.3961 2.1705 2.6551 2.2985 2.8443 1.8454 2.0231 1.7560 1.4855 1.8691 0.9816 0.7442 1.2525 0.6050 0.6588 0.8265 0.6092 2.6889 0.0000 0.0281 -0.0062 0.4735 0.8515 0.7122 0.7158 0.7922 1.4370 0.8432 0.4379 1.4785 1.0607 1.6292 1.0403 0.8891 0.9415 0.6595 0.4833 1.1425 0.8409 0.4994 0.7151 0.0600 0.8672 1.4673 -0.8308 6.8952 174.6645 379.9319 468.6368 480.9176 461.8240 457.3699 349.7973 287.4778 187.3908 142.7200 117.8877 71.9153 51.1155 51.4998 21.0018 22.2058 11.2459 11.1395 0.2139 0.4504 1.5966 4.6511 -0.8201 7.1033 2.7127 41.0942 483.7653 724.0397 987.6089 987.2474 890.1641 809.0015 575.8403 454.4994 336.2363 262.3205 184.0318 162.8601 79.7251 60.3493 68.4399 42.7333 20.4979 21.7045 19.8239 13.7843 13.9420 10.3239 4.5368 2.2786 0.0000 0.3663 21.4252 224.7107 342.9493 434.2451 415.6806 515.7331 471.7384 357.5734 238.2139 235.6843 135.3220 68.9594 63.7655 82.1522 28.2028 6.9605 14.8919 2.1584 12.3506 2.8880 8.9754 -0.0793 2.4980 15.2404 1.5032 1.0276 148.9819 440.2013 935.4419 1132.9165 1263.6683 959.6175 819.7670 636.6367 543.8381 399.3533 320.4278 197.2010 138.1663 135.9696 90.4738 50.5749 50.7352 35.2637 26.2981 28.8750 5.1413 12.6240 15.3630 24.4769 240.5891 190.5078 116.2045 77.4154 35.6539 13.1733 8.0159 7.9164 7.6323 2.1871 14.1615 421.7338 318.0814 213.5774 116.5480 61.6979 27.9460 17.6652 6.9919 11.6569 10.4264 31.0518 434.4900 247.8058 195.3245 81.3080 60.8089 35.5498 25.1504 13.6095 5.6523 6.1674 32.4037 
0.0145 2.4001 3.1441 2.7798 1.2527 4.3991 1.4255 2.1191 2.2763 1.6322 1.7288 2.6422 2.0800 1.9704 2.8460 1.3076 0.5372 1.1467 0.7243 0.7677 1.3467 0.9420 1.0343 0.5857 0.1307 2.6724 0.0004 -0.0037 0.2118 0.9393 0.8113 1.2464 0.8888 1.8077 1.0333 1.6664 1.5710 1.5001 1.4183 0.8539 0.9660 0.6616 1.0775 0.8591 0.7922 0.5239 0.6091 0.7686 0.7053 0.2691 -0.0387 2.3845 0.0000 0.1261 0.4713 -0.3714 1.8633 2.1391 1.8029 1.8840 1.9018 1.5716 2.0212 1.5819 2.2379 1.9738 1.5006 1.4154 1.2728 1.8135 1.0180 0.5605 1.0969 0.4789 0.4430 0.8383 0.4819 2.7286 0.0000 -0.0021 0.1179 0.2046 0.5043 0.4366 0.3949 0.5242 0.7483 0.7370 0.2524 0.9022 0.7980 1.2465 1.2758 0.5653 0.7436 0.6913 -0.0053 1.1342 0.7789 0.2697 0.6946 0.2533 1.0431 1.5876 -2.5536 3.7800 142.1806 291.6983 348.6533 366.2385 411.0073 364.0581 297.2644 224.8563 145.0602 118.9802 101.7046 62.2257 41.3669 49.8571 13.1632 24.2352 10.3317 13.0866 -1.2529 0.4162 -0.6643 5.7390 -0.2934 5.8973 -1.5157 28.6408 422.6540 583.5577 802.9814 776.1564 749.7732 683.4093 469.7368 349.9057 269.8152 227.0617 154.8982 132.7692 77.3042 45.7034 65.8326 35.8404 22.6736 7.9821 20.5567 8.6812 13.3218 13.1488 -2.6225 -0.3949 0.0000 -0.6290 10.6338 176.1632 258.8955 346.4457 265.1856 417.6959 408.3650 307.6208 195.4477 208.0568 107.9509 50.3236 38.4329 81.4949 30.0031 9.2020 14.2307 0.7468 8.0464 2.9824 4.5204 3.2031 5.6082 20.2922 0.4808 -3.7075 115.1487 335.8700 679.4926 855.4783 1065.8208 720.2726 653.0971 549.5815 486.1031 344.0504 258.5131 160.6196 140.3250 132.5371 81.0814 56.0497 38.2136 33.3525 24.9413 31.8123 1.3359 7.6330 10.8666 32.8213 169.2483 128.8464 81.6978 42.5079 20.9316 9.8590 9.2096 7.7626 6.0779 3.5298 10.3734 298.4558 214.2155 148.3557 71.1294 40.0116 16.6934 17.2645 2.0017 3.7095 5.3410 23.9224 267.1555 184.0452 153.3495 51.3499 32.8345 22.4933 21.7641 8.1595 -0.8545 1.4950 22.3317 
0.0045 1.1044 3.1183 2.8316 2.2076 3.4515 1.6431 2.4326 1.3493 2.2918 2.2472 2.9436 1.7153 1.7758 1.3076 2.7717 1.0863 1.4579 0.6350 0.7134 0.2143 0.7301 1.0530 0.4579 0.4881 2.4186 0.0032 0.5058 0.7625 0.5387 0.3344 0.7704 0.5376 1.5151 1.2571 1.5325 1.1386 1.2728 1.2352 1.0077 0.6446 1.1687 0.6599 0.9392 0.7364 0.5658 0.8476 0.5516 0.3787 0.0923 0.1255 2.0508 0.0000 -0.5729 0.4922 -1.4494 0.5497 1.8417 4.2040 1.5891 1.9269 2.3369 1.6585 1.7292 2.2723 2.7389 1.2967 1.7559 1.4646 1.3083 0.4271 1.0768 1.0386 0.7471 0.2291 0.9153 0.7907 2.7733 0.0000 0.3976 0.6636 0.8246 0.2511 1.0574 1.0643 1.0030 1.2272 0.4590 1.1013 1.3104 0.7907 1.2884 0.7563 0.8483 0.4901 1.0752 0.2975 0.7420 0.7260 0.5166 0.3950 -0.0422 0.7152 1.5566 0.5470 3.8077 103.2648 251.0482 340.8324 362.4541 379.3989 402.1888 308.1343 157.1943 147.1869 161.0895 79.1720 74.8428 28.9101 58.0132 14.3390 11.0764 6.7116 16.4651 -0.9585 -2.1000 6.3708 2.8937 -0.6627 12.7271 4.0562 27.7400 339.2835 528.7598 742.2340 782.9306 729.6415 641.3461 407.4402 426.3231 306.3362 201.8749 157.9730 104.3987 54.1806 55.2163 52.4528 36.0169 14.8068 22.4197 18.7733 15.4842 12.4496 6.8828 11.3326 -2.2576 0.0000 0.8313 33.7414 163.9302 317.2918 292.4815 391.0381 410.6511 334.9064 341.7086 223.7566 172.5218 169.1647 102.8624 86.1062 60.8130 21.8894 8.2030 11.8116 -3.6635 15.8304 2.0156 14.6745 1.8932 3.5993 3.3656 4.7312 10.6780 113.2484 396.7040 743.8299 951.5217 894.1101 892.3422 772.4537 499.8452 443.1244 388.7831 305.4000 161.8033 120.3215 118.4960 86.0834 42.5601 28.3984 7.0280 23.4540 24.0358 3.6590 27.7802 15.7362 35.0017 187.4668 134.8861 112.2998 61.2210 39.2378 22.4324 5.2003 10.8167 0.0936 0.4628 11.4506 343.0711 228.7663 170.8341 89.3420 65.7740 21.3233 7.7745 4.4805 9.7671 8.0775 26.1481 292.8521 156.2307 121.5667 41.7307 41.5315 27.6127 8.8412 -3.8351 3.6397 3.7932 13.3669 
0.0030 2.6998 3.4541 4.3983 3.0976 3.7616 3.3460 1.7042 3.8018 2.0490 2.1301 1.4339 1.2822 1.4758 0.5372 1.0863 3.1471 0.0964 0.8745 0.7089 0.2433 0.2559 -0.3642 0.4686 -0.0099 0.7092 -0.0005 0.1389 0.3626 0.6061 0.6975 1.1432 1.7634 1.4313 1.3700 1.4009 1.8878 0.3741 0.8356 1.5621 0.8693 1.2347 0.1905 0.5079 0.9052 0.4419 0.6945 0.0364 0.2742 0.0603 0.2965 1.2325 0.0000 0.9871 1.3481 2.0051 2.4204 1.6174 3.4395 2.6054 1.4458 1.9313 2.3359 2.3481 1.0141 -0.1136 1.9424 1.0123 0.1187 1.1393 0.0708 0.2709 0.3272 -0.2042 0.9192 -0.0952 0.1185 -1.4794 0.0000 -0.0210 -0.3907 0.1704 0.9601 1.1458 0.1466 0.2330 0.6179 0.9148 -0.0879 0.4600 0.4676 0.5169 -0.5162 0.5232 0.6748 -0.3495 0.4503 0.5072 0.1673 0.1738 0.0221 -0.4218 -0.5200 -1.3641 3.1795 7.8248 138.6381 312.5327 398.9062 397.3364 318.6526 311.8464 236.8355 262.5522 147.9912 84.5852 74.9634 -7.2201 72.0167 -9.0901 22.0975 12.9723 12.4541 -4.6752 5.0491 -1.8715 3.0259 -0.1073 -1.0752 -5.3675 5.7497 52.2917 336.1338 617.2546 823.5738 807.8433 688.9303 543.2131 476.5348 311.9076 337.8345 144.6498 77.9118 154.0277 48.5529 83.2696 14.5932 -3.4871 -2.2972 31.3755 12.8077 1.0003 0.2458 -6.1745 13.2514 -6.6735 0.0000 2.8809 10.2318 172.4415 227.3694 339.1971 334.3045 382.4544 293.3638 240.6598 147.6660 148.9628 78.4537 1.0680 42.8034 -5.9533 10.6828 -4.6765 10.5454 -3.8174 6.8574 -2.8945 -1.5402 -6.9985 -4.8156 4.9717 -5.7142 18.7859 126.0316 301.2804 803.0474 789.2822 863.8985 749.7993 520.5844 379.4189 251.0751 53.4736 187.6652 84.3335 -13.1406 34.1853 7.7378 3.3596 24.2490 10.7750 7.1673 28.9907 4.3348 -21.4385 -4.2534 -51.7101 161.3397 133.6937 56.4269 67.8677 17.9720 -12.4029 10.7383 -4.4180 13.2398 -1.7655 16.0609 248.6112 235.5293 124.8424 88.4565 46.3713 24.9231 7.8469 2.0548 14.4560 2.8280 24.8974 309.7600 124.9037 105.5440 64.9092 56.6022 33.8267 11.3982 20.1631 6.9519 0.1255 22.4118 
-0.0157 -2.1305 1.3670 -0.7337 1.4949 1.0662 0.0392 2.4632 -2.1909 2.7167 0.7231 3.2743 1.0211 1.2798 1.1467 1.4579 0.0964 3.6924 -0.0299 0.3584 -0.1907 0.9415 2.5012 0.3389 1.0849 2.6022 0.0074 0.7148 0.6245 -0.0563 0.1764 -0.2139 -1.0714 0.8497 0.6664 0.8292 -1.2721 1.3003 1.3859 -0.4776 0.0008 0.9017 0.5468 1.0771 -0.0044 0.4457 0.7016 0.8659 0.2610 0.0878 0.3540 2.3691 0.0000 -1.6973 -0.9526 -2.7938 -0.6135 1.4928 3.6679 0.2825 2.4564 2.5356 1.3683 0.9590 3.4362 4.7625 0.7321 2.2368 2.9660 0.4790 0.8465 1.8763 1.4830 2.3057 -0.6677 1.6537 1.1238 7.2902 0.0000 0.5122 1.6599 1.5642 -0.5239 0.5033 2.3382 2.2480 2.1200 -0.0374 2.5442 2.3273 1.1674 1.9147 1.9542 0.8995 0.3861 2.4391 0.7057 0.4110 1.2759 0.9999 0.6105 0.5228 1.5805 5.5713 -0.8916 -2.0970 22.8622 104.3455 131.8507 208.2229 211.2618 295.2618 210.0942 -35.4336 61.7082 145.8483 36.8098 135.8232 -67.7556 87.1547 -5.9031 2.0546 -9.6506 17.7502 -4.0384 5.5474 5.7875 4.4133 -1.1913 26.1734 7.3101 -7.3180 211.0256 220.8506 290.9090 380.4463 351.0187 409.7656 136.9493 354.4914 25.0359 131.5710 98.8278 -44.7355 -16.4270 -39.0832 54.0331 71.8887 20.5947 6.0585 -8.5525 29.2113 22.1993 11.3096 8.7759 20.8324 0.0000 -2.0410 53.0835 101.9339 408.9968 234.1374 555.2219 386.5618 327.6377 311.4028 250.8066 151.8221 180.9559 181.6188 106.0802 99.7075 1.5867 16.0102 -5.3999 10.0501 12.1077 6.2665 31.4468 6.9940 4.9114 -16.0525 15.5291 -1.1960 69.0486 572.0797 718.6790 1275.5847 850.7453 973.5659 998.0685 566.5556 501.9239 692.5594 312.4967 218.3186 203.4751 93.3929 111.4849 25.3541 6.6845 0.6231 24.3206 -31.7601 12.5245 68.1661 33.0809 116.4340 146.5239 76.7032 121.8285 44.5957 57.4751 64.6508 -9.2177 17.6291 -15.0092 0.3747 -5.9674 285.7780 133.3599 147.3074 77.4996 56.8684 12.7766 -0.7145 14.0663 4.1509 26.7017 18.0211 253.1003 114.9837 90.8961 7.1959 32.0292 8.5235 2.2091 -24.0293 4.2507 16.7388 7.1719 
0.0239 2.3747 2.0258 2.6275 1.5414 2.8099 1.7420 0.8668 2.7795 0.5378 1.7596 0.5318 1.1296 0.9502 0.7243 0.6350 0.8745 -0.0299 1.5304 0.4073 0.6085 0.2230 -0.5206 0.2453 -0.1104 0.8410 -0.0023 -0.0302 0.1085 0.6663 0.5544 0.8834 1.3282 0.8513 0.8143 0.7089 1.6811 0.6755 0.6654 1.2775 0.7551 0.4327 0.3765 0.4001 0.7110 0.2020 0.4595 0.1432 0.3930 0.1482 -0.0597 0.8356 0.0000 0.6851 1.0862 2.0606 1.7909 1.7090 2.0720 2.7057 1.3592 1.9937 2.1601 2.0543 0.6003 0.5981 1.7323 1.0640 0.3215 1.5439 0.8224 0.4490 0.5075 -0.0618 1.0282 0.3631 0.1423 0.4845 0.0000 -0.0786 -0.1551 -0.3404 0.7115 0.8410 -0.0328 0.3179 0.5034 1.3694 0.2618 0.2928 0.7491 0.5921 0.2365 0.5725 0.7725 0.1498 0.4903 0.7591 0.2681 0.1624 0.1942 0.2778 -0.0965 0.1367 0.7125 3.4158 112.8816 215.5697 264.4416 230.8277 226.5359 174.6866 137.7100 183.0116 118.0809 65.9612 57.3488 -9.1951 70.1857 -5.8427 16.9035 7.0385 8.2492 -0.2566 2.8871 0.9136 -0.1479 -0.5169 0.1531 -9.4309 1.3760 27.4567 224.5646 387.2410 514.4857 490.7814 445.6293 333.8212 331.8110 198.9713 249.6312 114.6833 89.7627 121.0687 64.2576 67.6817 20.8190 -1.8509 9.7866 19.3243 15.0248 -4.4598 -3.5818 1.4453 2.3369 2.1705 0.0000 1.4722 -6.5696 109.6082 130.1031 269.5955 211.0561 303.2988 285.5783 254.6348 180.3876 176.4558 95.5131 43.5519 56.7053 26.7703 34.6870 10.8567 26.1905 3.3655 4.6254 1.9356 -7.3172 -1.0730 1.0507 13.8132 -5.3203 10.3227 81.0416 224.9669 546.6530 514.0672 742.2669 649.9233 503.2643 475.3891 375.9679 148.1376 230.8776 148.6421 67.1567 104.2382 55.4211 48.5657 44.5001 33.4624 23.9341 38.2926 12.9626 -12.9749 -7.1966 -8.1076 144.4162 124.4350 52.9166 44.4129 6.4083 -9.7018 14.7877 -0.2009 10.9326 0.5541 13.4806 246.8128 225.8979 125.9202 68.1037 36.6343 21.9601 20.4111 2.3740 8.9749 -1.1192 22.0099 193.4151 120.4173 84.9612 57.3170 32.2337 24.0499 11.7676 18.9239 2.7148 -4.8741 20.4371 
0.0003 1.3808 2.0584 2.4152 1.1503 2.2616 1.4269 1.1744 1.7374 0.9576 1.0802 1.0197 1.0927 0.9290 0.7677 0.7134 0.7089 0.3584 0.4073 1.5299 0.5830 0.2813 0.1768 0.3244 0.1179 1.3858 0.0000 -0.0188 0.4675 0.3154 0.3958 0.7015 0.7495 0.9868 0.6038 1.0734 1.2073 0.5590 0.7795 0.7471 0.5359 0.5778 0.4013 0.4175 0.5082 0.3355 0.2951 0.1618 0.3537 0.2176 0.2608 1.4950 0.0000 0.2591 0.7547 0.5777 1.2456 1.0437 1.5039 1.2952 1.3194 0.9880 1.3012 1.0684 1.3152 0.5053 1.2800 0.6782 0.6328 1.0107 0.4995 0.2722 0.5966 0.1523 0.5184 0.1705 0.2854 0.9806 0.0000 -0.0007 0.0353 0.2656 0.5248 0.5397 0.3432 0.2946 0.6533 0.5195 0.2147 0.7903 0.4673 0.4323 0.5131 0.6755 0.6417 0.2444 0.3287 0.5598 0.2798 0.2940 0.3099 -0.0428 0.1329 0.9549 0.0408 1.9709 77.4289 173.6013 223.1584 202.3741 222.2156 196.7622 154.4085 141.0955 88.9506 49.9234 60.6569 24.8552 34.1858 16.8375 12.1110 14.5116 8.9759 4.4797 1.3006 -1.0833 0.6730 0.8525 0.6886 3.1839 -0.5910 27.0666 221.6187 375.7547 452.5198 443.6243 402.8572 348.5176 291.5010 185.4954 192.2513 130.2202 96.9942 82.0341 60.2137 48.1701 22.9871 13.1880 14.0080 6.4412 15.4083 2.9937 5.8573 1.6941 4.6222 3.3450 0.0000 0.6062 9.3926 104.4721 151.0500 235.0124 210.1022 274.0105 241.1120 186.5149 140.9068 115.7719 85.9096 26.9387 25.8544 30.7794 24.5009 10.7009 15.5232 6.6044 4.5960 1.2976 -0.3294 2.0455 1.4714 9.9620 -1.6295 4.5309 78.6024 256.2489 504.4346 579.0571 643.9321 535.9897 420.5173 381.7621 315.4887 181.8435 188.0702 130.2945 82.3170 72.7492 42.8267 39.9624 32.7396 18.6688 16.5752 30.6028 5.9953 1.5437 5.3602 8.4507 99.3431 89.0528 53.1415 34.8512 14.4999 -0.1348 5.2031 4.0371 5.6585 2.6477 14.3308 209.7126 158.7993 102.3297 56.2062 29.0297 19.8536 12.0272 4.0999 5.1573 -0.7951 14.0317 176.4446 125.7862 84.1962 49.5542 28.5074 17.8068 14.8520 7.3439 2.5998 2.9008 14.9177 
0.0194 2.3907 0.7787 1.9828 -0.1625 3.0435 0.9648 0.4217 2.6735 -0.2616 0.6002 0.4085 1.4160 1.0915 1.3467 0.2143 0.2433 -0.1907 0.6085 0.5830 2.8951 0.3750 -0.2204 0.3248 -0.3394 1.3224 -0.0040 -0.5222 -0.2067 0.6204 0.6990 1.0570 1.1515 1.0945 0.2325 0.9398 1.8114 0.6697 0.7819 0.8937 0.7904 0.0318 0.6878 0.2355 0.5549 0.1748 0.1455 0.3054 0.5987 0.3269 -0.0521 1.4555 0.0000 0.7516 0.7699 1.3221 2.0949 1.2292 -0.6090 1.8684 0.8332 0.2914 1.4696 1.0367 0.8528 -0.2500 1.3424 0.3624 0.0711 1.5612 1.0389 -0.1920 0.4950 -0.3148 0.9042 0.0451 -0.0408 0.1968 0.0000 -0.3173 -0.6247 -0.5437 0.7607 0.0425 -0.5012 -0.4115 0.0471 0.8550 -0.6734 0.4821 0.4543 0.2866 0.9716 0.3534 0.7618 0.0425 0.0653 0.9123 0.2447 0.0464 0.5519 0.4859 0.2572 0.4205 -2.5443 1.5650 82.1927 140.3632 148.9725 141.6937 196.8471 102.6146 121.9069 193.5146 84.4050 20.1260 72.6411 -4.5281 55.7289 -2.3359 12.2379 26.0130 17.2552 0.8298 3.0307 1.8904 -5.9482 2.8435 1.2520 -5.0172 -5.2617 20.8355 205.5835 320.2552 384.0492 347.8766 360.9327 321.5234 351.4665 112.5199 197.2495 137.3457 106.5625 132.0635 97.9554 54.6182 37.3828 3.1349 24.7723 2.9103 17.7871 -3.5089 5.6536 8.0387 -11.1996 4.8555 0.0000 -0.3767 -22.4901 73.3170 35.0425 199.8981 -12.4299 213.4346 264.4158 141.7876 117.5818 155.7059 36.2645 -4.2005 -11.2965 53.7332 45.3994 14.5124 22.4794 11.2741 -1.1644 1.4267 -11.4330 2.2329 2.8783 30.7344 -7.1457 -8.7487 62.6606 84.7097 317.4139 314.1075 713.2582 319.1615 259.8710 431.8466 365.4805 131.2720 178.2470 141.5987 102.5674 123.0881 38.7528 72.3827 43.9260 50.6593 17.9796 49.4246 9.2069 -20.5943 -3.7258 5.8472 95.3095 83.5260 20.1864 18.0684 -5.8483 -14.9846 15.5469 -1.8529 14.2740 4.8301 12.4551 199.6524 173.6071 90.8012 56.9309 19.1611 21.3533 25.0385 1.1452 1.9661 -6.5574 16.6883 105.1525 135.5238 106.4842 60.9481 23.2049 21.7802 29.8687 21.9476 -4.0184 -5.5711 23.5654 
