0.0519 0.0524 0.0576 0.0479 0.0280 0.0408 0.0118 -0.0102 0.0671 -0.0286 0.0525 -0.0118 0.0112 0.0042 0.0145 0.0045 0.0029 -0.0157 0.0239 0.0003 0.0194 -0.0065 -0.0331 -0.0052 -0.0171 -0.0174 -0.0001 -0.0024 0.0021 0.0263 0.0062 0.0248 0.0328 -0.0020 0.0104 -0.0098 0.0620 0.0142 0.0114 0.0398 0.0146 -0.0160 0.0057 0.0090 0.0223 -0.0096 0.0095 0.0011 0.0084 -0.0045 -0.0197 -0.0309 0.0000 0.0088 0.0260 0.0315 0.0059 0.0448 -0.0042 0.0626 -0.0174 0.0262 0.0165 0.0276 -0.0545 0.0028 -0.0097 0.0132 -0.0197 0.0332 0.0124 0.0022 0.0022 -0.0221 0.0284 0.0118 -0.0109 -0.0290 0.0000 0.0014 0.0053 -0.0287 0.0023 0.0159 -0.0288 -0.0151 -0.0236 0.0353 -0.0102 -0.0425 0.0001 -0.0056 -0.0214 -0.0069 0.0039 -0.0078 -0.0120 0.0215 -0.0010 -0.0239 -0.0079 0.0140 -0.0111 -0.0538 -0.0307 0.0423 4.0506 4.6252 3.6970 2.5892 4.5153 2.1398 1.5204 3.0861 2.3125 1.5071 1.2629 -0.9873 2.9285 -0.4575 0.4633 0.2026 0.1225 0.1166 0.0140 0.1159 0.0083 0.0527 0.0025 -0.6447 -0.1143 0.6717 6.2488 5.7151 9.8989 6.6801 8.1393 2.5836 2.9434 2.7649 6.7477 1.4992 2.3725 3.4496 2.2728 2.3551 0.7413 -0.7536 0.3040 0.4343 0.6316 -0.6858 -0.2349 0.0619 -0.0504 -0.3160 0.0000 0.0590 -0.5060 1.7485 -2.9290 0.2895 -5.6826 -0.7490 0.0836 3.6503 0.5700 3.1133 1.6224 0.1163 0.9215 0.0917 1.1682 0.5223 0.7058 -0.1429 0.1774 0.0660 -0.3632 -0.0543 0.2099 0.6970 -0.3247 0.4265 1.6401 -1.3446 -2.0678 -11.9792 -2.9605 -2.4932 -1.2683 1.4251 3.6550 -3.2088 3.6978 1.3086 0.6495 3.2029 0.9939 1.8291 0.8112 0.8232 0.9985 1.4433 0.4756 -0.9133 -0.8063 -0.5697 1.5476 1.7519 -0.1450 0.2797 -0.4905 -0.7953 0.5787 -0.1536 0.1952 0.0183 0.4099 1.4754 3.1029 1.0828 -0.0865 0.2996 0.0378 0.7313 -0.2879 0.0401 -0.3383 0.6506 -1.3538 0.6037 0.8755 0.4660 0.0461 0.1733 0.0281 0.3392 -0.2690 -0.5488 0.2963 
0.0524 5.8729 4.8583 5.2862 2.8581 5.0483 2.8965 1.0591 5.9079 0.1218 2.6573 0.5775 1.3586 1.2541 1.1573 0.5697 1.0992 -0.7841 1.0919 0.6052 1.0650 0.3172 -1.4936 0.1012 -0.8802 -0.3430 -0.0038 -0.0514 0.4492 1.4996 1.1286 2.1656 2.5504 1.4670 1.6052 1.7122 3.4414 0.5466 0.7947 1.9786 1.3215 0.4516 0.6659 0.3364 0.9920 0.0150 0.4025 0.2816 0.4593 0.0610 -0.8708 -0.8166 0.0000 0.7816 1.2639 2.2798 2.3740 2.3918 0.7945 2.9085 -0.0147 0.4079 1.0860 1.4070 -1.7653 -2.0814 0.1592 -0.3788 -2.0356 1.2064 -0.7186 -1.4572 -0.3291 -2.1009 0.6260 -0.2358 -0.7886 -7.4893 0.0000 -0.0660 -0.4434 -1.2302 0.7076 0.8296 -1.3056 -1.5640 -1.7331 0.5462 -2.1615 -1.8703 -0.5303 -0.2381 -1.0940 -0.6617 -0.1727 -2.1580 -1.0418 0.7608 -0.6647 -1.1862 -0.2815 -0.5448 -0.8110 -7.3912 1.0741 10.1413 328.4749 484.0921 577.5433 504.8592 471.6609 334.2304 268.4542 356.0092 147.9471 40.6006 58.9084 -86.0443 119.0378 -34.0252 27.1350 18.1684 15.5537 -17.7510 1.5831 -2.0771 -2.2755 -0.2285 -1.4233 -16.5028 2.8595 73.2400 488.6338 820.1430 1116.2425 966.0273 859.4819 599.7843 481.3672 220.1503 379.1129 154.0692 79.3750 191.8082 71.0802 99.8765 2.3847 -20.3013 -10.9295 12.7876 29.0420 -26.5998 -18.2251 -3.3058 -10.9866 -60.1048 0.0000 4.6097 0.5568 248.5492 76.2860 276.4137 -110.6338 185.0491 112.2009 90.0831 -74.4432 19.2229 -121.4429 -129.9075 -36.0389 -76.0353 -3.5300 -26.7128 3.5648 -27.8650 -5.5200 -1.8487 -26.0935 -9.0663 1.9618 16.1092 -14.8888 16.8507 139.0715 -44.9957 197.3273 -274.6859 204.8828 -203.5703 -251.8399 -227.1819 -143.0051 -497.3929 -78.0173 -188.7566 -177.7848 -7.7464 -48.1935 -37.4953 3.1759 -10.5246 2.6740 54.9861 -17.3780 -71.8650 -34.9192 -145.9956 209.2971 184.1953 41.8840 59.0950 -16.2604 -50.7774 23.9417 -5.9428 23.2426 -2.3771 22.2262 234.9529 255.6467 109.8097 35.2148 30.1359 14.0260 15.6390 -11.1982 9.9038 -10.4629 17.1351 304.1469 160.2336 156.0068 67.6615 35.6629 39.6044 21.4692 36.3446 -2.7288 -12.2128 23.1674 
0.0576 4.8583 12.4257 8.4807 5.8011 6.1394 5.5637 3.3546 6.8620 2.4826 3.7123 2.2999 1.8871 2.0694 1.4275 1.4344 2.0500 0.1261 1.2155 1.0427 0.5932 0.4792 -0.7006 0.3565 -0.5029 0.0842 0.0005 0.2439 1.0246 1.8630 1.4988 2.4794 2.9821 2.1489 2.6178 2.3818 3.6643 0.6418 1.5020 2.1500 1.4858 1.3756 0.7265 0.7630 1.2140 0.3245 0.8332 0.3384 0.3139 -0.0820 -0.4923 -0.0256 0.0000 1.0019 2.6712 3.8034 4.5956 4.3958 3.3429 3.5438 1.1294 1.1571 1.1777 1.6810 -1.2440 -1.7459 -0.1265 0.0028 -1.5052 0.5777 -1.2053 -1.1106 -0.2497 -1.6837 0.6002 -0.3237 -0.4605 -7.1164 0.0000 0.0612 -0.0229 -0.4125 1.2084 1.4725 -0.4007 -0.9800 -1.4509 0.3248 -1.6855 -1.4889 -0.7122 -0.0968 -1.4955 -0.4179 -0.0597 -2.0251 -0.9691 0.5848 -0.4885 -1.1045 -0.3021 -0.9750 -0.6429 -7.3503 3.6912 18.5522 604.9410 915.2986 1010.2071 946.8359 816.5936 669.6452 509.6082 471.4468 226.6332 115.8960 93.6240 -39.6227 120.1849 -15.1456 31.7810 26.7427 17.7693 -12.7871 4.3848 -4.5026 2.5940 2.7315 -2.8821 -8.5782 9.1885 118.0352 926.6002 1364.9244 1725.7478 1506.9531 1247.9509 884.0619 632.9487 422.2280 477.8784 218.4876 107.6224 220.3098 59.9414 113.0714 23.5397 -5.4659 -17.7410 33.3713 28.1912 -13.7720 -8.4299 -6.4988 2.5629 -55.1819 0.0000 7.6289 71.6895 487.1637 488.3658 588.4929 286.4498 428.9858 190.8483 162.8378 -107.2883 -2.7768 -141.4911 -141.7939 -35.3307 -104.0413 -32.7304 -31.5454 -20.3037 -31.7359 2.9485 -5.4499 -12.0230 -14.7261 -2.1129 1.2341 -11.5295 31.8271 310.4799 458.9324 759.3412 265.8243 345.0395 -78.7557 -182.7155 -394.9969 -322.4376 -522.3659 -116.5056 -254.2877 -216.1380 -66.8109 -64.2985 -58.5823 -16.1548 -30.6609 1.2033 29.1618 -22.9314 -63.4576 -27.2818 -151.2795 215.8378 156.0262 43.6297 74.1008 3.6044 -35.7532 20.1742 -4.3415 16.5758 -3.8994 19.5542 179.7445 202.4429 89.3953 48.0070 45.7231 14.2546 2.4421 -12.1784 12.3099 -1.0311 26.8801 507.7232 181.1117 200.8344 82.2858 68.9733 53.2460 20.4268 31.8129 1.0045 -3.4718 29.0687 
0.0479 5.2862 8.4807 13.2201 5.9282 7.8900 6.9081 3.4417 9.6360 2.5417 4.7826 2.6025 3.0390 2.7776 1.6725 1.9529 3.1087 -0.4713 1.6889 1.5720 1.1588 0.4865 -1.6665 0.4948 -0.7841 0.5897 -0.0022 0.2539 1.5045 1.9828 1.6472 3.4964 4.1516 3.0494 2.9931 3.7347 5.3867 0.7811 1.6064 3.4547 1.9757 1.8848 0.8285 0.7521 1.8022 0.4875 1.0786 0.2298 0.5372 0.0580 -0.4784 0.2581 0.0000 1.0259 2.1787 2.8455 4.2613 3.8666 2.9262 4.3199 1.1712 0.8482 1.8013 2.7548 -0.7266 -3.1509 1.3261 -0.2801 -2.6182 1.2337 -1.7296 -1.7413 -0.2595 -2.9112 0.9725 -0.9075 -0.6580 -11.6615 0.0000 0.0265 -0.6651 -0.6989 1.7986 1.8443 -0.9890 -1.9284 -1.3284 0.5003 -2.7280 -1.2572 -0.6454 -0.4180 -1.6152 -0.4960 0.0663 -2.7679 -1.1627 0.8361 -1.0183 -1.1598 -0.2920 -1.4218 -1.6154 -10.2321 4.5819 16.1027 533.2361 898.7519 1091.4757 1051.6271 939.0009 786.9664 637.9792 635.6938 319.6614 150.3540 137.5573 -84.5671 176.5029 -31.5649 49.7147 46.5196 34.2132 -20.7870 6.8127 -10.6007 2.8569 -0.8830 -1.9987 -8.2923 9.1995 146.9156 929.7537 1658.9434 2079.5772 1924.8182 1648.2614 1210.3274 1011.2288 569.1711 746.3723 318.1996 194.5157 322.4917 130.6826 186.6794 9.5358 -26.7763 -16.7624 42.3630 46.4338 -17.3080 -16.0954 -10.0801 4.9489 -81.2039 0.0000 8.5006 39.1602 437.9276 395.1147 598.8995 212.6597 534.3422 298.9332 227.2421 -11.4721 53.6089 -108.9005 -168.3245 -39.5478 -122.0507 -13.7439 -40.9363 -4.4623 -36.1717 -3.1128 -11.1972 -23.0858 -14.5649 -3.4199 18.7906 -16.7923 38.7783 307.9161 300.2989 899.0112 306.0120 688.9936 235.3541 -58.1389 -178.1001 -173.6695 -592.6465 -18.5159 -225.0883 -248.6669 -27.7199 -82.2667 -60.4067 -2.9957 -31.6967 -13.4819 78.6407 -25.5781 -84.8486 -34.1575 -225.2640 288.1471 242.9591 63.4297 101.4386 -3.3225 -64.7737 27.6821 -11.1401 33.3744 -5.1557 34.4795 324.7372 333.5997 142.5172 84.1099 66.0931 28.4368 5.3775 -14.0074 20.7012 -14.7371 26.2456 642.7670 329.5786 287.4978 143.9490 100.4445 85.7240 40.1376 49.6071 2.6480 -12.0659 32.1234 
0.0280 2.8581 5.8011 5.9282 7.5963 6.7273 5.4264 3.5187 5.7857 3.2338 4.1053 2.6457 2.1260 1.9144 1.0393 1.6040 2.4795 0.7482 1.3744 0.8625 0.0960 0.5838 -0.4258 0.2950 0.1028 0.5280 0.0017 0.4048 0.9225 1.3169 1.4611 1.9383 2.5872 1.7325 2.5305 2.1313 2.3259 1.0430 1.6743 1.9806 1.3155 1.5807 0.4211 0.8826 1.0086 0.3904 1.1238 0.2577 0.4130 0.0392 -0.1277 0.3497 0.0000 0.5761 1.4915 3.3309 3.9218 4.2930 6.8329 5.3293 3.3628 4.4406 4.0822 3.8886 0.9238 1.2075 2.3514 1.8515 0.1501 1.4961 0.0210 0.5534 0.4879 -0.0508 0.6469 0.4734 -0.0160 -2.8936 0.0000 0.0826 0.5852 0.0529 1.3430 1.8465 0.9668 0.8649 0.6418 1.4809 0.6111 0.2777 0.6905 1.0328 -0.4860 0.1766 0.5476 -0.4630 0.5383 0.4858 0.1439 -0.1216 -0.0720 -0.2312 -0.5818 -3.3921 5.2378 12.4025 411.8616 739.9337 873.1616 831.3880 681.5053 590.9944 431.4165 384.8029 237.9255 162.3529 81.3400 -11.0240 77.9121 -15.6265 20.6627 7.0160 9.3491 -13.2049 5.7616 2.0901 2.9264 -1.6371 -2.8446 -7.4092 15.5317 91.6570 766.7787 1235.0059 1530.0194 1401.8874 1147.3402 841.2553 665.9373 473.0623 418.6733 167.6410 61.4529 158.8312 10.9088 74.0027 6.3353 -0.0167 -13.2604 36.4339 4.7322 -5.6804 -10.7219 -10.3717 7.0144 -29.2017 0.0000 5.1833 49.9914 413.3809 663.2934 772.7999 779.8788 745.7187 529.5382 451.6318 214.8564 189.1400 38.8041 11.4659 70.0583 -51.6170 -15.9256 -21.6986 3.1606 -19.7631 3.2564 -4.6460 -7.3846 -11.8855 -6.5260 -15.4662 -6.0097 37.7431 282.5839 879.8945 1573.8585 1565.0147 1464.8386 1196.5120 893.9672 433.3513 222.0282 -21.9633 141.3665 -21.2728 -119.5768 -28.3024 -16.2810 -50.8324 -8.0386 -21.3045 4.6461 8.2926 -4.8011 -34.7139 -20.7838 -95.9159 254.2519 175.3788 77.4287 76.5750 18.1163 -11.2088 14.3989 -3.9344 14.4489 -6.9116 8.5519 268.6585 261.6873 122.7274 79.8853 54.5135 20.8929 -0.9724 -1.7796 14.8186 10.1505 19.9435 625.2188 243.6560 211.4055 110.7210 91.8155 59.3782 18.1681 28.5443 8.9884 1.4590 34.9835 
0.0408 5.0483 6.1394 7.8900 6.7273 29.9720 7.5110 5.8745 12.1473 4.2705 6.7171 5.2910 5.6606 4.7780 4.0737 3.1742 3.6404 0.7253 2.6921 2.0990 2.9046 1.9519 -0.4161 1.1911 -0.3106 4.3201 -0.0024 -0.0142 1.3912 2.6639 3.0818 3.6369 4.8368 4.7953 3.8240 5.0867 5.8012 2.5817 3.1266 3.5077 2.8287 1.7918 1.7166 1.5023 2.0873 1.0220 1.2285 0.9088 1.4984 0.6110 -0.5353 3.5111 0.0000 0.8656 1.8468 3.8817 6.3854 7.4694 17.0480 10.3830 6.8345 7.9562 8.0012 7.3477 3.3645 2.9412 5.9648 3.4680 0.5938 5.8515 1.4326 -0.0640 1.7678 -0.6256 1.7798 0.8857 0.0998 -3.1686 0.0000 -0.0959 1.8644 -0.5336 2.5989 2.7671 0.8583 0.5101 1.0036 2.5930 -0.5411 1.6082 1.8233 2.3457 0.8576 0.5736 1.9583 -0.8806 0.9543 2.0256 0.8840 0.3080 0.7997 0.0751 -0.4954 -5.7982 3.0051 26.7990 518.8666 1075.6123 1410.9650 1182.0761 1115.2876 945.4974 751.2373 853.3709 474.4408 291.1541 255.7278 32.6504 164.8577 14.2560 38.6409 0.6148 42.5984 -0.1832 4.4294 9.7605 -4.6620 -0.1837 -2.0992 -6.1095 12.1493 130.0140 1294.1387 2143.9964 2759.0175 2564.6859 2244.4706 1853.0105 1464.1572 897.0777 881.6029 430.9387 275.8874 456.2030 147.7390 155.1652 78.3225 29.8107 24.3934 49.5069 43.7057 -14.6704 -1.6972 -0.3206 -21.2938 -69.8942 0.0000 4.8558 23.3614 784.3892 985.9468 1469.4827 1093.0039 1454.5850 1317.3345 996.6323 654.4766 573.6229 240.3783 67.4439 102.3607 90.9283 71.7672 -30.1387 72.0094 -22.4030 23.8056 4.1638 -29.7782 -15.2426 -2.4091 18.4589 -14.1052 21.9126 472.1072 1371.3942 3172.4358 3542.2275 4132.7237 2789.0312 1992.7542 1607.8421 1173.0706 326.4448 562.2800 200.1947 -34.6585 197.5719 57.3904 37.4295 70.3756 36.0862 37.5526 116.1573 -15.7815 -76.8090 -20.6707 -126.8070 438.9624 300.8994 130.1469 121.4908 13.4176 -43.6517 34.2002 -1.0321 41.0937 -2.6587 29.3256 612.3571 517.8183 247.9660 134.8655 83.0511 56.6273 28.0630 -3.9787 21.2449 -6.7737 32.2052 884.8377 443.6155 385.8871 197.1226 134.7178 109.5875 62.0309 61.0741 5.1361 -6.2297 72.2267 
0.0118 2.8965 5.5637 6.9081 5.4264 7.5110 8.7395 3.5302 8.3932 3.4340 4.2359 2.3933 2.8564 2.4139 1.2936 1.6148 3.2422 0.0120 1.6648 1.3368 0.8401 0.5780 -1.0875 0.6832 -0.2749 0.9090 -0.0014 0.2606 0.8581 1.5817 1.6868 2.3972 3.7219 2.7914 2.7285 3.1164 3.8933 0.8969 1.7938 2.6935 1.8081 2.0312 0.5069 0.8090 1.5374 0.6544 1.1764 0.1361 0.5497 0.1629 0.1390 1.3096 0.0000 0.8604 1.5329 2.8040 4.3922 3.5230 4.8441 4.9198 2.8161 2.7433 4.2602 3.9193 1.0200 -1.3372 3.3983 1.0837 -0.7512 1.7768 -0.3611 -0.3418 0.2953 -1.1236 1.2632 -0.4301 -0.1204 -6.1408 0.0000 -0.0646 -0.2809 -0.3226 1.8754 1.8841 0.0368 -0.1029 0.0573 1.4836 -0.9458 -0.0094 0.4959 0.5204 -0.9931 0.2963 0.9790 -1.5429 0.3616 0.6825 -0.2250 -0.1368 0.0422 -0.7251 -1.1398 -5.2354 5.8545 15.6426 386.4125 771.4716 940.9089 917.4742 737.5625 642.2308 514.7643 564.9316 299.9438 145.0802 128.4481 -47.6158 136.3440 -34.3206 39.8639 24.4691 24.0618 -22.1000 8.8122 -3.2938 1.7700 -2.3328 -2.1627 -11.1331 13.1983 116.2100 798.1827 1453.8864 1797.9293 1696.3919 1407.7359 1078.8034 974.0250 532.9032 596.7406 250.3530 113.3482 268.9288 73.9554 135.2252 3.5313 -15.5219 -18.2942 44.3196 20.5274 -5.9544 -12.2503 -11.7867 11.5113 -35.7694 0.0000 5.8559 22.6811 372.5789 492.1671 724.5882 597.0009 731.0620 529.4132 375.0417 191.5705 206.5691 11.7773 -64.0491 28.6604 -62.0663 -7.3895 -30.4661 8.7358 -18.0345 -1.5239 -7.0709 -15.4639 -13.6121 -9.7795 5.9688 -11.9974 35.0176 276.6444 633.8039 1507.8031 1331.7722 1538.0878 1136.1890 696.6934 461.9963 216.6678 -162.4838 144.2867 -2.7828 -143.4811 -21.0860 -38.7581 -51.9709 14.8888 -2.4237 -8.8951 41.3956 -10.0048 -60.1617 -22.3205 -152.3773 258.2952 180.1840 52.1621 102.1618 11.4996 -36.3323 21.9310 -10.4830 30.0694 -5.4955 21.7888 315.0723 296.1887 135.6316 109.5161 58.9122 33.1719 6.3009 -1.3003 22.0452 2.1392 28.8325 612.7044 229.4210 219.2415 134.9243 109.4902 76.9042 29.3733 48.3863 11.7415 -1.1903 42.6548 
-0.0102 1.0591 3.3546 3.4417 3.5187 5.8745 3.5302 6.0315 2.5920 4.2034 2.9502 4.4397 2.6580 2.7064 2.0289 2.3690 1.8031 2.2532 0.9272 1.1486 0.4171 1.2037 1.7448 0.7574 0.8300 3.4480 0.0055 0.4161 0.8546 0.6963 1.0284 1.2398 1.0342 2.4852 2.0624 2.5025 1.1470 1.7568 2.0017 0.9493 1.0181 1.7866 0.9346 1.3040 0.8470 0.8433 1.1175 0.8577 0.6322 0.2529 0.4519 3.2132 0.0000 -0.0669 0.5536 0.6500 2.6682 3.0300 6.5254 3.0563 4.0496 4.1087 3.5440 3.0568 3.9765 3.7391 2.7214 2.6660 2.4931 1.7659 0.8734 1.4859 1.6330 1.4604 0.2116 1.2529 1.0304 4.1949 0.0000 0.1331 1.0290 1.0983 0.7984 1.4240 2.0775 1.9687 2.1943 0.8147 1.7818 2.2541 1.3853 2.0834 1.3846 1.2145 0.9625 1.4559 0.8338 0.9012 1.0943 0.9329 0.6826 -0.0101 0.9994 2.6856 1.6547 8.1914 262.2746 570.7160 706.6622 706.8359 645.6698 649.8309 485.5129 303.9294 237.4156 214.0826 124.6354 116.2270 19.8891 73.7290 18.1585 13.5491 7.0914 11.6492 -0.0892 2.0030 5.6825 2.9861 -1.5103 18.9164 10.5990 57.6090 681.2985 1056.1513 1310.2643 1321.0237 1124.7117 1007.9608 680.9924 610.6410 362.6093 283.9614 178.6200 121.9724 47.9202 43.1632 60.8004 61.5106 16.6382 24.9247 11.9514 23.7005 15.8244 6.4263 12.0047 2.9388 0.0000 1.2199 64.7760 354.3386 701.1218 730.4070 905.0368 841.0109 681.1576 549.0373 380.7936 281.5100 207.7424 140.5945 113.4040 80.7634 13.6251 4.5823 11.0538 2.9318 14.9748 4.8559 17.9613 0.8889 1.1075 -6.0864 7.8864 14.0921 242.6613 980.2619 1655.8649 2089.5325 1864.3744 1653.0950 1371.6726 889.8394 685.0683 597.5721 400.9103 236.7851 147.0640 106.3410 102.0010 21.6961 33.0698 8.8316 24.7540 7.5582 2.9800 31.8923 22.7692 38.6830 269.6618 176.5390 145.3652 89.4797 56.6739 35.0090 2.4218 14.4619 2.1782 -0.4774 10.4605 445.0374 287.0903 212.2135 120.6156 77.3871 30.6575 4.9788 11.7212 13.8585 20.3572 27.6532 567.2216 260.4415 204.9600 83.9597 78.9514 45.0060 20.4442 3.4452 10.1697 15.0812 30.2480 
0.0671 5.9079 6.8620 9.6360 5.7857 12.1473 8.3932 2.5920 16.7339 1.3000 6.0451 0.5186 3.8438 2.8665 2.2655 1.3304 3.7680 -2.1820 2.7675 1.7156 2.6637 0.3914 -3.7383 0.7474 -1.8077 -0.0153 -0.0117 -0.0971 1.0156 2.8454 2.5386 4.4656 6.6982 3.8021 3.3547 4.0744 8.1716 1.1778 1.6895 4.9834 3.1902 1.6155 1.1521 0.7367 2.6764 0.5716 1.0718 -0.0764 1.1005 0.2990 -0.7641 0.4594 0.0000 1.7570 2.5414 4.3755 5.4024 4.8625 3.5044 7.9399 2.0886 1.9504 5.4732 5.1301 -1.5361 -4.8571 4.3326 0.2195 -3.3403 3.9661 -0.2022 -2.1334 -0.3180 -3.8376 2.9878 -1.3326 -1.1267 -13.6728 0.0000 -0.3468 -1.0564 -2.4156 2.7265 2.2782 -2.5578 -2.5167 -2.2507 2.9024 -4.0695 -2.1626 0.0510 -0.5160 -2.0838 -0.2300 1.6632 -4.1435 -0.6164 1.8556 -0.9710 -1.3825 -0.0722 -1.0066 -2.2844 -12.1160 4.4129 22.4685 511.2401 938.3349 1155.5908 1059.8901 949.4372 672.4886 583.0315 889.4331 391.0910 98.7618 192.1632 -183.4820 297.4565 -107.4374 64.3164 51.6973 51.1936 -34.1088 14.4482 -8.3988 -6.0908 -0.4719 -1.3509 -44.3082 2.4795 164.1342 1009.5543 1851.4588 2458.7635 2202.4432 1969.3206 1415.4991 1406.1085 541.5787 1007.0275 375.3772 194.8940 530.2341 202.4770 270.2728 9.3902 -79.9200 -17.6260 49.9470 61.3213 -46.5943 -30.5953 -15.0173 -7.2991 -77.8834 0.0000 8.4043 -50.4763 433.5368 208.2300 815.9409 125.3467 747.6486 617.5584 436.0982 131.4857 311.0639 -70.8422 -231.5542 -44.3930 -110.3193 39.5574 -34.9492 37.2712 -37.3419 -6.5521 -13.1091 -58.3853 -22.6612 -7.4641 51.8614 -38.6674 41.9138 318.0107 192.7976 1362.8878 635.6909 1795.2196 837.9723 371.8557 523.3391 287.4947 -651.9864 149.1008 -70.0924 -245.9485 53.1433 -88.0543 5.9122 56.7316 33.6159 0.6540 145.3306 -21.3818 -156.6920 -65.4712 -286.0891 345.0690 309.7868 24.3746 116.9764 -35.1416 -114.3904 57.0902 -27.2936 62.9238 -1.6453 51.9748 434.4800 524.0946 202.7540 134.3676 64.4115 51.7762 41.8006 -18.6860 24.3982 -29.7384 47.5772 659.2753 343.4429 326.6183 212.6259 120.9601 104.9474 56.8073 95.0791 1.5276 -27.4762 67.5327 
-0.0286 0.1218 2.4826 2.5417 3.2338 4.2705 3.4340 4.2034 1.3000 6.9736 1.8793 4.7261 1.9360 2.5988 1.6304 2.2931 2.0603 2.7260 0.5431 0.9442 -0.2763 1.1141 2.5114 1.0568 1.0354 2.8208 0.0079 0.6778 0.5394 0.4788 0.7910 0.8729 0.5121 2.2358 2.0950 2.1484 0.0281 1.1978 2.1862 0.1281 0.6906 2.0870 0.4895 1.5098 0.8261 0.9768 1.1872 0.9160 0.3346 -0.0264 0.8927 3.7029 0.0000 -0.0976 0.0000 -0.1463 2.0660 2.0733 6.5116 1.6866 3.4930 3.6391 3.0821 2.6351 4.2450 3.5697 2.0518 2.8139 3.1689 0.9678 0.4121 1.7427 1.6607 2.0091 -0.0510 1.0954 0.9441 5.4706 0.0000 0.1209 0.9622 1.3821 0.4869 0.9371 2.3865 2.2122 2.6793 0.3604 1.9168 1.8713 1.2465 2.2558 0.6058 1.1256 1.1030 1.4343 0.8156 0.6108 1.4685 1.0415 0.4881 -0.4851 1.1342 3.6640 1.8993 9.8974 167.6937 469.8564 576.4072 637.5437 498.4666 642.6077 433.8084 249.2391 194.1436 195.1529 122.5887 146.0647 -7.2788 87.4892 14.3409 9.3233 -7.1004 10.9404 -2.7324 1.8825 9.9028 6.7163 -3.4739 18.4415 12.0041 48.3504 598.9041 826.8757 1158.5228 1207.1869 994.7303 950.1203 515.8088 623.5640 251.0644 248.7399 118.0735 78.8899 -12.2911 11.0552 60.1272 72.2979 0.1842 29.3230 -1.8771 30.6270 24.6879 2.3400 27.7500 13.5402 0.0000 0.2980 71.5794 317.3581 620.0749 591.6399 921.6202 730.2051 575.3520 449.0262 315.8445 256.2847 222.7340 115.4589 117.2912 87.3114 -22.1029 -3.4859 -12.4499 1.8516 18.5119 1.6809 36.3772 -3.4475 -2.2865 -17.6417 11.8323 10.5591 203.2224 853.1396 1521.1970 2045.6699 1568.8941 1496.8019 1263.2319 682.5174 545.0364 616.3007 352.8690 205.0414 120.5245 33.4952 83.8840 -27.5067 16.2150 1.2705 18.7414 -32.5203 7.1702 43.1591 33.8928 45.3406 237.2270 161.2929 144.9812 106.1379 74.3838 49.0804 -10.3361 12.6244 -7.2055 -2.7203 6.7310 336.0378 232.0899 187.6275 104.4635 62.1062 17.0774 -3.9469 13.0787 15.4372 33.0528 36.4113 584.8986 217.3844 181.1224 45.0304 80.1023 22.5119 2.5132 -9.5817 15.0878 24.0077 21.6054 
0.0525 2.6573 3.7123 4.7826 4.1053 6.7171 4.2359 2.9502 6.0451 1.8793 6.5860 2.4226 2.7513 2.0107 1.7659 2.2176 2.1272 0.6773 1.7668 1.0918 0.6667 0.6255 -0.7603 0.2703 -0.0371 1.6679 -0.0009 0.2377 0.9698 1.5067 1.0747 2.1114 2.8087 2.0886 2.4639 2.2394 3.8041 1.9596 1.7538 3.0037 1.6700 1.3582 0.9079 1.1927 1.5674 0.4645 1.3553 0.3531 0.7900 0.1813 -0.4858 0.7479 0.0000 0.3404 1.3425 1.7835 2.5644 4.1346 6.2831 5.9416 3.3166 4.9785 4.6829 4.3812 1.1810 2.6372 3.0558 2.5536 0.5521 3.0382 0.8626 1.0227 0.9485 -0.1907 1.2299 1.1027 0.4267 -0.9804 0.0000 0.1333 0.9354 -0.3606 1.2320 2.3171 0.6175 0.9239 0.7356 2.3846 0.8926 0.4514 1.2411 1.2627 -0.0245 0.7605 0.8853 0.1463 0.3013 1.2950 0.4012 -0.0519 0.1284 0.1251 -0.2576 -2.0851 3.1309 7.6700 309.9222 592.8107 744.5846 689.7585 706.4691 579.1702 431.3329 367.9352 273.1407 208.1280 110.1983 -8.3809 132.6664 7.6439 30.3655 15.5586 15.5039 3.8283 3.4354 -1.0433 4.3845 -0.8928 -0.9966 -10.7405 7.3028 79.3913 688.6583 1142.9440 1524.5755 1419.7668 1313.5727 959.9907 782.4945 553.9846 621.9702 262.5822 190.2180 238.4466 98.1547 139.2599 36.3739 -4.2144 7.8115 36.4930 33.3138 -13.1305 -10.3222 -1.7828 7.8204 -30.2618 0.0000 4.1339 17.3770 322.3934 495.7708 670.9173 601.6157 770.8637 614.1371 633.1371 341.9439 315.3277 185.9615 72.3541 118.7608 4.0678 43.8394 4.4508 39.4971 -19.7788 12.0952 -0.4896 -13.2214 -3.5964 2.9922 11.2032 -9.8571 41.9728 232.5498 729.6342 1481.8271 1450.6658 1702.7555 1538.8604 1233.4061 859.5579 666.3804 201.8787 404.4273 172.0671 35.7161 139.6258 79.0626 52.7927 43.1597 7.9319 37.2287 71.7800 4.8627 -23.5195 -23.0218 -53.0404 293.5147 222.2539 112.4491 82.6249 17.5735 -18.5280 27.0939 2.8465 18.5175 -2.0235 25.8036 451.9320 377.2994 211.8298 103.8289 80.7022 32.2261 22.4393 -4.4901 13.9705 -3.2188 34.9493 449.2583 223.0372 187.1851 102.2094 68.5528 57.8026 17.6855 25.3997 1.8214 -10.3307 32.8439 
-0.0118 0.5775 2.2999 2.6025 2.6457 5.2910 2.3933 4.4397 0.5186 4.7261 2.4226 7.8152 2.6561 3.4512 2.6339 2.9383 1.4327 3.2832 0.5256 1.0151 0.4017 1.6435 3.0352 0.7668 1.1026 4.2178 0.0092 0.4467 0.6725 0.7147 0.7212 1.1568 -0.0769 2.8346 2.0254 2.7187 0.2852 2.1713 2.3005 0.4023 0.7695 1.7313 1.1974 1.5783 0.6550 0.8287 1.2571 1.3873 0.6479 0.1403 0.2618 3.3101 0.0000 -0.4705 -0.1985 -1.3651 1.4483 2.1158 5.7431 1.3503 2.9778 3.3782 2.3995 1.9840 4.4208 5.0831 1.2127 2.7901 2.9858 1.1865 0.4145 1.6085 2.0099 1.8676 -0.8763 1.8589 1.1793 5.5055 0.0000 0.2422 1.1816 1.4311 0.1441 0.9886 2.3778 2.0439 2.3049 -0.2573 1.9461 2.3901 1.1635 2.6535 1.7246 0.8814 0.2021 1.9570 0.3170 0.8081 1.3743 0.7108 0.8276 0.0179 1.7474 2.9090 -0.7523 5.5397 183.9568 452.0903 579.7741 644.3019 620.6519 694.2067 510.2759 199.8828 193.3403 239.8865 115.8966 167.1003 -30.1978 123.5105 9.6116 13.9958 -1.4006 19.7710 -6.9804 3.8890 8.3394 6.7161 -2.5171 33.6810 10.8121 37.5848 648.0228 922.3842 1235.0965 1286.4896 1137.9634 1081.4454 556.3954 675.6985 275.3791 292.4059 192.0183 61.1341 17.6415 -0.2639 81.8196 92.2621 17.6332 11.6417 8.5705 29.5495 26.6464 13.0044 10.2403 -12.8432 0.0000 -0.9094 75.8253 306.4395 635.0195 511.3072 732.4496 668.3903 533.7439 452.0938 276.7190 194.7993 183.7451 143.6230 96.4491 97.0878 -9.9342 -6.5674 -11.1144 -8.7088 17.3569 6.1043 32.6740 3.8963 5.8986 -12.1664 15.4418 4.0167 194.6782 829.4934 1319.1560 1870.7904 1485.3569 1291.7992 1194.5063 597.5883 540.8501 627.6736 317.2078 141.1275 134.4364 84.1306 103.3487 -9.8265 -2.1903 -19.2000 18.1126 -15.3681 -7.8243 57.2631 33.5109 63.8739 260.9661 147.5031 159.5362 84.5034 67.9539 54.6139 -9.0137 21.6159 -9.2232 -0.8989 2.7324 421.7992 206.2346 195.5920 91.6680 73.5876 14.8332 -5.1613 9.5476 8.8138 27.8749 23.1548 554.5239 253.3191 226.2717 50.1278 72.8956 36.5403 17.3993 -16.6861 4.8670 19.6697 20.8351 
0.0112 1.3586 1.8871 3.0390 2.1260 5.6606 2.8564 2.6580 3.8438 1.9360 2.7513 2.6561 4.1295 2.1487 2.0481 1.6938 1.3116 0.9775 1.1445 1.0882 1.4053 0.9298 0.4216 0.6225 0.2569 3.2513 -0.0004 0.0476 0.6461 0.7628 0.9547 1.5239 1.6584 2.1512 1.3664 2.1536 2.2896 1.5790 1.4506 1.6121 1.1822 1.0959 0.9231 0.8994 1.0175 0.5952 0.8553 0.6177 0.8470 0.4521 0.1927 2.9074 0.0000 0.0526 0.5960 0.6935 2.1339 2.4474 4.1121 3.3151 3.0670 2.8215 3.2326 2.8849 2.9684 1.9385 2.9948 1.8211 1.1888 2.3437 1.1096 0.7226 1.3362 0.3032 0.8066 0.7367 0.6151 1.6384 0.0000 0.0255 0.7276 0.3833 0.9679 1.1771 0.7051 0.8101 1.3595 1.2172 0.6127 1.6849 1.2432 1.2617 1.4910 1.0653 1.0487 0.8954 0.5778 1.1365 0.5862 0.6402 0.7437 0.4071 0.3726 1.4813 -0.0960 5.1335 180.9647 400.0256 517.6997 495.0295 536.4671 462.1621 391.0774 332.1815 231.4074 161.6889 126.8897 50.0254 70.7690 40.3738 25.6444 23.0612 20.8659 6.1370 1.7079 1.1023 -0.0953 0.3247 0.9446 8.1992 2.9388 51.2627 493.0715 882.2382 1033.6167 1050.7554 942.4860 826.8094 710.7737 453.4663 418.0504 257.5608 202.5322 177.3689 122.1619 87.2314 53.2579 29.3498 27.3431 19.4475 27.1336 10.4360 7.9834 9.8187 1.6549 -2.5934 0.0000 1.0228 15.8083 236.6129 414.7856 552.5610 503.6119 668.8156 602.4080 457.7109 362.4845 285.4322 184.7336 97.8296 72.5813 84.1779 52.2235 11.1779 37.0605 10.3226 6.1929 5.8469 -1.7383 5.6103 3.4133 23.9041 0.0896 6.3670 178.2767 600.6760 1221.0215 1405.4887 1618.6468 1314.0258 997.1731 878.3830 701.2161 418.7802 401.8911 260.3457 155.7365 177.5415 100.6237 68.2799 58.2460 40.4410 26.9387 59.2531 9.4411 4.2797 7.2286 13.1667 230.7005 167.9242 101.2408 64.8373 21.8538 1.7708 14.5770 7.1298 14.4573 1.8913 17.2461 421.0884 292.9787 183.7195 105.1308 60.0036 34.0531 19.7269 7.3352 11.2627 1.3529 23.3699 392.7025 263.6412 187.4369 97.9875 60.0263 50.2028 31.3981 19.8016 3.8894 -0.3117 27.3879 
0.0042 1.2541 2.0694 2.7776 1.9144 4.7780 2.4139 2.7064 2.8665 2.5988 2.0107 3.4512 2.1487 3.9103 1.9709 1.7763 1.4744 1.2817 0.9496 0.9286 1.0902 0.9914 1.0548 0.7575 0.2632 2.8660 0.0013 0.2270 0.4521 0.8064 0.9195 1.3143 1.0705 2.3202 1.4739 1.9823 1.6657 1.3788 1.5305 1.1865 1.0554 1.1239 1.0105 0.8699 0.8980 0.6805 0.8041 0.7729 0.6701 0.2407 0.2016 2.7753 0.0000 0.1257 0.3470 0.3165 1.7062 2.0164 3.1737 2.1770 2.4312 2.2185 2.6722 2.3211 2.8211 1.8512 2.0259 1.7575 1.4961 1.8681 0.9809 0.7451 1.2535 0.6064 0.6573 0.8273 0.6097 2.6915 0.0000 -0.0133 0.3618 0.2511 0.7825 0.7245 0.7493 0.7794 1.4246 0.8517 0.4305 1.4773 1.0621 1.6304 1.0403 0.8890 0.9408 0.6602 0.4831 1.1419 0.8415 0.4996 0.7150 0.0596 0.8685 1.4683 -0.8302 6.8959 174.6459 379.9240 468.6440 481.0221 461.8380 457.5165 349.8622 287.3344 187.3423 142.7940 117.8434 71.9944 51.0226 51.5523 20.9828 22.1915 11.2252 11.1510 0.2083 0.4480 1.6032 4.6555 -0.8238 7.1204 2.7215 41.0720 483.8048 723.9358 987.6606 987.3188 890.2264 809.1257 575.6635 454.6293 336.0723 262.2992 183.9614 162.7544 79.5878 60.2598 68.4548 42.7751 20.4761 21.7098 19.7985 13.8059 13.9511 10.3266 4.5446 2.2753 0.0000 0.3647 21.4730 224.7446 343.1710 434.1872 415.9148 515.7135 471.6610 357.5739 238.1329 235.6002 135.2909 68.9984 63.8092 82.1498 28.1370 6.9359 14.8495 2.1327 12.3597 2.8831 9.0046 -0.0836 2.4953 15.1995 1.5174 1.0289 148.9592 440.2993 935.4404 1133.2340 1263.5052 959.6103 819.9447 636.3591 543.6037 399.5023 320.3087 197.0713 138.1129 135.8554 90.4711 50.4910 50.6752 35.2075 26.2813 28.7908 5.1209 12.6696 15.3857 24.5096 240.6015 190.4731 116.2463 77.4201 35.6928 13.2237 7.9974 7.9256 7.6129 2.1825 14.1381 421.6774 317.9861 213.5706 116.5395 61.7097 27.9247 17.6351 6.9918 11.6548 10.4518 31.0500 434.6222 247.7494 195.3256 81.2592 60.8115 35.5365 25.1288 13.5821 5.6582 6.1832 32.3957 
0.0145 1.1573 1.4275 1.6725 1.0393 4.0737 1.2936 2.0289 2.2655 1.6304 1.7659 2.6339 2.0481 1.9709 2.8470 1.3078 0.5350 1.1469 0.7245 0.7679 1.3470 0.9422 1.0338 0.5859 0.1309 2.6729 0.0004 0.0538 0.3221 0.7674 0.7656 1.2272 0.8512 1.7917 1.0445 1.6648 1.5848 1.4862 1.4170 0.8539 0.9675 0.6617 1.0774 0.8593 0.7920 0.5240 0.6093 0.7687 0.7056 0.2692 -0.0386 2.3852 0.0000 0.0415 0.2834 0.0112 1.2242 1.6990 1.8557 1.7788 1.8771 1.6112 2.0433 1.6021 2.2082 1.9738 1.5040 1.4154 1.2858 1.8146 1.0185 0.5610 1.0968 0.4794 0.4431 0.8387 0.4821 2.7300 0.0000 -0.0254 0.4841 0.0964 0.3201 0.4772 0.4128 0.5569 0.7239 0.7441 0.2414 0.8975 0.8012 1.2473 1.2762 0.5649 0.7440 0.6917 -0.0049 1.1344 0.7793 0.2701 0.6949 0.2536 1.0431 1.5889 -2.5539 3.7826 142.1653 291.7105 348.6912 366.2579 411.0877 364.1386 297.3046 224.9057 145.1018 119.0299 101.7405 62.2493 41.3746 49.8725 13.1624 24.2361 10.3356 13.0937 -1.2539 0.4182 -0.6657 5.7390 -0.2934 5.8964 -1.5158 28.6443 422.7334 583.6601 803.1250 776.2859 749.9234 683.5636 469.8843 349.9841 269.8810 227.0859 154.9179 132.8129 77.3155 45.7126 65.8514 35.8477 22.6835 7.9874 20.5572 8.6816 13.3259 13.1504 -2.6208 -0.3924 0.0000 -0.6291 10.6359 176.2652 259.1032 346.6504 265.4315 417.9698 408.6519 307.8436 195.6228 208.1998 108.0634 50.3577 38.4713 81.5546 30.0248 9.2046 14.2556 0.7508 8.0521 2.9839 4.5200 3.2062 5.6076 20.2969 0.4809 -3.7053 115.1939 336.1407 680.1337 856.3200 1066.6842 720.9611 653.6201 550.0162 486.4491 344.2532 258.6922 160.7529 140.3884 132.5944 81.1289 56.0765 38.2311 33.3693 24.9575 31.8304 1.3411 7.6395 10.8681 32.8394 169.2531 128.8411 81.7004 42.5069 20.9329 9.8589 9.2096 7.7636 6.0800 3.5296 10.3731 298.4700 214.2253 148.3531 71.1322 40.0094 16.6955 17.2656 2.0018 3.7088 5.3425 23.9224 267.1689 184.0498 153.3575 51.3489 32.8376 22.4955 21.7654 8.1600 -0.8547 1.4948 22.3326 
0.0045 0.5697 1.4344 1.9529 1.6040 3.1742 1.6148 2.3690 1.3304 2.2931 2.2176 2.9383 1.6938 1.7763 1.3078 2.7712 1.0857 1.4577 0.6348 0.7132 0.2142 0.7300 1.0524 0.4578 0.4880 2.4182 0.0032 0.3064 0.5965 0.4599 0.2992 0.7627 0.5315 1.5224 1.2548 1.5268 1.1511 1.2662 1.2337 1.0077 0.6454 1.1690 0.6597 0.9391 0.7368 0.5657 0.8475 0.5515 0.3786 0.0922 0.1255 2.0504 0.0000 -0.1828 0.2286 -0.5989 0.7005 1.4717 3.8863 1.5620 1.9352 2.4090 1.6114 1.7477 2.2465 2.7417 1.2996 1.7582 1.4632 1.3080 0.4268 1.0766 1.0403 0.7469 0.2290 0.9151 0.7906 2.7727 0.0000 0.1595 0.6899 0.5921 0.3326 0.9837 1.0651 0.9642 1.2439 0.4644 1.0917 1.3034 0.7907 1.2878 0.7561 0.8494 0.4899 1.0749 0.2974 0.7419 0.7259 0.5164 0.3949 -0.0423 0.7151 1.5561 0.5469 3.8065 103.1944 250.9252 340.6970 362.3320 379.2792 402.0903 308.0616 157.1380 147.1433 161.0578 79.1494 74.8268 28.8999 58.0063 14.3357 11.0730 6.7097 16.4632 -0.9591 -2.1004 6.3707 2.8933 -0.6628 12.7265 4.0554 27.7280 339.1489 528.5723 742.0267 782.7391 729.4868 641.2227 407.3428 426.2484 306.2794 201.8342 157.9449 104.3767 54.1653 55.2064 52.4432 36.0112 14.8023 22.4162 18.7706 15.4820 12.4483 6.8819 11.3317 -2.2610 0.0000 0.8310 33.7308 163.8600 317.1649 292.3302 390.8788 410.5011 334.7825 341.6121 223.6879 172.4685 169.1295 102.8401 86.0881 60.8003 21.8823 8.1983 11.8069 -3.6665 15.8285 2.0148 14.6738 1.8929 3.5990 3.3646 4.7310 10.6751 113.1952 396.5050 743.5411 951.2027 893.8094 892.0846 772.2492 499.6930 443.0074 388.7013 305.3343 161.7597 120.2923 118.4719 86.0663 42.5482 28.3891 7.0213 23.4474 24.0319 3.6559 27.7787 15.7349 34.9941 187.4211 134.8477 112.2772 61.2109 39.2329 22.4299 5.1988 10.8150 0.0930 0.4625 11.4484 343.0037 228.7086 170.8006 89.3253 65.7658 21.3189 7.7720 4.4794 9.7659 8.0763 26.1446 292.7563 156.1682 121.5299 41.7116 41.5214 27.6068 8.8370 -3.8372 3.6386 3.7922 13.3615 
0.0029 1.0992 2.0500 3.1087 2.4795 3.6404 3.2422 1.8031 3.7680 2.0603 2.1272 1.4327 1.3116 1.4744 0.5350 1.0857 3.1473 0.0989 0.8729 0.7084 0.2404 0.2560 -0.3619 0.4684 -0.0077 0.7089 -0.0005 0.2301 0.4583 0.6060 0.7045 1.0443 1.7294 1.4031 1.3692 1.3995 1.8942 0.3790 0.8360 1.5586 0.8648 1.2363 0.1892 0.5079 0.9022 0.4420 0.6944 0.0362 0.2734 0.0604 0.2982 1.2333 0.0000 0.3609 0.6633 1.0687 1.7763 1.6239 3.3515 2.5931 1.7283 1.9288 2.3507 2.3464 1.0724 -0.0899 1.9454 1.0203 0.1164 1.1366 0.0707 0.2732 0.3253 -0.2002 0.9169 -0.0946 0.1195 -1.4717 0.0000 -0.0102 0.0640 -0.0526 1.0727 1.0535 0.2410 0.1822 0.6285 0.9130 -0.0799 0.4715 0.4674 0.5193 -0.5146 0.5222 0.6745 -0.3465 0.4525 0.5051 0.1681 0.1759 0.0221 -0.4216 -0.5195 -1.3559 3.1857 7.8161 138.3698 312.2189 398.5748 397.1083 318.2300 311.6579 236.6360 262.1233 147.8160 84.5594 74.8281 -7.0965 71.7490 -9.0626 22.0471 12.9274 12.4223 -4.6887 5.0497 -1.8599 3.0317 -0.1145 -1.0770 -5.3240 5.7718 52.2374 335.7356 616.7462 822.6126 807.1045 688.0405 542.6564 476.0263 311.7786 337.2163 144.3808 77.6580 153.6316 48.3052 83.0513 14.5170 -3.4251 -2.3150 31.3609 12.7236 1.0450 0.2625 -6.1908 13.2715 -6.6201 0.0000 2.8774 10.3102 172.3448 227.9070 339.3117 335.2876 382.6981 293.4497 240.6668 147.8523 148.8482 78.5227 1.2620 42.8756 -5.9582 10.5962 -4.6854 10.4974 -3.7889 6.8514 -2.8950 -1.4965 -6.9950 -4.8331 4.8837 -5.6847 18.7856 125.9844 302.1309 803.9116 791.1973 864.3610 750.8406 521.5483 379.6794 251.0547 54.0921 187.6268 84.4060 -13.1284 33.9489 7.6931 3.2216 24.1565 10.7000 7.1186 28.8357 4.3405 -21.3378 -4.2051 -51.5879 161.2697 133.5640 56.4688 67.8590 18.0340 -12.3029 10.6893 -4.4068 13.2077 -1.7744 16.0159 248.5078 235.3258 124.7732 88.4784 46.3676 24.9159 7.7916 2.0848 14.4543 2.8743 24.8586 309.8714 124.7955 105.4196 64.8576 56.6171 33.8089 11.3749 20.1127 6.9709 0.1683 22.3876 
-0.0157 -0.7841 0.1261 -0.4713 0.7482 0.7253 0.0120 2.2532 -2.1820 2.7260 0.6773 3.2832 0.9775 1.2817 1.1469 1.4577 0.0989 3.6924 -0.0299 0.3584 -0.1907 0.9415 2.5006 0.3389 1.0849 2.6022 0.0074 0.3440 0.1970 -0.1409 0.0341 -0.1321 -1.0431 0.9032 0.6634 0.8192 -1.2761 1.2987 1.3829 -0.4763 0.0051 0.9028 0.5468 1.0771 -0.0020 0.4457 0.7016 0.8659 0.2610 0.0878 0.3540 2.3691 0.0000 -0.5984 -0.5413 -1.2542 0.0245 0.7816 3.0866 0.2462 2.1173 2.6555 1.3139 0.9981 3.3452 4.7441 0.7379 2.2324 2.9727 0.4790 0.8465 1.8763 1.4940 2.3057 -0.6677 1.6537 1.1238 7.2902 0.0000 0.2110 0.8904 1.3001 -0.5093 0.4544 2.1912 2.1976 2.1709 -0.0174 2.5403 2.3182 1.1700 1.9128 1.9542 0.9073 0.3861 2.4391 0.7057 0.4110 1.2759 0.9999 0.6105 0.5228 1.5805 5.5713 -0.8916 -2.0970 22.8622 104.3455 131.8507 208.2229 211.2618 295.2618 210.0942 -35.4336 61.7082 145.8483 36.8098 135.8232 -67.7556 87.1547 -5.9031 2.0546 -9.6506 17.7502 -4.0384 5.5474 5.7875 4.4133 -1.1913 26.1734 7.3101 -7.3180 211.0256 220.8506 290.9090 380.4463 351.0187 409.7656 136.9493 354.4914 25.0359 131.5710 98.8278 -44.7355 -16.4270 -39.0832 54.0331 71.8887 20.5947 6.0585 -8.5525 29.2113 22.1993 11.3096 8.7759 20.8324 0.0000 -2.0410 53.0835 101.9339 408.9968 234.1374 555.2219 386.5618 327.6377 311.4028 250.8066 151.8221 180.9559 181.6188 106.0802 99.7075 1.5867 16.0102 -5.3999 10.0501 12.1077 6.2665 31.4468 6.9940 4.9114 -16.0525 15.5291 -1.1960 69.0486 572.0797 718.6790 1275.5847 850.7453 973.5659 998.0685 566.5556 501.9239 692.5594 312.4967 218.3186 203.4751 93.3929 111.4849 25.3541 6.6845 0.6231 24.3206 -31.7601 12.5245 68.1661 33.0809 116.4340 146.5239 76.7032 121.8285 44.5957 57.4751 64.6508 -9.2177 17.6291 -15.0092 0.3747 -5.9674 285.7780 133.3599 147.3074 77.4996 56.8684 12.7766 -0.7145 14.0663 4.1509 26.7017 18.0211 253.1003 114.9837 90.8961 7.1959 32.0292 8.5235 2.2091 -24.0293 4.2507 16.7388 7.1719 
0.0239 1.0919 1.2155 1.6889 1.3744 2.6921 1.6648 0.9272 2.7675 0.5431 1.7668 0.5256 1.1445 0.9496 0.7245 0.6348 0.8729 -0.0299 1.5304 0.4073 0.6085 0.2230 -0.5209 0.2453 -0.1104 0.8410 -0.0023 0.0702 0.2342 0.5754 0.5534 0.8292 1.2936 0.8212 0.8108 0.7143 1.6863 0.6730 0.6662 1.2770 0.7524 0.4328 0.3765 0.4001 0.7099 0.2020 0.4595 0.1432 0.3930 0.1482 -0.0597 0.8356 0.0000 0.2535 0.5175 1.1426 1.1403 1.6112 2.0270 2.5653 1.5020 1.9418 2.1684 2.0367 0.6470 0.6083 1.7293 1.0662 0.3181 1.5439 0.8223 0.4490 0.5043 -0.0618 1.0282 0.3631 0.1423 0.4845 0.0000 -0.0222 0.1637 -0.3334 0.6604 0.7758 0.0066 0.3142 0.4812 1.3598 0.2591 0.2979 0.7496 0.5936 0.2365 0.5695 0.7725 0.1498 0.4903 0.7591 0.2681 0.1624 0.1942 0.2778 -0.0965 0.1367 0.7125 3.4158 112.8816 215.5697 264.4416 230.8277 226.5359 174.6866 137.7100 183.0116 118.0809 65.9612 57.3488 -9.1951 70.1857 -5.8427 16.9035 7.0385 8.2492 -0.2566 2.8871 0.9136 -0.1479 -0.5169 0.1531 -9.4309 1.3760 27.4567 224.5646 387.2410 514.4857 490.7814 445.6293 333.8212 331.8110 198.9713 249.6312 114.6833 89.7627 121.0687 64.2576 67.6817 20.8190 -1.8509 9.7866 19.3243 15.0248 -4.4598 -3.5818 1.4453 2.3369 2.1705 0.0000 1.4722 -6.5696 109.6082 130.1031 269.5955 211.0561 303.2988 285.5783 254.6348 180.3876 176.4558 95.5131 43.5519 56.7053 26.7703 34.6870 10.8567 26.1905 3.3655 4.6254 1.9356 -7.3172 -1.0730 1.0507 13.8132 -5.3203 10.3227 81.0416 224.9669 546.6530 514.0672 742.2669 649.9233 503.2643 475.3891 375.9679 148.1376 230.8776 148.6421 67.1567 104.2382 55.4211 48.5657 44.5001 33.4624 23.9341 38.2926 12.9626 -12.9749 -7.1966 -8.1076 144.4162 124.4350 52.9166 44.4129 6.4083 -9.7018 14.7877 -0.2009 10.9326 0.5541 13.4806 246.8128 225.8979 125.9202 68.1037 36.6343 21.9601 20.4111 2.3740 8.9749 -1.1192 22.0099 193.4151 120.4173 84.9612 57.3170 32.2337 24.0499 11.7676 18.9239 2.7148 -4.8741 20.4371 
0.0003 0.6052 1.0427 1.5720 0.8625 2.0990 1.3368 1.1486 1.7156 0.9442 1.0918 1.0151 1.0882 0.9286 0.7679 0.7132 0.7084 0.3584 0.4073 1.5299 0.5830 0.2813 0.1765 0.3244 0.1179 1.3858 0.0000 0.0369 0.4276 0.2842 0.3796 0.6537 0.7285 0.9764 0.6037 1.0697 1.2114 0.5576 0.7789 0.7468 0.5358 0.5775 0.4013 0.4175 0.5079 0.3355 0.2951 0.1618 0.3537 0.2176 0.2608 1.4950 0.0000 0.0904 0.3893 0.3143 0.8571 0.8662 1.4299 1.2419 1.3433 0.9870 1.3077 1.0704 1.3112 0.5083 1.2811 0.6813 0.6326 1.0107 0.4994 0.2722 0.5934 0.1523 0.5184 0.1705 0.2854 0.9806 0.0000 -0.0101 0.2047 0.1701 0.4932 0.5070 0.3527 0.2873 0.6370 0.5157 0.2127 0.7876 0.4660 0.4316 0.5131 0.6740 0.6417 0.2444 0.3287 0.5598 0.2798 0.2940 0.3099 -0.0428 0.1329 0.9549 0.0408 1.9709 77.4289 173.6013 223.1584 202.3741 222.2156 196.7622 154.4085 141.0955 88.9506 49.9234 60.6569 24.8552 34.1858 16.8375 12.1110 14.5116 8.9759 4.4797 1.3006 -1.0833 0.6730 0.8525 0.6886 3.1839 -0.5910 27.0666 221.6187 375.7547 452.5198 443.6243 402.8572 348.5176 291.5010 185.4954 192.2513 130.2202 96.9942 82.0341 60.2137 48.1701 22.9871 13.1880 14.0080 6.4412 15.4083 2.9937 5.8573 1.6941 4.6222 3.3450 0.0000 0.6062 9.3926 104.4721 151.0500 235.0124 210.1022 274.0105 241.1120 186.5149 140.9068 115.7719 85.9096 26.9387 25.8544 30.7794 24.5009 10.7009 15.5232 6.6044 4.5960 1.2976 -0.3294 2.0455 1.4714 9.9620 -1.6295 4.5309 78.6024 256.2489 504.4346 579.0571 643.9321 535.9897 420.5173 381.7621 315.4887 181.8435 188.0702 130.2945 82.3170 72.7492 42.8267 39.9624 32.7396 18.6688 16.5752 30.6028 5.9953 1.5437 5.3602 8.4507 99.3431 89.0528 53.1415 34.8512 14.4999 -0.1348 5.2031 4.0371 5.6585 2.6477 14.3308 209.7126 158.7993 102.3297 56.2062 29.0297 19.8536 12.0272 4.0999 5.1573 -0.7951 14.0317 176.4446 125.7862 84.1962 49.5542 28.5074 17.8068 14.8520 7.3439 2.5998 2.9008 14.9177 
0.0194 1.0650 0.5932 1.1588 0.0960 2.9046 0.8401 0.4171 2.6637 -0.2763 0.6667 0.4017 1.4053 1.0902 1.3470 0.2142 0.2404 -0.1907 0.6085 0.5830 2.8951 0.3750 -0.2207 0.3248 -0.3394 1.3224 -0.0040 -0.2165 0.0425 0.5367 0.6858 1.0098 1.1047 1.0559 0.2451 0.9437 1.8181 0.6606 0.7831 0.8929 0.7896 0.0311 0.6878 0.2355 0.5535 0.1748 0.1455 0.3054 0.5987 0.3269 -0.0521 1.4555 0.0000 0.2547 0.4461 0.7525 1.0873 1.0827 -0.2584 1.7135 0.8921 0.2432 1.5338 1.0280 0.8622 -0.2488 1.3399 0.3633 0.0821 1.5612 1.0389 -0.1920 0.4882 -0.3148 0.9042 0.0451 -0.0408 0.1968 0.0000 -0.1556 -0.0493 -0.4475 0.5212 0.1011 -0.4722 -0.3402 -0.0130 0.8469 -0.6773 0.4794 0.4554 0.2863 0.9716 0.3494 0.7618 0.0425 0.0653 0.9123 0.2447 0.0464 0.5519 0.4859 0.2572 0.4205 -2.5443 1.5650 82.1927 140.3632 148.9725 141.6937 196.8471 102.6146 121.9069 193.5146 84.4050 20.1260 72.6411 -4.5281 55.7289 -2.3359 12.2379 26.0130 17.2552 0.8298 3.0307 1.8904 -5.9482 2.8435 1.2520 -5.0172 -5.2617 20.8355 205.5835 320.2552 384.0492 347.8766 360.9327 321.5234 351.4665 112.5199 197.2495 137.3457 106.5625 132.0635 97.9554 54.6182 37.3828 3.1349 24.7723 2.9103 17.7871 -3.5089 5.6536 8.0387 -11.1996 4.8555 0.0000 -0.3767 -22.4901 73.3170 35.0425 199.8981 -12.4299 213.4346 264.4158 141.7876 117.5818 155.7059 36.2645 -4.2005 -11.2965 53.7332 45.3994 14.5124 22.4794 11.2741 -1.1644 1.4267 -11.4330 2.2329 2.8783 30.7344 -7.1457 -8.7487 62.6606 84.7097 317.4139 314.1075 713.2582 319.1615 259.8710 431.8466 365.4805 131.2720 178.2470 141.5987 102.5674 123.0881 38.7528 72.3827 43.9260 50.6593 17.9796 49.4246 9.2069 -20.5943 -3.7258 5.8472 95.3095 83.5260 20.1864 18.0684 -5.8483 -14.9846 15.5469 -1.8529 14.2740 4.8301 12.4551 199.6524 173.6071 90.8012 56.9309 19.1611 21.3533 25.0385 1.1452 1.9661 -6.5574 16.6883 105.1525 135.5238 106.4842 60.9481 23.2049 21.7802 29.8687 21.9476 -4.0184 -5.5711 23.5654 
