0.0519 0.1082 0.1170 0.0907 0.0281 0.0436 0.0133 -0.0124 0.0675 -0.0290 0.0528 -0.0112 0.0109 0.0042 0.0145 0.0045 0.0030 -0.0157 0.0239 0.0003 0.0194 -0.0065 -0.0331 -0.0052 -0.0171 -0.0174 -0.0001 -0.0024 -0.0020 0.0332 0.0069 0.0259 0.0337 -0.0009 0.0106 -0.0101 0.0618 0.0145 0.0113 0.0398 0.0147 -0.0160 0.0057 0.0090 0.0223 -0.0096 0.0095 0.0011 0.0084 -0.0045 -0.0197 -0.0309 0.0000 0.0200 0.0583 0.0582 0.0167 0.0458 -0.0065 0.0684 -0.0228 0.0281 0.0162 0.0286 -0.0566 0.0025 -0.0096 0.0131 -0.0194 0.0332 0.0124 0.0022 0.0023 -0.0221 0.0284 0.0118 -0.0109 -0.0290 0.0000 0.0010 -0.0008 -0.0316 0.0054 0.0179 -0.0304 -0.0165 -0.0227 0.0359 -0.0099 -0.0427 0.0000 -0.0058 -0.0214 -0.0068 0.0039 -0.0078 -0.0120 0.0215 -0.0010 -0.0239 -0.0079 0.0140 -0.0111 -0.0538 -0.0307 0.0423 4.0506 4.6252 3.6970 2.5892 4.5153 2.1398 1.5204 3.0861 2.3125 1.5071 1.2629 -0.9873 2.9285 -0.4575 0.4633 0.2026 0.1225 0.1166 0.0140 0.1159 0.0083 0.0527 0.0025 -0.6447 -0.1143 0.6717 6.2488 5.7151 9.8989 6.6801 8.1393 2.5836 2.9434 2.7649 6.7477 1.4992 2.3725 3.4496 2.2728 2.3551 0.7413 -0.7536 0.3040 0.4343 0.6316 -0.6858 -0.2349 0.0619 -0.0504 -0.3160 0.0000 0.0590 -0.5060 1.7485 -2.9290 0.2895 -5.6826 -0.7490 0.0836 3.6503 0.5700 3.1133 1.6224 0.1163 0.9215 0.0917 1.1682 0.5223 0.7058 -0.1429 0.1774 0.0660 -0.3632 -0.0543 0.2099 0.6970 -0.3247 0.4265 1.6401 -1.3446 -2.0678 -11.9792 -2.9605 -2.4932 -1.2683 1.4251 3.6550 -3.2088 3.6978 1.3086 0.6495 3.2029 0.9939 1.8291 0.8112 0.8232 0.9985 1.4433 0.4756 -0.9133 -0.8063 -0.5697 1.5476 1.7519 -0.1450 0.2797 -0.4905 -0.7953 0.5787 -0.1536 0.1952 0.0183 0.4099 1.4754 3.1029 1.0828 -0.0865 0.2996 0.0378 0.7313 -0.2879 0.0401 -0.3383 0.6506 -1.3538 0.6037 0.8755 0.4660 0.0461 0.1733 0.0281 0.3392 -0.2690 -0.5488 0.2963 
0.1082 22.9503 20.5322 17.2556 6.8364 10.8268 6.9132 1.9413 12.6926 0.2516 5.2461 0.9822 2.6900 2.4997 2.2225 1.0279 2.4704 -1.9382 2.1915 1.2700 2.2013 0.4852 -3.2749 0.2602 -1.9356 -1.0207 -0.0086 -0.7548 0.2488 3.5777 2.2632 4.5497 5.6256 3.1854 3.2657 3.4394 7.2510 0.7864 1.4405 4.1009 2.7083 0.9542 1.2303 0.5056 2.0712 0.0464 0.7661 0.3785 0.8199 0.0424 -1.6825 -1.7651 0.0000 4.4082 6.0940 8.9965 8.5976 4.7128 0.2792 5.5765 -1.4395 -0.0476 1.5340 2.4785 -4.3370 -5.5597 0.0481 -1.3518 -4.7631 2.0290 -1.8882 -3.3957 -1.0700 -4.7187 1.4076 -0.9930 -1.7323 -16.8023 0.0000 -0.3475 -3.1082 -2.5871 1.6427 1.6464 -3.4745 -3.8216 -4.0206 0.8925 -5.0349 -4.2124 -1.4663 -1.0032 -2.8220 -1.6038 -0.4396 -4.9271 -2.3487 1.3416 -1.6077 -2.5502 -0.6903 -1.3857 -1.9764 -16.1659 2.9420 23.7824 721.4925 1056.3826 1231.7876 1078.3743 982.4035 687.5148 563.4192 763.7641 302.6112 65.5455 122.2156 -191.2917 253.8395 -83.9045 56.9486 39.4005 36.2631 -37.7152 5.1250 -6.3071 -5.1076 -0.4365 -3.0121 -36.4621 5.1408 160.8166 1054.1633 1753.3144 2332.3166 1989.0353 1744.0871 1188.6341 993.6407 405.7544 774.8183 288.9091 142.9044 409.6276 146.3960 212.5532 1.6151 -54.4579 -28.3506 31.0760 59.7723 -54.2539 -36.8182 -9.5867 -21.1979 -123.3337 0.0000 10.5493 6.2253 529.9368 151.3105 549.8886 -292.8055 310.1420 140.7552 82.5089 -246.7745 -18.8728 -311.3450 -322.6307 -115.0663 -182.1097 -17.8943 -62.5498 -0.0597 -59.1175 -12.1410 -6.4522 -55.3556 -21.5939 0.8201 35.1058 -32.2729 35.4367 306.7977 -128.2794 337.5897 -755.2077 207.3778 -687.8490 -821.0367 -692.2841 -511.2925 -1199.5178 -273.5272 -460.9657 -423.6231 -61.3976 -135.6344 -89.1953 -3.5551 -24.9361 -4.7679 110.0486 -42.1006 -157.6291 -74.1278 -324.4026 319.7857 276.4437 16.8423 99.0554 -46.1991 -115.4206 48.0525 -17.8244 49.0593 -5.1845 42.4536 287.2009 369.4882 122.4231 37.3563 41.1534 21.4420 25.2783 -27.0554 18.5931 -25.4959 30.4673 488.8793 215.1852 256.8503 113.9257 63.5603 77.0516 39.1778 76.3255 -6.9015 -27.2289 42.2913 
0.1170 20.5322 50.8844 25.0830 14.8215 11.8918 10.0763 6.9271 10.3239 5.1658 6.4603 5.2492 3.1423 3.9478 2.8987 2.8776 3.2531 1.1897 1.9101 1.9133 0.7522 1.0523 0.0053 0.6595 -0.4490 0.8765 0.0045 0.7052 2.5566 4.0440 2.9173 4.3459 4.4861 3.7335 4.6885 3.9653 5.5167 1.3908 2.8737 3.0985 2.3866 2.4568 1.4886 1.5524 1.9106 0.6702 1.4791 0.8365 0.5166 -0.1958 -0.7230 0.3973 0.0000 4.1009 11.3402 13.8148 12.5505 10.0507 6.4816 5.3947 1.6451 2.1887 1.1672 2.2022 -1.7653 -1.6783 -1.2617 0.2561 -1.6551 0.4667 -1.9998 -1.4313 -0.1846 -2.0746 0.5837 -0.0505 -0.5248 -9.1412 0.0000 0.4768 0.0421 0.7455 2.0308 2.6351 -0.1770 -1.0840 -2.1471 0.0326 -2.1277 -2.3446 -1.3261 0.1592 -2.2799 -0.7012 -0.4120 -2.7606 -1.8615 0.9603 -0.4770 -1.8415 -0.4748 -1.7083 -0.2680 -10.6249 5.5654 32.9557 1200.9222 1776.6937 1907.6423 1789.6167 1566.5350 1313.8820 974.7758 781.9766 404.5441 248.1756 174.9060 4.1087 175.7793 13.9005 48.6213 46.4337 22.9274 -9.0738 4.7706 -6.4599 6.7958 7.9308 -5.5469 -5.3105 16.1599 211.2330 1846.6257 2514.2741 3126.7152 2679.6784 2195.2843 1561.1203 988.2636 787.4471 741.2004 399.9466 204.3479 328.6247 83.7195 162.8432 66.1882 20.0261 -22.6871 52.6391 45.9932 -13.3897 -3.2528 -6.2636 7.2412 -83.2794 0.0000 13.5995 177.2603 965.2846 1064.2102 1121.9708 669.5859 779.6401 319.0100 296.2091 -216.2445 -40.3503 -239.4984 -212.0770 -51.1707 -164.7866 -69.8544 -46.6189 -48.7339 -53.9126 11.1904 -6.5526 -7.1047 -23.4141 -0.6902 -8.5092 -13.2578 54.8662 609.4290 1095.9896 1390.2532 595.7223 409.4018 -275.0301 -356.8801 -859.3157 -654.2799 -807.0500 -243.6442 -459.9052 -327.8513 -130.4204 -88.0210 -99.4211 -36.8990 -63.2574 11.0106 21.4705 -40.1158 -80.9810 -33.9250 -206.6025 355.6413 248.4652 93.2199 117.9681 20.7912 -37.9285 25.1871 0.6581 14.9525 -5.4872 27.1840 264.2037 288.5429 142.4714 64.3449 75.9716 14.8645 -1.8092 -19.8028 16.5255 6.9338 45.7786 856.6278 283.8955 325.7322 105.4374 100.5984 72.9652 26.3454 36.0123 0.1545 1.4795 44.3541 
0.0907 17.2556 25.0830 27.1381 10.6772 12.3203 10.2507 4.8523 13.7511 3.5044 6.7900 3.5952 4.4514 3.9337 2.6216 2.7060 4.2137 -0.6962 2.4934 2.2947 1.8651 0.6428 -2.2890 0.7818 -1.1168 1.2958 -0.0042 -0.0702 2.1418 3.2615 2.4680 5.1713 6.0560 4.3788 4.1211 4.9679 7.7957 1.1315 2.2161 4.8568 2.8133 2.4619 1.2370 1.1090 2.6814 0.6797 1.4727 0.3184 0.8595 0.1229 -0.5633 0.8673 0.0000 3.7598 7.2946 8.4435 9.5163 6.0361 3.5524 6.0437 0.7221 1.0456 2.1568 3.6920 -1.2152 -4.5679 1.7661 -0.4601 -3.5254 1.8697 -2.1418 -2.3945 -0.2319 -4.0606 1.6759 -1.2716 -0.9019 -15.1016 0.0000 0.1543 -2.4319 -0.5253 2.3824 2.7021 -1.8481 -2.7417 -1.8684 0.8142 -3.8133 -1.9332 -0.8990 -0.7470 -2.2749 -0.5570 0.2571 -3.6996 -1.6722 1.3421 -1.3436 -1.6326 -0.3885 -1.8786 -2.1709 -13.3485 5.7777 24.5612 825.2193 1360.2679 1603.3632 1512.2916 1377.7789 1138.5575 922.7003 928.2617 478.5100 221.0398 220.3276 -101.4059 267.0028 -36.5648 74.1432 65.3557 50.2486 -23.8048 9.4728 -13.1581 3.6401 -0.4786 -2.1452 -14.0264 9.9265 213.3232 1418.4340 2422.0119 2974.5781 2719.9130 2317.4235 1685.8427 1422.8959 798.5263 1058.9046 458.2770 304.4692 470.6014 217.5191 275.9662 28.9428 -35.0215 -13.9800 59.9938 72.5291 -24.1304 -18.2494 -11.0067 7.9015 -102.5280 0.0000 12.4866 64.5099 665.9814 573.8317 885.7887 290.6277 752.8335 425.3513 320.6402 -9.2688 95.1227 -127.7754 -229.7530 -60.4252 -151.2534 -4.6831 -46.2958 2.3508 -42.2093 -1.9117 -10.9566 -32.2640 -18.5087 -2.3598 35.9579 -24.0157 52.6709 470.5801 508.4972 1280.3541 366.2302 904.8987 252.6099 -187.6968 -261.4503 -228.6546 -823.3167 -4.0427 -272.8613 -301.0759 -3.0725 -93.3399 -54.3386 14.1282 -25.5133 -6.0913 121.0842 -29.9835 -117.6486 -46.9175 -294.1019 373.6003 317.9341 74.1694 135.6521 -9.3184 -93.5699 40.0862 -14.8447 45.7604 -5.3674 51.3926 414.6672 433.4110 180.7534 102.8640 82.6334 38.5488 14.4531 -19.6111 27.9724 -23.7203 40.6344 801.8799 418.4918 365.8356 183.0285 125.6524 110.6860 53.0014 67.9147 1.3146 -18.8563 42.7388 
0.0281 6.8364 14.8215 10.6772 11.9133 8.2230 6.9057 4.7099 5.9360 4.5689 4.6783 3.6430 2.5856 2.3952 1.2222 2.1213 3.0095 1.3882 1.5175 1.1092 -0.1256 0.7412 0.1058 0.4898 0.4685 1.2993 0.0039 0.6615 1.6036 1.5968 1.8243 2.1266 2.7275 2.0572 2.9471 2.4331 2.1512 1.1733 2.0347 1.9905 1.3531 2.0809 0.4143 1.1281 1.1242 0.5865 1.3811 0.3359 0.4201 0.0623 0.2145 1.2585 0.0000 1.3382 4.0933 6.9119 6.4810 5.8534 9.1790 5.8728 4.0624 5.3322 4.4427 4.4090 1.8134 1.9205 2.8233 2.3551 0.7797 1.4219 0.0694 1.0193 0.7810 0.4598 0.6614 0.5992 0.2550 -1.4986 0.0000 0.2940 0.9329 1.1041 1.5697 2.4033 1.6401 1.5777 1.3282 1.4598 1.2846 0.9010 0.9185 1.3354 -0.2994 0.4789 0.7095 0.0488 0.8390 0.4556 0.3559 0.2224 -0.0220 -0.2974 -0.4758 -2.1047 6.4711 14.7918 507.3943 919.1959 1070.0807 1026.6327 836.8070 761.2056 559.7514 447.3628 301.7352 223.2689 111.1267 29.9447 75.0498 2.6973 25.0809 7.6493 10.2358 -9.7858 6.6946 2.7405 5.6528 -1.7376 -3.1380 -1.0054 19.5524 109.5537 955.4239 1506.9107 1789.0427 1667.4270 1328.9404 999.5519 776.1002 609.9771 466.4810 208.7747 92.3595 164.1005 15.5501 78.4039 17.6322 15.4829 -10.0245 47.5344 3.2550 6.2391 -4.9423 -10.1474 15.2283 -18.5408 0.0000 6.2615 82.4294 515.7487 882.6204 953.2782 1060.7972 926.3315 647.9381 541.6611 298.9378 229.1698 91.1652 56.4714 100.4782 -37.3120 -18.6262 -18.4687 2.3523 -13.2463 7.1416 -3.2007 2.1382 -11.6431 -7.8864 -21.3188 -1.2992 42.6362 362.0334 1201.5343 1980.6599 2053.6919 1738.5003 1528.6611 1122.9628 546.3930 289.2697 114.4938 211.0440 29.8769 -86.5025 -21.1161 3.1211 -53.4943 -4.7148 -20.2264 8.1761 -2.7244 0.3408 -19.8265 -11.2229 -78.4605 291.0625 194.4128 103.5598 92.7808 32.8354 2.1746 11.0837 -1.3784 11.2880 -8.1459 7.2834 316.7144 285.4085 144.4544 100.3934 66.7497 24.5723 -5.4878 2.5062 18.5980 16.7329 24.1014 740.0286 284.7001 232.3033 119.0676 107.7368 65.2705 17.7038 25.0166 13.1947 6.6414 36.4411 
0.0436 10.8268 11.8918 12.3203 8.2230 31.7226 8.1448 6.3233 12.2700 4.6623 6.9048 5.8122 6.0463 5.0850 4.3526 3.4118 3.7443 1.0175 2.7931 2.2384 3.0236 2.1025 -0.1517 1.2699 -0.1669 4.9144 -0.0017 -0.4330 1.2738 3.1515 3.3110 3.8786 5.0156 5.1108 3.9360 5.2772 5.7740 2.8117 3.3092 3.5363 2.9090 1.9162 1.8392 1.6104 2.1353 1.1032 1.3213 1.0153 1.5904 0.6837 -0.4371 4.0251 0.0000 2.0906 3.7258 6.5231 9.6809 9.0003 17.8311 11.0451 6.9317 8.3943 8.2317 7.5838 3.8227 3.3991 6.2659 3.7075 0.9042 5.9958 1.6383 0.1314 1.9989 -0.3864 1.8006 1.0332 0.2437 -2.2624 0.0000 -0.0951 0.7376 -0.0332 2.8479 3.1095 0.9785 0.7670 1.3523 2.6204 -0.2402 1.9965 2.0046 2.5574 1.1879 0.7507 2.0537 -0.5429 1.0821 2.1055 1.0107 0.4743 0.9094 0.1754 -0.3327 -5.0069 2.9448 27.3345 566.9219 1159.9811 1504.0131 1267.8950 1202.7805 1021.8513 814.3979 888.7047 509.1000 321.1147 273.8527 54.2442 164.6880 25.8726 40.5260 2.4991 44.4247 2.1809 4.6480 10.6889 -4.5480 -0.1370 -1.9065 -2.5648 13.0106 137.0247 1393.3205 2286.2609 2888.0673 2692.9875 2341.8784 1943.5328 1534.2330 959.1060 907.3492 461.6404 303.0627 463.1832 160.5471 156.8171 87.8054 39.2649 30.1287 51.4569 44.8091 -9.8861 1.2826 1.8481 -20.9651 -65.0475 0.0000 4.9548 35.1063 831.9809 1088.7124 1567.7891 1209.7036 1552.7817 1399.4450 1053.9095 708.7253 605.2841 268.0285 94.7126 114.9958 106.7604 77.1988 -26.2088 75.1925 -17.9610 24.9156 5.8276 -27.4637 -13.7541 -1.7913 18.9416 -12.1863 21.8822 512.2476 1536.0991 3378.2169 3794.1611 4335.6223 2969.6859 2132.9078 1715.8792 1256.5936 416.5507 610.6584 239.7515 -1.9617 219.4347 74.3352 46.8221 76.2685 41.4066 41.5979 116.4042 -13.0800 -69.9446 -16.4951 -112.1627 462.5397 313.8179 144.2543 125.9789 18.4321 -37.8304 33.9850 1.1785 40.4196 -2.3673 29.0301 655.0734 538.8685 265.2196 145.2947 89.0490 59.7363 28.5214 -1.8895 21.9620 -4.9232 33.2234 934.0089 476.8306 404.5290 205.9779 140.2963 113.7840 65.4959 60.5498 5.9278 -4.5334 74.9658 
0.0133 6.9132 10.0763 10.2507 6.9057 8.1448 9.4296 3.5619 8.6722 3.6051 4.2647 2.4902 2.9552 2.5538 1.4066 1.6391 3.3312 0.0353 1.7310 1.4141 0.9470 0.6105 -1.0442 0.7518 -0.2589 1.0939 -0.0016 -0.0046 0.7717 1.7144 1.8220 2.6543 3.9151 2.9442 2.7747 3.1763 3.9502 0.9314 1.8552 2.7237 1.8797 2.0753 0.5509 0.8295 1.5936 0.7010 1.1956 0.1469 0.5994 0.1994 0.2260 1.5864 0.0000 2.2714 3.0962 5.4657 6.5174 3.7793 4.9193 5.1026 2.5460 2.8632 4.4270 4.0623 1.1350 -1.3911 3.6200 1.1424 -0.6278 1.8808 -0.2111 -0.2875 0.3750 -1.0551 1.3885 -0.4496 -0.0985 -5.7782 0.0000 -0.1571 -1.1602 0.0134 1.8934 2.0058 -0.0790 0.0211 0.1950 1.5877 -0.9195 0.0842 0.5788 0.5692 -0.9103 0.3949 1.1148 -1.4905 0.4472 0.7475 -0.1705 -0.0659 0.1002 -0.6983 -1.0940 -4.8469 5.7781 16.1940 409.7039 814.1499 982.3693 955.2473 771.2227 669.0893 536.2637 592.2514 316.0434 151.0477 140.5529 -41.1684 141.6897 -33.1220 41.4748 26.9106 25.2384 -21.6346 9.3395 -3.0743 1.4248 -2.0899 -2.0527 -11.5795 12.9273 120.8959 847.4204 1517.1511 1858.5987 1749.5607 1445.9109 1112.8742 1012.0916 549.6911 610.4514 265.2120 122.4126 279.4720 82.0851 139.0897 7.6595 -13.8827 -15.9209 45.3462 21.2523 -4.5582 -11.0540 -11.2359 12.0747 -31.1846 0.0000 5.9127 24.9450 393.1900 524.7264 774.1112 643.8879 774.9880 571.0967 395.5301 213.5732 228.1952 22.4404 -60.1318 31.2220 -54.7982 -3.8573 -27.7353 10.7425 -14.9312 -1.3615 -6.7923 -15.3102 -13.4300 -10.0242 7.9819 -12.1793 34.6979 294.9968 697.9761 1600.2247 1430.2658 1638.4924 1208.2783 745.7539 520.0800 257.4283 -132.1926 165.1627 21.0773 -127.0603 -12.4544 -33.3893 -45.7307 20.9657 4.1778 -6.9418 42.5628 -7.8790 -60.1984 -21.0575 -147.6532 266.4483 189.0765 55.0726 104.5740 12.3665 -36.0675 22.3072 -10.5615 30.7179 -5.0396 22.5243 328.9436 311.6265 143.6486 115.5293 58.9817 34.8239 7.9065 -0.4595 22.4489 2.5031 30.3733 637.5361 248.0350 229.1233 141.9261 112.7995 77.8204 31.3072 50.1887 12.4868 -0.4770 45.2598 
-0.0124 1.9413 6.9271 4.8523 4.7099 6.3233 3.5619 6.3664 2.1882 4.3507 2.8170 4.6281 2.7256 2.7692 2.1062 2.4235 1.7183 2.4332 0.8754 1.1707 0.4211 1.2539 2.0029 0.8045 0.9370 3.7611 0.0060 0.5847 1.2073 0.7676 1.1341 1.1791 0.8596 2.4747 1.9930 2.4820 0.9211 1.8030 2.0368 0.7867 0.9509 1.7879 0.9619 1.3357 0.8057 0.8801 1.1083 0.9082 0.6433 0.2751 0.5471 3.5368 0.0000 -0.3492 1.0477 0.6483 3.2099 3.8073 7.1216 2.9196 4.2963 4.0527 3.4880 2.9341 4.3549 4.0412 2.7346 2.7615 2.7738 1.7367 0.9917 1.6349 1.7646 1.6805 0.1698 1.3327 1.1327 5.1494 0.0000 0.3463 1.3226 1.6633 0.7655 1.4653 2.3063 2.2043 2.3946 0.7313 1.9935 2.4871 1.4642 2.1893 1.6029 1.3266 1.0150 1.7218 0.9213 0.9172 1.2043 1.0645 0.7592 0.0449 1.1679 3.5341 1.3057 7.7391 257.2335 566.5102 698.5237 699.9715 644.6901 658.1008 491.6815 293.2784 239.0981 221.1488 129.6951 132.9900 12.0566 83.3894 17.5286 13.6294 6.4050 14.5617 -0.5841 2.3738 5.9899 3.3871 -1.3405 21.6826 10.2467 54.4945 683.4952 1043.1646 1278.1508 1300.6513 1102.9206 1006.8125 669.0260 621.0688 345.0360 290.9176 188.4299 112.4775 50.4741 37.2998 66.6766 68.5998 20.3846 24.0706 11.6952 27.5831 18.9185 8.2165 12.9236 8.8411 0.0000 0.8713 69.3285 355.6589 721.5181 738.3644 938.7765 854.6563 698.0822 557.8175 401.3604 290.6310 227.3361 158.4757 119.5714 95.5670 16.4756 8.4827 11.8553 6.7813 16.1794 6.0624 21.2896 2.3560 1.7724 -5.8453 9.8454 11.5766 244.8304 1021.8648 1681.2783 2161.8292 1894.9143 1700.3238 1416.8051 931.1191 725.9272 668.1454 426.0798 265.7658 177.8337 119.3439 115.1150 29.4396 37.2817 12.9553 27.3750 4.7774 5.3384 40.1587 27.8433 56.2298 268.4501 175.1207 151.9845 89.0484 60.6447 41.0582 0.4904 16.3705 0.0358 0.0887 9.7775 453.7902 284.2267 217.2627 122.5850 77.8766 30.9271 5.0580 13.4930 13.5618 21.8661 27.8253 569.6926 269.6828 205.9217 82.3790 78.0462 42.8675 20.4838 0.2892 10.6567 16.8540 29.6313 
0.0675 12.6926 10.3239 13.7511 5.9360 12.2700 8.6722 2.1882 16.8243 1.3194 5.9390 0.5426 3.7931 2.8875 2.2747 1.3466 3.7970 -2.1896 2.7778 1.7343 2.6721 0.3825 -3.7348 0.7679 -1.8076 0.0318 -0.0118 -0.8450 0.1534 3.0137 2.3828 4.7452 6.8587 3.9518 3.3338 4.0588 8.1630 1.1729 1.6859 5.0008 3.2021 1.6301 1.1510 0.7403 2.7080 0.5859 1.0735 -0.0855 1.1008 0.2990 -0.7373 0.5357 0.0000 4.4416 4.5326 7.5559 8.2055 4.2542 2.5943 7.9836 1.0542 2.0217 5.3079 5.1600 -1.7271 -4.9628 4.3585 0.1991 -3.3317 3.9727 -0.1980 -2.1289 -0.2907 -3.8468 3.0285 -1.3589 -1.1188 -13.6144 0.0000 -0.7179 -3.4612 -2.4683 2.7387 2.2997 -2.9637 -2.6104 -2.1506 2.9226 -4.0834 -2.1809 0.0502 -0.5405 -2.0947 -0.1892 1.6948 -4.1399 -0.6090 1.8718 -0.9678 -1.3705 -0.0672 -1.0223 -2.2884 -12.0406 4.4013 22.5681 512.3608 942.0411 1158.9424 1062.8679 952.9486 677.3008 587.3409 894.2928 394.5895 100.3663 195.3492 -182.0136 299.9147 -106.6481 65.1596 52.3139 51.6234 -33.4821 14.5254 -8.6438 -5.9240 -0.3737 -1.2973 -44.3735 2.2174 164.8548 1013.4162 1856.6905 2464.3309 2209.2926 1975.3738 1420.7589 1412.2425 546.5078 1014.0041 379.5500 199.5333 534.1678 206.2715 273.2026 10.8026 -79.9554 -17.0269 50.7225 62.3037 -46.0524 -30.0976 -14.8622 -6.5776 -76.7158 0.0000 8.4523 -50.2403 434.3692 205.5747 816.4510 124.9263 748.6152 618.4418 436.5730 134.1650 314.1034 -66.1399 -230.8630 -43.8178 -108.3256 40.9892 -33.9619 37.9478 -36.5729 -6.1050 -13.0285 -57.9927 -22.5616 -7.4077 52.9126 -38.6500 41.8497 319.3653 191.1566 1361.8368 629.5927 1791.6958 840.1576 368.1492 527.9300 292.9209 -646.5672 155.8747 -63.4974 -240.5213 57.2617 -85.9176 8.7974 59.0004 35.4733 1.3461 146.6481 -20.7365 -156.2797 -64.8018 -284.8974 344.8677 311.2738 24.8864 117.7352 -34.7949 -114.5631 57.1831 -27.3055 62.9704 -1.4766 52.6291 436.2748 526.5857 204.3635 135.5066 64.7475 52.1205 42.3062 -18.5872 24.6402 -30.0853 48.3370 660.1244 346.5090 327.2286 213.3629 121.3204 104.9028 56.8337 95.0838 1.6825 -27.5789 67.5231 
-0.0290 0.2516 5.1658 3.5044 4.5689 4.6623 3.6051 4.3507 1.3194 6.9426 1.8935 4.7115 1.9627 2.5938 1.6320 2.2920 2.0506 2.7181 0.5386 0.9557 -0.2637 1.1107 2.5133 1.0592 1.0395 2.8586 0.0078 0.9035 0.7576 0.5127 0.9081 0.8998 0.5072 2.2133 2.0740 2.1681 0.0266 1.1918 2.1763 0.1264 0.6846 2.0825 0.4925 1.5041 0.8238 0.9800 1.1792 0.9097 0.3385 -0.0166 0.9079 3.7438 0.0000 -0.2474 0.0462 -0.6428 2.1633 2.7004 7.0806 1.6335 3.6183 3.4972 3.0813 2.5690 4.3381 3.5569 2.0601 2.7988 3.1734 0.9722 0.4244 1.7398 1.6615 2.0088 -0.0433 1.0823 0.9524 5.5098 0.0000 0.3042 1.2560 2.0220 0.3915 1.0121 2.4150 2.3425 2.6363 0.3285 1.9207 1.9030 1.2495 2.2426 0.6334 1.1408 1.1145 1.4495 0.8238 0.6143 1.4652 1.0559 0.4977 -0.4821 1.1333 3.7329 1.8693 9.8067 166.3441 468.1729 574.6661 635.0232 498.4966 641.6686 434.1870 249.3975 194.6011 194.7868 123.4215 146.8105 -7.2967 87.8405 14.4426 9.6793 -6.7124 11.1735 -2.6737 1.7977 9.8578 6.6765 -3.3815 18.7467 11.8107 48.3791 597.3702 827.0255 1153.1493 1203.1941 991.3581 948.3124 517.6218 622.1953 251.7814 249.8495 120.2024 79.0569 -10.1051 11.7177 60.3290 72.3388 0.8714 29.0264 -1.4655 30.8933 24.9303 2.4467 27.7568 14.1122 0.0000 0.2812 71.5758 316.2050 619.7314 592.3849 921.3028 731.4805 577.0022 449.0405 318.4910 256.7741 224.7482 116.3264 116.6591 88.3211 -21.0104 -2.8052 -11.9305 2.4849 18.4939 1.7729 36.3227 -3.1995 -2.2287 -17.1550 11.8668 10.3228 203.5011 855.3357 1522.1612 2047.8791 1571.8565 1500.0761 1263.5078 688.8707 550.2913 620.5610 355.7494 209.0019 123.9635 35.6363 84.6997 -25.5376 17.1737 1.9634 18.8713 -31.5023 7.3528 43.5998 34.2876 46.6028 236.1480 161.0622 145.1060 105.6638 74.2916 49.0524 -10.3547 12.7221 -7.1630 -2.5655 6.9858 337.7490 232.3830 188.0191 104.9414 62.1003 17.4242 -3.7716 13.2380 15.3676 32.6823 36.2273 582.7116 219.1337 180.8705 45.6033 79.8631 22.5766 2.8944 -9.6624 15.0451 24.0197 21.4890 
0.0528 5.2461 6.4603 6.7900 4.6783 6.9048 4.2647 2.8170 5.9390 1.8935 6.6375 2.4547 2.7053 1.9884 1.7341 2.2430 2.1297 0.7165 1.7606 1.0818 0.6097 0.6160 -0.7327 0.2614 -0.0095 1.6683 -0.0007 0.2804 0.9428 1.7308 1.0413 2.1533 2.8186 2.0904 2.4751 2.1946 3.7361 1.9681 1.7541 2.9936 1.6496 1.3663 0.8893 1.2056 1.5638 0.4629 1.3689 0.3476 0.7757 0.1715 -0.4783 0.7367 0.0000 0.6967 2.6723 2.7976 3.2678 4.4147 6.7034 6.1561 3.0062 5.0745 4.7099 4.4130 1.1038 2.7299 3.0439 2.5972 0.6163 3.0226 0.8666 1.0852 0.9669 -0.1389 1.2196 1.1350 0.4513 -0.8114 0.0000 0.2439 0.4876 -0.2845 1.2056 2.5350 0.5883 0.9869 0.7926 2.4038 0.9888 0.4740 1.2573 1.2788 -0.0267 0.7879 0.8819 0.2074 0.3262 1.2840 0.4194 -0.0347 0.1189 0.1330 -0.2482 -1.9606 3.2119 7.5273 307.6745 589.6404 740.9349 686.3921 703.5316 579.7168 429.8559 360.6146 272.5282 211.0447 109.0126 -6.1488 131.3537 8.9342 30.1270 14.7213 14.9231 4.4723 3.3563 -1.0040 4.7510 -0.9391 -1.0167 -10.4580 7.4854 78.5266 684.5445 1133.9274 1514.5491 1412.3900 1307.0819 953.2002 773.3819 557.3667 620.4057 260.6967 190.5252 235.1961 96.6325 138.7176 36.5261 -3.7001 7.9258 37.0622 33.0378 -12.7054 -10.1309 -1.8694 8.5679 -29.5228 0.0000 4.1489 18.7261 321.6629 501.1414 669.5882 612.7201 772.5910 613.2764 638.9558 346.4485 316.3511 192.2643 77.7661 122.7594 4.9304 44.0132 5.2218 39.6489 -19.6473 12.6839 -0.3691 -12.4129 -3.4903 3.0790 10.3636 -9.4915 42.6215 232.2415 739.7374 1488.3877 1464.7024 1699.0423 1556.3393 1250.5086 865.1918 671.9813 214.1257 410.9915 176.4706 39.2118 141.1431 81.6033 53.7148 43.0659 7.3301 38.0496 70.8869 5.5564 -21.6055 -22.5637 -50.1584 293.4689 221.8981 114.2676 82.8637 18.6356 -17.1706 26.7789 3.1798 17.8173 -2.1180 25.6444 452.5788 376.6987 212.6190 103.9093 81.6049 32.0482 22.1731 -4.3443 14.0265 -2.8725 35.1804 448.7208 221.6081 185.0883 101.0146 68.5591 57.4031 16.7516 24.2953 1.9419 -10.1930 32.3289 
-0.0112 0.9822 5.2492 3.5952 3.6430 5.8122 2.4902 4.6281 0.5426 4.7115 2.4547 7.8152 2.7146 3.4540 2.6410 2.9428 1.4337 3.2756 0.5309 1.0190 0.4075 1.6405 3.0285 0.7699 1.0964 4.2195 0.0091 0.7340 0.9701 0.8951 0.8521 1.1270 -0.0634 2.8028 2.0230 2.7312 0.2963 2.1815 2.3086 0.4122 0.7706 1.7278 1.2009 1.5814 0.6640 0.8299 1.2581 1.3867 0.6505 0.1386 0.2598 3.3131 0.0000 -1.2155 -0.4169 -3.0754 1.2767 2.8384 6.1492 1.3341 3.1222 3.2035 2.4319 1.9281 4.4926 5.0805 1.1990 2.7920 2.9711 1.1979 0.4170 1.6067 2.0027 1.8579 -0.8640 1.8575 1.1771 5.5060 0.0000 0.5836 1.3887 1.7935 0.0566 1.0194 2.4137 2.0669 2.2517 -0.2783 1.9462 2.3825 1.1582 2.6512 1.7129 0.8788 0.2090 1.9491 0.3118 0.8179 1.3752 0.7039 0.8270 0.0138 1.7474 2.8977 -0.7760 5.5774 184.6221 453.1636 580.8084 644.6777 621.9063 695.3647 510.6976 201.1073 193.9710 239.9523 116.6726 167.0228 -29.0340 123.6457 9.8360 14.1480 -1.3690 19.9372 -7.0086 3.8216 8.3766 6.7706 -2.5128 33.4792 10.6814 37.8006 649.7122 923.4034 1238.6874 1289.2073 1141.3579 1083.4203 557.3415 676.6567 278.0317 293.6729 193.2336 62.6587 18.6484 0.7620 82.2085 92.0879 17.7142 11.7046 8.9914 29.3457 26.6638 13.0327 10.3413 -12.8788 0.0000 -0.8968 75.6144 306.9224 632.6077 510.9557 729.7526 667.8574 533.5775 452.8437 276.4484 195.7273 184.6933 143.0616 96.5109 97.3194 -9.5134 -6.3431 -10.9098 -8.7720 17.5092 6.1203 32.6150 3.8866 5.9847 -11.8217 15.3239 4.0829 194.8587 826.9955 1316.9055 1864.9780 1483.4175 1289.6599 1192.5892 597.6858 542.4106 626.6976 318.5281 141.8479 135.1862 85.2370 103.8721 -8.9823 -1.5724 -18.8419 18.4834 -14.7078 -7.7479 57.0478 33.4125 63.7851 261.1019 148.2665 159.6360 84.7230 67.8963 54.2944 -8.8920 21.6186 -9.1795 -0.8396 3.0507 422.2537 207.2652 196.1722 91.5491 73.5734 14.8459 -4.8577 9.4480 8.8252 27.6961 23.4412 554.2902 253.9600 226.6684 50.2494 72.8560 36.4272 17.3732 -16.6497 4.8209 19.5521 20.9090 
0.0109 2.6900 3.1423 4.4514 2.5856 6.0463 2.9552 2.7256 3.7931 1.9627 2.7053 2.7146 4.1774 2.1673 2.0754 1.7122 1.2864 1.0149 1.1317 1.0920 1.4145 0.9490 0.4711 0.6263 0.2714 3.3201 -0.0003 -0.0763 0.6851 0.8495 1.0027 1.5669 1.6662 2.1907 1.3567 2.1699 2.2528 1.6021 1.4596 1.5869 1.1727 1.0939 0.9380 0.9082 1.0097 0.5983 0.8537 0.6377 0.8523 0.4562 0.1942 2.9519 0.0000 0.0749 0.9588 0.7967 2.9491 2.8238 4.2113 3.4122 3.0196 2.7933 3.1725 2.8391 3.0213 1.9834 2.9699 1.8160 1.2097 2.3335 1.1055 0.7253 1.3626 0.3199 0.7751 0.7568 0.6301 1.7261 0.0000 0.1099 0.3641 0.5071 0.9923 1.2273 0.7305 0.8087 1.4062 1.1794 0.6305 1.7186 1.2457 1.2778 1.5328 1.0712 1.0361 0.9319 0.5673 1.1394 0.5958 0.6493 0.7563 0.4110 0.4028 1.5487 -0.1888 5.0082 179.4436 397.8827 516.2515 494.0186 537.7677 464.9213 393.8356 330.2328 231.4560 163.0781 127.4236 52.5523 69.0701 42.5508 25.5327 23.0893 20.8177 6.5337 1.4755 1.1479 -0.0363 0.3755 0.9737 9.0007 2.9029 50.6407 492.6725 881.5783 1031.0855 1050.9907 943.3825 831.1905 709.8474 456.6087 415.8094 259.5940 205.3787 175.4946 122.8272 86.0950 54.2577 30.8462 27.8982 18.9150 27.3684 10.9863 8.4538 10.2702 1.5083 -2.7342 0.0000 0.9510 16.5245 236.0258 415.3997 549.3118 501.6880 667.2432 601.5217 456.5824 363.0725 283.9882 185.8356 99.8939 72.4942 86.0612 52.3041 11.2977 36.9326 10.5224 6.2596 6.1160 -1.2618 5.9379 3.6807 24.0034 0.4685 5.7772 177.5574 600.5044 1214.9128 1405.6162 1614.4888 1310.5472 995.9450 876.9108 703.2347 426.1080 403.1336 261.4021 158.9757 179.4096 102.4113 68.6787 58.2666 40.2308 27.0563 59.0991 9.3212 5.6580 8.0134 15.2248 230.7703 167.2728 102.4275 64.7821 22.4373 2.6796 14.2545 7.5963 14.1527 1.9547 17.1845 423.2423 291.0490 184.2790 104.7871 60.2940 33.9787 19.5943 7.5343 11.1816 1.4969 23.2119 391.6110 264.4733 187.8268 97.1967 59.6085 50.0978 31.5311 19.1537 3.8059 -0.1101 27.0553 
0.0042 2.4997 3.9478 3.9337 2.3952 5.0850 2.5538 2.7692 2.8875 2.5938 1.9884 3.4540 2.1673 3.9098 1.9704 1.7759 1.4756 1.2801 0.9501 0.9290 1.0913 0.9909 1.0536 0.7575 0.2626 2.8659 0.0013 0.1929 0.3879 0.9176 0.9626 1.3510 1.1052 2.3337 1.4648 1.9861 1.6555 1.3856 1.5320 1.1877 1.0550 1.1230 1.0105 0.8696 0.8987 0.6802 0.8038 0.7725 0.6704 0.2410 0.2016 2.7755 0.0000 0.3288 0.5649 0.2237 2.3102 2.3799 3.2068 2.2237 2.4011 2.1773 2.6576 2.3017 2.8410 1.8462 2.0235 1.7562 1.4870 1.8690 0.9815 0.7444 1.2526 0.6052 0.6585 0.8266 0.6092 2.6893 0.0000 0.0222 0.0465 0.4417 0.8416 0.7140 0.7206 0.7904 1.4352 0.8444 0.4368 1.4783 1.0609 1.6294 1.0403 0.8891 0.9414 0.6596 0.4832 1.1424 0.8410 0.4994 0.7150 0.0600 0.8674 1.4674 -0.8307 6.8953 174.6618 379.9308 468.6378 480.9325 461.8260 457.3909 349.8066 287.4573 187.3839 142.7306 117.8814 71.9266 51.1023 51.5073 20.9990 22.2037 11.2430 11.1411 0.2131 0.4500 1.5975 4.6517 -0.8206 7.1057 2.7140 41.0911 483.7709 724.0248 987.6163 987.2576 890.1730 809.0193 575.8151 454.5179 336.2129 262.3174 184.0217 162.8450 79.7055 60.3365 68.4420 42.7393 20.4948 21.7053 19.8202 13.7874 13.9433 10.3243 4.5379 2.2781 0.0000 0.3661 21.4321 224.7156 342.9810 434.2368 415.7141 515.7303 471.7273 357.5735 238.2023 235.6723 135.3176 68.9650 63.7718 82.1518 28.1934 6.9570 14.8858 2.1547 12.3519 2.8873 8.9796 -0.0799 2.4976 15.2346 1.5052 1.0278 148.9787 440.2153 935.4417 1132.9618 1263.6450 959.6164 819.7924 636.5970 543.8046 399.3746 320.4108 197.1824 138.1587 135.9533 90.4734 50.5629 50.7266 35.2557 26.2957 28.8630 5.1383 12.6305 15.3662 24.4816 240.5909 190.5029 116.2105 77.4161 35.6595 13.1805 8.0133 7.9177 7.6296 2.1865 14.1582 421.7257 318.0678 213.5764 116.5468 61.6996 27.9430 17.6609 6.9919 11.6566 10.4301 31.0515 434.5089 247.7977 195.3247 81.3011 60.8092 35.5479 25.1473 13.6056 5.6532 6.1697 32.4025 
0.0145 2.2225 2.8987 2.6216 1.2222 4.3526 1.4066 2.1062 2.2747 1.6320 1.7341 2.6410 2.0754 1.9704 2.8461 1.3076 0.5369 1.1467 0.7243 0.7678 1.3467 0.9420 1.0342 0.5857 0.1307 2.6724 0.0004 0.0045 0.2275 0.9148 0.8048 1.2436 0.8834 1.8054 1.0349 1.6662 1.5729 1.4981 1.4181 0.8539 0.9662 0.6616 1.0775 0.8591 0.7922 0.5239 0.6091 0.7686 0.7053 0.2691 -0.0387 2.3846 0.0000 0.1140 0.4445 -0.3167 1.7720 2.0763 1.8104 1.8690 1.8983 1.5772 2.0243 1.5848 2.2336 1.9738 1.5011 1.4154 1.2747 1.8136 1.0181 0.5605 1.0969 0.4789 0.4430 0.8383 0.4819 2.7288 0.0000 -0.0054 0.1702 0.1892 0.4780 0.4424 0.3975 0.5289 0.7449 0.7380 0.2508 0.9015 0.7985 1.2466 1.2758 0.5653 0.7437 0.6913 -0.0052 1.1342 0.7790 0.2697 0.6947 0.2534 1.0431 1.5878 -2.5537 3.7804 142.1784 291.7000 348.6587 366.2412 411.0188 364.0696 297.2702 224.8633 145.0662 118.9873 101.7097 62.2291 41.3680 49.8593 13.1631 24.2354 10.3323 13.0877 -1.2531 0.4165 -0.6645 5.7390 -0.2934 5.8972 -1.5157 28.6413 422.6653 583.5724 803.0019 776.1749 749.7946 683.4313 469.7578 349.9169 269.8246 227.0651 154.9010 132.7754 77.3058 45.7047 65.8353 35.8415 22.6750 7.9828 20.5567 8.6812 13.3224 13.1490 -2.6223 -0.3945 0.0000 -0.6290 10.6341 176.1777 258.9252 346.4749 265.2207 417.7350 408.4060 307.6526 195.4727 208.0772 107.9670 50.3285 38.4384 81.5034 30.0062 9.2023 14.2343 0.7474 8.0472 2.9826 4.5203 3.2035 5.6081 20.2929 0.4808 -3.7072 115.1552 335.9087 679.5842 855.5986 1065.9442 720.3710 653.1718 549.6436 486.1525 344.0794 258.5387 160.6387 140.3341 132.5453 81.0882 56.0536 38.2161 33.3549 24.9436 31.8149 1.3367 7.6339 10.8668 32.8239 169.2490 128.8457 81.6982 42.5078 20.9318 9.8590 9.2096 7.7627 6.0782 3.5297 10.3734 298.4578 214.2169 148.3553 71.1298 40.0113 16.6937 17.2646 2.0017 3.7094 5.3412 23.9224 267.1574 184.0459 153.3506 51.3498 32.8350 22.4937 21.7643 8.1595 -0.8545 1.4950 22.3319 
0.0045 1.0279 2.8776 2.7060 2.1213 3.4118 1.6391 2.4235 1.3466 2.2920 2.2430 2.9428 1.7122 1.7759 1.3076 2.7716 1.0862 1.4578 0.6350 0.7134 0.2143 0.7301 1.0529 0.4579 0.4880 2.4186 0.0032 0.4774 0.7387 0.5275 0.3293 0.7693 0.5368 1.5161 1.2568 1.5317 1.1404 1.2719 1.2350 1.0077 0.6447 1.1688 0.6598 0.9392 0.7365 0.5658 0.8476 0.5516 0.3787 0.0923 0.1255 2.0507 0.0000 -0.5172 0.4545 -1.3279 0.5712 1.7888 4.1586 1.5852 1.9281 2.3472 1.6518 1.7318 2.2686 2.7393 1.2971 1.7562 1.4644 1.3083 0.4271 1.0768 1.0388 0.7471 0.2291 0.9152 0.7906 2.7733 0.0000 0.3636 0.6674 0.7914 0.2627 1.0469 1.0644 0.9975 1.2296 0.4598 1.0999 1.3094 0.7907 1.2883 0.7563 0.8484 0.4900 1.0751 0.2975 0.7420 0.7260 0.5165 0.3950 -0.0422 0.7152 1.5566 0.5470 3.8075 103.2547 251.0307 340.8130 362.4367 379.3818 402.1748 308.1240 157.1863 147.1806 161.0850 79.1688 74.8405 28.9087 58.0122 14.3386 11.0759 6.7113 16.4649 -0.9586 -2.1000 6.3708 2.8936 -0.6627 12.7270 4.0560 27.7383 339.2642 528.7330 742.2044 782.9032 729.6194 641.3285 407.4263 426.3124 306.3281 201.8691 157.9690 104.3955 54.1784 55.2149 52.4514 36.0161 14.8062 22.4192 18.7729 15.4839 12.4494 6.8827 11.3324 -2.2581 0.0000 0.8313 33.7398 163.9202 317.2737 292.4599 391.0153 410.6296 334.8887 341.6948 223.7467 172.5142 169.1597 102.8592 86.1036 60.8112 21.8884 8.2024 11.8109 -3.6640 15.8301 2.0155 14.6744 1.8932 3.5992 3.3655 4.7312 10.6776 113.2408 396.6755 743.7886 951.4761 894.0672 892.3054 772.4245 499.8234 443.1077 388.7714 305.3906 161.7971 120.3173 118.4926 86.0809 42.5584 28.3971 7.0270 23.4531 24.0352 3.6586 27.7800 15.7360 35.0006 187.4603 134.8806 112.2966 61.2196 39.2371 22.4320 5.2001 10.8164 0.0935 0.4628 11.4503 343.0615 228.7581 170.8293 89.3396 65.7728 21.3227 7.7741 4.4804 9.7669 8.0773 26.1476 292.8385 156.2218 121.5614 41.7280 41.5301 27.6119 8.8406 -3.8354 3.6396 3.7930 13.3661 
0.0030 2.4704 3.2531 4.2137 3.0095 3.7443 3.3312 1.7183 3.7970 2.0506 2.1297 1.4337 1.2864 1.4756 0.5369 1.0862 3.1471 0.0968 0.8743 0.7089 0.2428 0.2559 -0.3639 0.4686 -0.0096 0.7091 -0.0005 0.1520 0.3764 0.6060 0.6985 1.1291 1.7585 1.4273 1.3699 1.4007 1.8887 0.3748 0.8357 1.5616 0.8686 1.2350 0.1903 0.5079 0.9047 0.4419 0.6945 0.0364 0.2741 0.0603 0.2968 1.2326 0.0000 0.8974 1.2501 1.8712 2.3282 1.6184 3.4271 2.6036 1.4863 1.9309 2.3380 2.3478 1.0225 -0.1102 1.9428 1.0135 0.1184 1.1389 0.0708 0.2712 0.3269 -0.2036 0.9189 -0.0951 0.1187 -1.4783 0.0000 -0.0194 -0.3255 0.1386 0.9761 1.1327 0.1601 0.2258 0.6194 0.9145 -0.0867 0.4616 0.4676 0.5173 -0.5160 0.5230 0.6748 -0.3490 0.4507 0.5069 0.1674 0.1741 0.0221 -0.4217 -0.5199 -1.3629 3.1804 7.8235 138.5998 312.4878 398.8588 397.3038 318.5923 311.8194 236.8070 262.4909 147.9662 84.5815 74.9440 -7.2024 71.9785 -9.0862 22.0903 12.9659 12.4495 -4.6771 5.0492 -1.8698 3.0268 -0.1083 -1.0755 -5.3613 5.7528 52.2840 336.0769 617.1820 823.4365 807.7378 688.8032 543.1336 476.4622 311.8892 337.7462 144.6113 77.8755 153.9711 48.5175 83.2384 14.5823 -3.4782 -2.2997 31.3734 12.7957 1.0067 0.2482 -6.1768 13.2543 -6.6658 0.0000 2.8804 10.2430 172.4277 227.4462 339.2135 334.4450 382.4893 293.3761 240.6608 147.6926 148.9465 78.4636 1.0957 42.8137 -5.9540 10.6705 -4.6777 10.5386 -3.8133 6.8565 -2.8945 -1.5340 -6.9980 -4.8181 4.9591 -5.7100 18.7859 126.0249 301.4019 803.1709 789.5558 863.9646 749.9481 520.7221 379.4561 251.0722 53.5619 187.6597 84.3438 -13.1389 34.1516 7.7314 3.3399 24.2358 10.7643 7.1603 28.9686 4.3356 -21.4242 -4.2465 -51.6926 161.3297 133.6752 56.4329 67.8664 17.9809 -12.3887 10.7313 -4.4164 13.2352 -1.7668 16.0545 248.5964 235.5002 124.8326 88.4597 46.3708 24.9220 7.8390 2.0591 14.4558 2.8346 24.8919 309.7759 124.8883 105.5262 64.9018 56.6043 33.8242 11.3948 20.1559 6.9546 0.1316 22.4083 
-0.0157 -1.9382 1.1897 -0.6962 1.3882 1.0175 0.0353 2.4332 -2.1896 2.7181 0.7165 3.2756 1.0149 1.2801 1.1467 1.4578 0.0968 3.6924 -0.0299 0.3584 -0.1907 0.9415 2.5011 0.3389 1.0849 2.6022 0.0074 0.6618 0.5635 -0.0684 0.1561 -0.2023 -1.0674 0.8573 0.6660 0.8277 -1.2727 1.3001 1.3854 -0.4774 0.0014 0.9019 0.5468 1.0771 -0.0041 0.4457 0.7016 0.8659 0.2610 0.0878 0.3540 2.3691 0.0000 -1.5403 -0.8939 -2.5739 -0.5224 1.3912 3.5848 0.2773 2.4080 2.5527 1.3605 0.9646 3.4232 4.7599 0.7330 2.2362 2.9669 0.4790 0.8465 1.8763 1.4846 2.3057 -0.6677 1.6537 1.1238 7.2902 0.0000 0.4692 1.5500 1.5265 -0.5218 0.4963 2.3172 2.2408 2.1273 -0.0346 2.5437 2.3260 1.1677 1.9144 1.9542 0.9006 0.3861 2.4391 0.7057 0.4110 1.2759 0.9999 0.6105 0.5228 1.5805 5.5713 -0.8916 -2.0970 22.8622 104.3455 131.8507 208.2229 211.2618 295.2618 210.0942 -35.4336 61.7082 145.8483 36.8098 135.8232 -67.7556 87.1547 -5.9031 2.0546 -9.6506 17.7502 -4.0384 5.5474 5.7875 4.4133 -1.1913 26.1734 7.3101 -7.3180 211.0256 220.8506 290.9090 380.4463 351.0187 409.7656 136.9493 354.4914 25.0359 131.5710 98.8278 -44.7355 -16.4270 -39.0832 54.0331 71.8887 20.5947 6.0585 -8.5525 29.2113 22.1993 11.3096 8.7759 20.8324 0.0000 -2.0410 53.0835 101.9339 408.9968 234.1374 555.2219 386.5618 327.6377 311.4028 250.8066 151.8221 180.9559 181.6188 106.0802 99.7075 1.5867 16.0102 -5.3999 10.0501 12.1077 6.2665 31.4468 6.9940 4.9114 -16.0525 15.5291 -1.1960 69.0486 572.0797 718.6790 1275.5847 850.7453 973.5659 998.0685 566.5556 501.9239 692.5594 312.4967 218.3186 203.4751 93.3929 111.4849 25.3541 6.6845 0.6231 24.3206 -31.7601 12.5245 68.1661 33.0809 116.4340 146.5239 76.7032 121.8285 44.5957 57.4751 64.6508 -9.2177 17.6291 -15.0092 0.3747 -5.9674 285.7780 133.3599 147.3074 77.4996 56.8684 12.7766 -0.7145 14.0663 4.1509 26.7017 18.0211 253.1003 114.9837 90.8961 7.1959 32.0292 8.5235 2.2091 -24.0293 4.2507 16.7388 7.1719 
0.0239 2.1915 1.9101 2.4934 1.5175 2.7931 1.7310 0.8754 2.7778 0.5386 1.7606 0.5309 1.1317 0.9501 0.7243 0.6350 0.8743 -0.0299 1.5304 0.4073 0.6085 0.2230 -0.5206 0.2453 -0.1104 0.8410 -0.0023 -0.0159 0.1265 0.6533 0.5542 0.8757 1.3232 0.8470 0.8138 0.7096 1.6818 0.6751 0.6656 1.2774 0.7548 0.4327 0.3765 0.4001 0.7109 0.2020 0.4595 0.1432 0.3930 0.1482 -0.0597 0.8356 0.0000 0.6234 1.0050 1.9295 1.6980 1.6950 2.0656 2.6856 1.3796 1.9863 2.1613 2.0517 0.6070 0.5996 1.7318 1.0643 0.3210 1.5439 0.8223 0.4490 0.5070 -0.0618 1.0282 0.3631 0.1423 0.4845 0.0000 -0.0706 -0.1095 -0.3394 0.7042 0.8317 -0.0272 0.3173 0.5003 1.3680 0.2614 0.2935 0.7492 0.5923 0.2365 0.5720 0.7725 0.1498 0.4903 0.7591 0.2681 0.1624 0.1942 0.2778 -0.0965 0.1367 0.7125 3.4158 112.8816 215.5697 264.4416 230.8277 226.5359 174.6866 137.7100 183.0116 118.0809 65.9612 57.3488 -9.1951 70.1857 -5.8427 16.9035 7.0385 8.2492 -0.2566 2.8871 0.9136 -0.1479 -0.5169 0.1531 -9.4309 1.3760 27.4567 224.5646 387.2410 514.4857 490.7814 445.6293 333.8212 331.8110 198.9713 249.6312 114.6833 89.7627 121.0687 64.2576 67.6817 20.8190 -1.8509 9.7866 19.3243 15.0248 -4.4598 -3.5818 1.4453 2.3369 2.1705 0.0000 1.4722 -6.5696 109.6082 130.1031 269.5955 211.0561 303.2988 285.5783 254.6348 180.3876 176.4558 95.5131 43.5519 56.7053 26.7703 34.6870 10.8567 26.1905 3.3655 4.6254 1.9356 -7.3172 -1.0730 1.0507 13.8132 -5.3203 10.3227 81.0416 224.9669 546.6530 514.0672 742.2669 649.9233 503.2643 475.3891 375.9679 148.1376 230.8776 148.6421 67.1567 104.2382 55.4211 48.5657 44.5001 33.4624 23.9341 38.2926 12.9626 -12.9749 -7.1966 -8.1076 144.4162 124.4350 52.9166 44.4129 6.4083 -9.7018 14.7877 -0.2009 10.9326 0.5541 13.4806 246.8128 225.8979 125.9202 68.1037 36.6343 21.9601 20.4111 2.3740 8.9749 -1.1192 22.0099 193.4151 120.4173 84.9612 57.3170 32.2337 24.0499 11.7676 18.9239 2.7148 -4.8741 20.4371 
0.0003 1.2700 1.9133 2.2947 1.1092 2.2384 1.4141 1.1707 1.7343 0.9557 1.0818 1.0190 1.0920 0.9290 0.7678 0.7134 0.7089 0.3584 0.4073 1.5299 0.5830 0.2813 0.1768 0.3244 0.1179 1.3858 0.0000 -0.0108 0.4618 0.3109 0.3935 0.6947 0.7465 0.9853 0.6038 1.0729 1.2079 0.5588 0.7794 0.7470 0.5359 0.5778 0.4013 0.4175 0.5081 0.3355 0.2951 0.1618 0.3537 0.2176 0.2608 1.4950 0.0000 0.2350 0.7025 0.5401 1.1901 1.0183 1.4934 1.2876 1.3228 0.9879 1.3022 1.0687 1.3146 0.5058 1.2802 0.6787 0.6328 1.0107 0.4995 0.2722 0.5961 0.1523 0.5184 0.1705 0.2854 0.9806 0.0000 -0.0020 0.0595 0.2520 0.5203 0.5351 0.3445 0.2936 0.6510 0.5190 0.2144 0.7899 0.4671 0.4322 0.5131 0.6753 0.6417 0.2444 0.3287 0.5598 0.2798 0.2940 0.3099 -0.0428 0.1329 0.9549 0.0408 1.9709 77.4289 173.6013 223.1584 202.3741 222.2156 196.7622 154.4085 141.0955 88.9506 49.9234 60.6569 24.8552 34.1858 16.8375 12.1110 14.5116 8.9759 4.4797 1.3006 -1.0833 0.6730 0.8525 0.6886 3.1839 -0.5910 27.0666 221.6187 375.7547 452.5198 443.6243 402.8572 348.5176 291.5010 185.4954 192.2513 130.2202 96.9942 82.0341 60.2137 48.1701 22.9871 13.1880 14.0080 6.4412 15.4083 2.9937 5.8573 1.6941 4.6222 3.3450 0.0000 0.6062 9.3926 104.4721 151.0500 235.0124 210.1022 274.0105 241.1120 186.5149 140.9068 115.7719 85.9096 26.9387 25.8544 30.7794 24.5009 10.7009 15.5232 6.6044 4.5960 1.2976 -0.3294 2.0455 1.4714 9.9620 -1.6295 4.5309 78.6024 256.2489 504.4346 579.0571 643.9321 535.9897 420.5173 381.7621 315.4887 181.8435 188.0702 130.2945 82.3170 72.7492 42.8267 39.9624 32.7396 18.6688 16.5752 30.6028 5.9953 1.5437 5.3602 8.4507 99.3431 89.0528 53.1415 34.8512 14.4999 -0.1348 5.2031 4.0371 5.6585 2.6477 14.3308 209.7126 158.7993 102.3297 56.2062 29.0297 19.8536 12.0272 4.0999 5.1573 -0.7951 14.0317 176.4446 125.7862 84.1962 49.5542 28.5074 17.8068 14.8520 7.3439 2.5998 2.9008 14.9177 
0.0194 2.2013 0.7522 1.8651 -0.1256 3.0236 0.9470 0.4211 2.6721 -0.2637 0.6097 0.4075 1.4145 1.0913 1.3467 0.2143 0.2428 -0.1907 0.6085 0.5830 2.8951 0.3750 -0.2204 0.3248 -0.3394 1.3224 -0.0040 -0.4786 -0.1711 0.6084 0.6971 1.0502 1.1448 1.0890 0.2343 0.9404 1.8123 0.6684 0.7821 0.8936 0.7903 0.0317 0.6878 0.2355 0.5547 0.1748 0.1455 0.3054 0.5987 0.3269 -0.0521 1.4555 0.0000 0.6806 0.7236 1.2407 1.9509 1.2083 -0.5589 1.8462 0.8416 0.2845 1.4788 1.0354 0.8541 -0.2498 1.3420 0.3626 0.0727 1.5612 1.0389 -0.1920 0.4940 -0.3148 0.9042 0.0451 -0.0408 0.1968 0.0000 -0.2942 -0.5425 -0.5300 0.7265 0.0509 -0.4971 -0.4013 0.0385 0.8538 -0.6740 0.4817 0.4545 0.2866 0.9716 0.3528 0.7618 0.0425 0.0653 0.9123 0.2447 0.0464 0.5519 0.4859 0.2572 0.4205 -2.5443 1.5650 82.1927 140.3632 148.9725 141.6937 196.8471 102.6146 121.9069 193.5146 84.4050 20.1260 72.6411 -4.5281 55.7289 -2.3359 12.2379 26.0130 17.2552 0.8298 3.0307 1.8904 -5.9482 2.8435 1.2520 -5.0172 -5.2617 20.8355 205.5835 320.2552 384.0492 347.8766 360.9327 321.5234 351.4665 112.5199 197.2495 137.3457 106.5625 132.0635 97.9554 54.6182 37.3828 3.1349 24.7723 2.9103 17.7871 -3.5089 5.6536 8.0387 -11.1996 4.8555 0.0000 -0.3767 -22.4901 73.3170 35.0425 199.8981 -12.4299 213.4346 264.4158 141.7876 117.5818 155.7059 36.2645 -4.2005 -11.2965 53.7332 45.3994 14.5124 22.4794 11.2741 -1.1644 1.4267 -11.4330 2.2329 2.8783 30.7344 -7.1457 -8.7487 62.6606 84.7097 317.4139 314.1075 713.2582 319.1615 259.8710 431.8466 365.4805 131.2720 178.2470 141.5987 102.5674 123.0881 38.7528 72.3827 43.9260 50.6593 17.9796 49.4246 9.2069 -20.5943 -3.7258 5.8472 95.3095 83.5260 20.1864 18.0684 -5.8483 -14.9846 15.5469 -1.8529 14.2740 4.8301 12.4551 199.6524 173.6071 90.8012 56.9309 19.1611 21.3533 25.0385 1.1452 1.9661 -6.5574 16.6883 105.1525 135.5238 106.4842 60.9481 23.2049 21.7802 29.8687 21.9476 -4.0184 -5.5711 23.5654 
