0.0519 0.0384 0.0427 0.0372 0.0280 0.0400 0.0115 -0.0096 0.0670 -0.0285 0.0525 -0.0119 0.0113 0.0041 0.0145 0.0045 0.0028 -0.0157 0.0239 0.0003 0.0194 -0.0065 -0.0331 -0.0052 -0.0171 -0.0174 -0.0001 -0.0023 0.0032 0.0246 0.0061 0.0246 0.0326 -0.0023 0.0104 -0.0097 0.0620 0.0141 0.0114 0.0398 0.0145 -0.0160 0.0057 0.0090 0.0223 -0.0096 0.0095 0.0011 0.0084 -0.0045 -0.0197 -0.0309 0.0000 0.0060 0.0179 0.0248 0.0032 0.0446 -0.0036 0.0612 -0.0160 0.0257 0.0166 0.0273 -0.0540 0.0029 -0.0098 0.0132 -0.0198 0.0332 0.0124 0.0022 0.0022 -0.0221 0.0284 0.0118 -0.0109 -0.0290 0.0000 0.0016 0.0068 -0.0280 0.0015 0.0155 -0.0283 -0.0147 -0.0239 0.0352 -0.0103 -0.0425 0.0001 -0.0056 -0.0214 -0.0070 0.0039 -0.0078 -0.0120 0.0215 -0.0010 -0.0239 -0.0079 0.0140 -0.0111 -0.0538 -0.0307 0.0423 4.0506 4.6252 3.6970 2.5892 4.5153 2.1398 1.5204 3.0861 2.3125 1.5071 1.2629 -0.9873 2.9285 -0.4575 0.4633 0.2026 0.1225 0.1166 0.0140 0.1159 0.0083 0.0527 0.0025 -0.6447 -0.1143 0.6717 6.2488 5.7151 9.8989 6.6801 8.1393 2.5836 2.9434 2.7649 6.7477 1.4992 2.3725 3.4496 2.2728 2.3551 0.7413 -0.7536 0.3040 0.4343 0.6316 -0.6858 -0.2349 0.0619 -0.0504 -0.3160 0.0000 0.0590 -0.5060 1.7485 -2.9290 0.2895 -5.6826 -0.7490 0.0836 3.6503 0.5700 3.1133 1.6224 0.1163 0.9215 0.0917 1.1682 0.5223 0.7058 -0.1429 0.1774 0.0660 -0.3632 -0.0543 0.2099 0.6970 -0.3247 0.4265 1.6401 -1.3446 -2.0678 -11.9792 -2.9605 -2.4932 -1.2683 1.4251 3.6550 -3.2088 3.6978 1.3086 0.6495 3.2029 0.9939 1.8291 0.8112 0.8232 0.9985 1.4433 0.4756 -0.9133 -0.8063 -0.5697 1.5476 1.7519 -0.1450 0.2797 -0.4905 -0.7953 0.5787 -0.1536 0.1952 0.0183 0.4099 1.4754 3.1029 1.0828 -0.0865 0.2996 0.0378 0.7313 -0.2879 0.0401 -0.3383 0.6506 -1.3538 0.6037 0.8755 0.4660 0.0461 0.1733 0.0281 0.3392 -0.2690 -0.5488 0.2963 
0.0384 3.5990 2.6383 3.3217 2.0075 3.6831 1.9435 0.7844 4.2166 0.0859 1.9929 0.4806 1.0184 0.9430 0.8910 0.4552 0.7578 -0.4956 0.8170 0.4390 0.7809 0.2752 -1.0480 0.0615 -0.6164 -0.1735 -0.0026 0.0281 0.3938 1.0578 0.8325 1.6094 1.8077 1.0591 1.1874 1.2769 2.4797 0.4891 0.6334 1.4483 0.9763 0.3261 0.5248 0.2941 0.7232 0.0072 0.3116 0.2573 0.3692 0.0656 -0.6679 -0.5795 0.0000 0.3369 0.6136 1.3380 1.3780 1.7803 0.7723 2.2323 0.1671 0.5284 0.9537 1.1420 -1.1545 -1.2207 0.1874 -0.1378 -1.3549 1.0007 -0.4261 -0.9725 -0.1426 -1.4465 0.4306 -0.0465 -0.5527 -5.1611 0.0000 -0.0284 -0.1158 -0.8814 0.4728 0.6234 -0.8313 -1.0209 -1.1512 0.4599 -1.4418 -1.2877 -0.2965 -0.0480 -0.6620 -0.4239 -0.1060 -1.4658 -0.7150 0.6156 -0.4289 -0.8452 -0.1793 -0.3346 -0.5196 -5.1975 0.6071 6.7310 230.2205 341.0195 413.9822 361.4804 343.9753 245.9093 194.7129 254.0705 109.2811 34.3644 43.0817 -59.7325 85.3373 -21.5553 19.6816 12.8604 10.3764 -12.7600 0.6976 -1.0196 -1.5675 -0.1765 -1.0261 -11.5130 2.2892 51.3458 347.2515 586.8501 812.2240 710.2753 638.3306 452.5718 353.2988 173.7493 280.1866 120.3593 63.4926 137.3534 52.2513 71.7073 2.5771 -11.7621 -6.5742 8.2155 21.3594 -19.6862 -13.5769 -1.7356 -8.4338 -44.2976 0.0000 3.1248 -0.8603 178.2024 57.5298 208.0450 -65.0909 153.7759 105.0623 91.9766 -31.3604 28.7468 -73.9673 -81.7267 -16.2821 -49.5168 0.0610 -17.7535 4.4709 -20.0519 -3.8648 -0.6978 -18.7780 -5.9344 2.2472 11.3601 -10.5428 12.2042 97.1399 -24.1748 162.2617 -154.5554 204.2591 -82.5007 -109.5407 -110.9064 -50.9332 -321.8616 -29.1398 -120.7043 -116.3252 5.6665 -26.3333 -24.5703 4.8586 -6.9217 4.5345 41.2205 -11.1973 -50.4240 -25.1171 -101.3939 181.6749 161.1331 48.1445 49.1049 -8.7757 -34.6166 17.9140 -2.9724 16.7884 -1.6753 17.1693 221.8909 227.1863 106.6564 34.6794 27.3815 12.1720 13.2292 -7.2339 7.7315 -6.7047 13.8020 257.9638 146.4957 130.7960 56.0954 28.6885 30.2426 17.0421 26.3494 -1.6856 -8.4588 18.3864 
0.0427 2.6383 7.3186 5.8248 4.2103 4.9902 4.5566 2.4959 6.0108 1.8086 3.0286 1.5657 1.5744 1.5995 1.0599 1.0738 1.7499 -0.1399 1.0419 0.8251 0.5534 0.3360 -0.8766 0.2807 -0.5164 -0.1139 -0.0005 0.1885 0.7692 1.4714 1.2013 2.0503 2.6296 1.7595 2.1025 1.9865 3.1965 0.4574 1.1596 1.9127 1.2613 1.1054 0.5360 0.5656 1.0400 0.2381 0.6717 0.2138 0.2632 -0.0535 -0.4346 -0.1314 0.0000 0.5275 1.4991 2.3250 3.1964 3.3256 2.6676 3.0883 0.9474 0.8831 1.1820 1.5455 -1.1190 -1.7655 0.1563 -0.0610 -1.4679 0.6054 -1.0066 -1.0304 -0.2679 -1.5860 0.6043 -0.3921 -0.4445 -6.6102 0.0000 0.0137 0.0239 -0.5475 1.0590 1.2145 -0.4701 -0.9484 -1.2839 0.3946 -1.5727 -1.2756 -0.5592 -0.1616 -1.2994 -0.3467 0.0283 -1.8412 -0.7460 0.4909 -0.4914 -0.9203 -0.2590 -0.7917 -0.7366 -6.5317 3.2226 14.9514 455.9457 699.9498 785.8483 736.1407 629.1083 508.5860 393.3163 393.8143 182.1555 82.8261 73.3035 -50.5555 106.2863 -22.4072 27.5709 21.8200 16.4798 -13.7154 4.2884 -4.0132 1.5435 1.4316 -2.2159 -9.3951 7.4457 94.7357 696.5939 1077.5869 1375.5059 1213.7718 1011.1176 714.7973 544.1200 330.9232 412.0478 173.1229 83.4410 193.2310 53.9968 100.6285 12.8775 -11.8389 -16.5044 28.5543 23.7407 -13.8675 -9.7241 -6.5576 1.3933 -48.1575 0.0000 6.1363 45.2968 367.6335 344.4046 455.1234 190.6658 341.3222 158.8078 129.4950 -80.0492 6.6166 -116.9893 -124.2231 -31.3706 -88.8550 -23.4495 -27.7771 -13.1962 -26.1917 0.8881 -5.1742 -13.2525 -12.5541 -2.4686 3.6699 -11.0974 26.0674 235.7426 299.6681 601.6132 183.3498 328.9489 -29.6872 -139.1744 -278.9171 -239.4770 -451.1949 -84.7209 -202.8833 -188.2096 -50.9085 -58.3679 -48.3726 -10.9688 -22.5118 -1.2485 31.0847 -18.6352 -59.0767 -25.6210 -137.4488 180.8870 132.9164 31.2321 63.1339 -0.6923 -35.2094 18.9210 -5.5913 16.9816 -3.5025 17.6468 158.6297 180.9179 76.1263 43.9226 38.1610 14.1022 3.5049 -10.2723 11.2560 -3.0224 22.1554 420.4971 155.4157 169.6100 76.4978 61.0671 48.3162 18.9472 30.7631 1.2170 -4.7097 25.2473 
0.0372 3.3217 5.8248 10.8028 5.0142 6.9117 6.1407 3.0876 8.6212 2.3034 4.2754 2.3576 2.6843 2.4888 1.4353 1.7648 2.8332 -0.4151 1.4877 1.3914 0.9822 0.4474 -1.5106 0.4230 -0.7009 0.4131 -0.0018 0.3062 1.3653 1.7206 1.4600 3.1114 3.6937 2.7290 2.7121 3.4262 4.7805 0.6948 1.4539 3.1044 1.7671 1.7407 0.7264 0.6628 1.5828 0.4394 0.9800 0.2077 0.4566 0.0417 -0.4572 0.1059 0.0000 0.5739 1.3770 1.9694 3.3170 3.4059 2.7592 3.9041 1.2121 0.8048 1.7050 2.5227 -0.6157 -2.8009 1.2164 -0.2371 -2.3909 1.0747 -1.6265 -1.5780 -0.2652 -2.6239 0.7967 -0.8165 -0.5970 -10.8014 0.0000 0.0047 -0.3427 -0.6852 1.6604 1.6475 -0.7974 -1.7273 -1.1856 0.4241 -2.4552 -1.0885 -0.5818 -0.3360 -1.4502 -0.4794 0.0186 -2.5350 -1.0353 0.7096 -0.9369 -1.0416 -0.2679 -1.3076 -1.4765 -9.4530 4.2829 13.9880 460.2403 783.3729 963.5038 936.4610 829.3064 699.0686 566.7989 562.5519 279.9492 132.6825 116.8647 -80.3575 153.8779 -30.3150 43.6076 41.8106 30.2043 -20.0325 6.1477 -9.9613 2.6611 -0.9842 -1.9621 -6.8587 9.0178 130.3137 807.5836 1468.1763 1855.8270 1726.0445 1480.9708 1091.4486 908.3120 511.8323 668.2392 283.1803 167.0274 285.4642 108.9735 164.3577 4.6840 -24.7150 -17.4580 37.9553 39.9100 -15.6025 -15.5569 -9.8484 4.2107 -75.8729 0.0000 7.5041 32.8228 380.9142 350.4355 527.1771 193.1678 479.7193 267.3286 203.8926 -12.0229 43.2304 -104.1818 -152.9674 -34.3284 -114.7500 -16.0091 -39.5964 -6.1656 -34.6623 -3.4131 -11.2574 -20.7913 -13.5790 -3.6849 14.4988 -14.9865 35.3051 267.2501 248.2493 803.6755 290.9574 635.0173 231.0402 -25.7494 -157.2625 -159.9232 -534.9789 -22.1342 -213.1451 -235.5646 -33.8817 -79.4984 -61.9237 -7.2767 -33.2425 -15.3296 68.0298 -24.4767 -76.6486 -30.9675 -208.0546 266.7838 224.2153 60.7448 92.8853 -1.8235 -57.5747 24.5811 -10.2139 30.2779 -5.1028 30.2513 302.2547 308.6469 132.9581 79.4214 61.9580 25.9088 3.1086 -12.6065 18.8834 -12.4914 22.6484 602.9888 307.3503 267.9133 134.1791 94.1426 79.4834 36.9216 45.0302 2.9814 -10.3683 29.4696 
0.0280 2.0075 4.2103 5.0142 6.8232 6.4396 5.0943 3.2454 5.7551 2.9009 3.9679 2.3954 2.0114 1.7941 0.9937 1.4747 2.3467 0.5882 1.3386 0.8008 0.1513 0.5444 -0.5586 0.2463 0.0114 0.3352 0.0012 0.3712 0.8320 1.2619 1.3965 1.9002 2.5550 1.6497 2.4287 2.0573 2.3706 1.0094 1.5843 1.9780 1.3061 1.4556 0.4227 0.8212 0.9796 0.3414 1.0595 0.2381 0.4112 0.0334 -0.2132 0.1225 0.0000 0.3728 1.0041 2.6237 3.3661 4.0112 6.3386 5.2030 3.2076 4.2152 3.9972 3.7568 0.7066 1.0299 2.2332 1.7253 -0.0066 1.5146 0.0089 0.4369 0.4140 -0.1784 0.6433 0.4420 -0.0838 -3.2423 0.0000 0.0576 0.5886 -0.1446 1.2873 1.7282 0.8120 0.7019 0.4656 1.4854 0.4424 0.1221 0.6337 0.9575 -0.5327 0.1005 0.5071 -0.5910 0.4631 0.4934 0.0909 -0.2076 -0.0845 -0.2146 -0.6083 -3.7139 4.9295 11.8052 387.9784 695.1181 823.9318 782.5768 642.6798 548.4416 399.3328 369.1629 221.9730 147.1239 73.8933 -21.2661 78.6277 -20.2075 19.5581 6.8577 9.1274 -14.0597 5.5283 1.9275 2.2447 -1.6120 -2.7712 -9.0102 14.5266 87.1828 719.6174 1167.0297 1465.2636 1335.5025 1101.9401 801.6812 638.3966 438.8337 406.7213 157.3576 53.7262 157.5138 9.7485 72.9023 3.5111 -3.8916 -14.0694 33.6588 5.1015 -8.6602 -12.1668 -10.4278 4.9609 -31.8669 0.0000 4.9138 41.8818 387.7889 608.4616 727.6804 709.6492 700.5655 499.9382 429.1245 193.8360 179.1325 25.7138 0.2146 62.4534 -55.1932 -15.2504 -22.5061 3.3627 -21.3923 2.2850 -5.0073 -9.7653 -11.9461 -6.1859 -14.0031 -7.1873 36.5198 262.7216 799.4846 1472.1582 1442.8454 1396.4231 1113.4747 836.7184 405.0909 205.2178 -56.0776 123.9472 -34.0602 -127.8454 -30.0990 -21.1316 -50.1670 -8.8695 -21.5740 3.7636 11.0468 -6.0866 -38.4357 -23.1740 -100.2798 245.0493 170.6203 70.8959 72.5235 14.4365 -14.5546 15.2277 -4.5735 15.2391 -6.6030 8.8691 256.6445 255.7570 117.2956 74.7582 51.4545 19.9731 0.1564 -2.8511 13.8737 8.5049 18.9041 596.5164 233.3950 206.1810 108.6343 87.8352 57.9051 18.2841 29.4262 7.9368 0.1634 34.6191 
0.0400 3.6831 4.9902 6.9117 6.4396 29.5999 7.3705 5.7765 12.1191 4.1737 6.6706 5.1605 5.5660 4.7012 4.0040 3.1148 3.6144 0.6522 2.6669 2.0642 2.8749 1.9142 -0.4822 1.1714 -0.3466 4.1715 -0.0026 0.0971 1.4530 2.5553 3.0379 3.5792 4.7948 4.7164 3.7968 5.0395 5.8085 2.5243 3.0810 3.5006 2.8086 1.7607 1.6859 1.4752 2.0753 1.0017 1.2053 0.8822 1.4754 0.5928 -0.5598 3.3826 0.0000 0.5447 1.4441 3.2954 5.6220 7.1455 16.8833 10.2288 6.8251 7.8469 7.9448 7.2882 3.2533 2.8275 5.8896 3.4082 0.5159 5.8154 1.3812 -0.1128 1.7100 -0.6854 1.7746 0.8488 0.0638 -3.3951 0.0000 -0.0861 2.1798 -0.6425 2.5481 2.6879 0.8364 0.4477 0.9169 2.5859 -0.6162 1.5116 1.7780 2.2930 0.7750 0.5291 1.9344 -0.9650 0.9223 2.0056 0.8523 0.2664 0.7723 0.0500 -0.5361 -5.9961 3.0202 26.6651 506.8528 1054.5201 1387.7029 1160.6214 1093.4144 926.4090 735.4472 844.5375 465.7760 283.6639 251.1966 27.2520 164.9001 11.3519 38.1696 0.1437 42.1419 -0.7742 4.3748 9.5283 -4.6905 -0.1954 -2.1474 -6.9957 11.9339 128.2613 1269.3432 2108.4303 2726.7551 2532.6105 2220.1186 1830.3799 1446.6382 881.5706 875.1663 423.2633 269.0936 454.4580 144.5369 154.7523 75.9517 27.4472 22.9595 49.0194 43.4299 -15.8665 -2.4421 -0.8627 -21.3759 -71.1059 0.0000 4.8311 20.4252 772.4912 960.2554 1444.9060 1063.8290 1430.0358 1296.8069 982.3131 640.9145 565.7076 233.4658 60.6267 99.2019 86.9703 70.4093 -31.1211 71.2136 -23.5135 23.5281 3.7478 -30.3568 -15.6147 -2.5636 18.3383 -14.5849 21.9202 462.0720 1330.2180 3120.9905 3479.2441 4081.9991 2743.8676 1957.7158 1580.8328 1152.1899 303.9183 550.1854 190.3055 -42.8328 192.1062 53.1542 35.0813 68.9024 34.7561 36.5413 116.0956 -16.4569 -78.5251 -21.7146 -130.4681 433.0680 297.6697 126.6200 120.3688 12.1640 -45.1071 34.2540 -1.5847 41.2623 -2.7315 29.3995 601.6781 512.5557 243.6526 132.2582 81.5517 55.8500 27.9484 -4.5010 21.0656 -7.2364 31.9506 872.5449 435.3117 381.2266 194.9087 133.3232 108.5383 61.1647 61.2051 4.9382 -6.6537 71.5419 
0.0115 1.9435 4.5566 6.1407 5.0943 7.3705 8.5866 3.5273 8.3254 3.3919 4.2276 2.3691 2.8316 2.3790 1.2653 1.6087 3.2200 0.0062 1.6483 1.3175 0.8134 0.5699 -1.0982 0.6661 -0.2789 0.8628 -0.0014 0.3221 0.8856 1.5527 1.6581 2.3368 3.6755 2.7540 2.7171 3.1017 3.8795 0.8883 1.7784 2.6860 1.7902 2.0201 0.4959 0.8039 1.5233 0.6427 1.1715 0.1334 0.5373 0.1537 0.1172 1.2405 0.0000 0.5305 1.1828 2.2130 3.9111 3.4811 4.8325 4.8801 2.8883 2.7159 4.2171 3.8837 0.9919 -1.3236 3.3429 1.0690 -0.7821 1.7508 -0.3986 -0.3554 0.2755 -1.1407 1.2319 -0.4252 -0.1259 -6.2315 0.0000 -0.0468 -0.0555 -0.3968 1.8821 1.8550 0.0677 -0.1324 0.0240 1.4578 -0.9524 -0.0329 0.4752 0.5083 -1.0138 0.2717 0.9451 -1.5560 0.3403 0.6663 -0.2387 -0.1545 0.0277 -0.7317 -1.1513 -5.3325 5.8736 15.5048 380.5897 760.8020 930.5438 908.0309 729.1475 635.5162 509.3894 558.1017 295.9189 143.5883 125.4219 -49.2277 135.0076 -34.6202 39.4611 23.8587 23.7677 -22.2163 8.6803 -3.3487 1.8563 -2.3935 -2.1903 -11.0215 13.2660 115.0385 785.8733 1438.0702 1782.7619 1683.0997 1398.1922 1070.2857 964.5083 528.7062 593.3129 246.6382 111.0821 266.2930 71.9230 134.2590 2.4993 -15.9317 -18.8876 44.0630 20.3462 -6.3034 -12.5493 -11.9244 11.3704 -36.9156 0.0000 5.8417 22.1152 367.4262 484.0273 712.2075 585.2791 720.0805 518.9923 369.9196 186.0698 201.1626 9.1115 -65.0285 28.0200 -63.8833 -8.2726 -31.1488 8.2341 -18.8104 -1.5645 -7.1405 -15.5023 -13.6577 -9.7183 5.4655 -11.9519 35.0975 272.0563 617.7609 1484.6978 1307.1488 1512.9867 1118.1666 684.4282 447.4754 206.4777 -170.0567 139.0677 -8.7479 -147.5864 -23.2439 -40.1003 -53.5310 13.3696 -4.0741 -9.3834 41.1038 -10.5362 -60.1525 -22.6362 -153.5584 256.2570 177.9609 51.4345 101.5588 11.2828 -36.3985 21.8369 -10.4634 29.9073 -5.6095 21.6049 311.6045 292.3293 133.6273 108.0129 58.8949 32.7590 5.8995 -1.5104 21.9443 2.0482 28.4473 606.4964 224.7674 216.7710 133.1739 108.6629 76.6752 28.8899 47.9357 11.5551 -1.3687 42.0036 
-0.0096 0.7844 2.4959 3.0876 3.2454 5.7765 3.5273 5.9608 2.6941 4.1675 2.9842 4.3925 2.6428 2.6907 2.0095 2.3553 1.8242 2.2082 0.9401 1.1430 0.4161 1.1911 1.6803 0.7456 0.8033 3.3697 0.0054 0.3819 0.7832 0.6790 1.0074 1.2537 1.0772 2.4866 2.0800 2.5083 1.2041 1.7454 1.9929 0.9899 1.0348 1.7863 0.9278 1.2961 0.8572 0.8341 1.1198 0.8451 0.6294 0.2474 0.4281 3.1323 0.0000 -0.0263 0.4209 0.6246 2.5225 2.8613 6.3928 3.0930 4.0059 4.1216 3.5593 3.0867 3.8864 3.6646 2.7180 2.6423 2.4228 1.7732 0.8438 1.4487 1.6000 1.4054 0.2221 1.2330 1.0048 3.9562 0.0000 0.0852 0.9859 0.9665 0.8116 1.4137 2.0267 1.9117 2.1441 0.8354 1.7291 2.1963 1.3655 2.0571 1.3301 1.1863 0.9493 1.3895 0.8119 0.8972 1.0668 0.9000 0.6634 -0.0239 0.9573 2.4735 1.7419 8.3045 263.5349 571.7674 708.6968 708.5520 645.9147 647.7634 483.9707 306.5922 236.9950 212.3160 123.3704 112.0363 21.8472 71.3139 18.3160 13.5290 7.2630 10.9211 0.0345 1.9103 5.6057 2.8859 -1.5527 18.2249 10.6870 58.3876 680.7494 1059.3980 1318.2927 1326.1169 1130.1594 1008.2479 683.9840 608.0340 367.0026 282.2223 176.1675 124.3461 47.2817 44.6291 59.3313 59.7383 15.7016 25.1383 12.0154 22.7299 15.0509 5.9787 11.7749 1.4633 0.0000 1.3070 63.6379 354.0085 696.0228 728.4177 896.6019 837.5995 676.9264 546.8422 375.6519 279.2297 202.8440 136.1242 111.8621 77.0625 12.9125 3.6072 10.8534 1.9695 14.6737 4.5542 17.1293 0.5222 0.9412 -6.1467 7.3966 14.7209 242.1190 969.8612 1649.5116 2071.4583 1856.7394 1641.2878 1360.3895 879.5195 674.8535 579.9287 394.6179 229.5399 139.3716 103.0903 98.7224 19.7602 32.0168 7.8006 24.0987 8.2534 2.3904 29.8257 21.5007 34.2963 269.9647 176.8936 143.7104 89.5876 55.6812 33.4968 2.9046 13.9848 2.7138 -0.6189 10.6312 442.8492 287.8062 210.9512 120.1233 77.2647 30.5901 4.9590 11.2782 13.9327 19.9799 27.6102 566.6039 258.1312 204.7196 84.3549 79.1777 45.5406 20.4343 4.2342 10.0479 14.6380 30.4021 
0.0670 4.2166 6.0108 8.6212 5.7551 12.1191 8.3254 2.6941 16.7129 1.2954 6.0717 0.5128 3.8564 2.8612 2.2631 1.3264 3.7608 -2.1802 2.7650 1.7109 2.6616 0.3937 -3.7392 0.7423 -1.8077 -0.0271 -0.0117 0.0902 1.2326 2.8026 2.5780 4.3966 6.6583 3.7648 3.3600 4.0784 8.1738 1.1791 1.6904 4.9791 3.1872 1.6118 1.1524 0.7358 2.6685 0.5681 1.0713 -0.0742 1.1004 0.2990 -0.7708 0.4404 0.0000 1.0882 2.0495 3.5837 4.7034 5.0160 3.7333 7.9291 2.3478 1.9330 5.5146 5.1227 -1.4880 -4.8307 4.3261 0.2245 -3.3424 3.9644 -0.2033 -2.1345 -0.3247 -3.8353 2.9777 -1.3260 -1.1287 -13.6874 0.0000 -0.2537 -0.4554 -2.3991 2.7237 2.2730 -2.4564 -2.4925 -2.2755 2.8976 -4.0659 -2.1580 0.0513 -0.5098 -2.0810 -0.2401 1.6553 -4.1444 -0.6182 1.8516 -0.9719 -1.3855 -0.0735 -1.0027 -2.2834 -12.1348 4.4158 22.4436 510.9600 937.4084 1154.7529 1059.1457 948.5593 671.2855 581.9542 888.2182 390.2164 98.3606 191.3667 -183.8491 296.8419 -107.6348 64.1056 51.5432 51.0862 -34.2655 14.4289 -8.3376 -6.1325 -0.4964 -1.3643 -44.2919 2.5451 163.9541 1008.5889 1850.1508 2457.3717 2200.7308 1967.8074 1414.1841 1404.5750 540.3465 1005.2834 374.3340 193.7341 529.2506 201.5283 269.5403 9.0371 -79.9111 -17.7757 49.7532 61.0758 -46.7297 -30.7197 -15.0561 -7.4795 -78.1754 0.0000 8.3923 -50.5354 433.3287 208.8938 815.8134 125.4518 747.4069 617.3376 435.9795 130.8159 310.3040 -72.0178 -231.7270 -44.5368 -110.8177 39.1994 -35.1960 37.1020 -37.5341 -6.6639 -13.1292 -58.4834 -22.6862 -7.4782 51.5986 -38.6717 41.9298 317.6721 193.2079 1363.1506 637.2154 1796.1006 837.4260 372.7823 522.1914 286.1382 -653.3412 147.4073 -71.7412 -247.3053 52.1137 -88.5885 5.1909 56.1644 33.1516 0.4810 145.0012 -21.5431 -156.7951 -65.6385 -286.3870 345.1193 309.4151 24.2467 116.7867 -35.2282 -114.3472 57.0670 -27.2907 62.9121 -1.6874 51.8113 434.0312 523.4719 202.3516 134.0829 64.3275 51.6901 41.6741 -18.7107 24.3377 -29.6517 47.3873 659.0630 342.6763 326.4658 212.4416 120.8700 104.9586 56.8007 95.0780 1.4888 -27.4505 67.5351 
-0.0285 0.0859 1.8086 2.3034 2.9009 4.1737 3.3919 4.1675 1.2954 6.9820 1.8757 4.7297 1.9295 2.6001 1.6300 2.2934 2.0627 2.7280 0.5443 0.9413 -0.2794 1.1149 2.5109 1.0562 1.0344 2.8113 0.0079 0.6207 0.4871 0.4695 0.7619 0.8664 0.5134 2.2414 2.1003 2.1435 0.0285 1.1994 2.1887 0.1285 0.6921 2.0882 0.4888 1.5112 0.8267 0.9760 1.1893 0.9176 0.3336 -0.0289 0.8889 3.6927 0.0000 -0.0625 -0.0110 -0.0227 2.0425 1.9177 6.3696 1.7003 3.4630 3.6749 3.0823 2.6516 4.2221 3.5730 2.0498 2.8177 3.1677 0.9667 0.4091 1.7434 1.6606 2.0092 -0.0529 1.0987 0.9420 5.4608 0.0000 0.0753 0.8895 1.2220 0.5113 0.9184 2.3800 2.1796 2.6904 0.3685 1.9158 1.8635 1.2458 2.2592 0.5990 1.1218 1.1001 1.4304 0.8135 0.6099 1.4693 1.0378 0.4858 -0.4859 1.1345 3.6468 1.9068 9.9201 168.0311 470.2772 576.8425 638.1738 498.4590 642.8425 433.7138 249.1995 194.0293 195.2444 122.3805 145.8782 -7.2743 87.4014 14.3155 9.2343 -7.1974 10.8821 -2.7471 1.9037 9.9140 6.7262 -3.4970 18.3652 12.0524 48.3433 599.2876 826.8383 1159.8662 1208.1851 995.5733 950.5723 515.3555 623.9062 250.8851 248.4625 117.5413 78.8481 -12.8376 10.8896 60.0768 72.2877 0.0124 29.3971 -1.9801 30.5605 24.6273 2.3133 27.7483 13.3972 0.0000 0.3022 71.5803 317.6464 620.1608 591.4537 921.6996 729.8862 574.9394 449.0226 315.1828 256.1624 222.2304 115.2421 117.4492 87.0590 -22.3760 -3.6560 -12.5798 1.6933 18.5164 1.6579 36.3909 -3.5095 -2.3010 -17.7634 11.8237 10.6182 203.1527 852.5906 1520.9560 2045.1176 1568.1535 1495.9834 1263.1629 680.9291 543.7227 615.2357 352.1489 204.0513 119.6647 32.9599 83.6801 -27.9990 15.9753 1.0973 18.7090 -32.7749 7.1245 43.0489 33.7941 45.0250 237.4967 161.3506 144.9500 106.2564 74.4068 49.0874 -10.3314 12.6000 -7.2162 -2.7591 6.6673 335.6100 232.0167 187.5296 104.3440 62.1076 16.9907 -3.9907 13.0388 15.4547 33.1454 36.4573 585.4454 216.9470 181.1853 44.8871 80.1621 22.4957 2.4179 -9.5616 15.0984 24.0047 21.6345 
0.0525 1.9929 3.0286 4.2754 3.9679 6.6706 4.2276 2.9842 6.0717 1.8757 6.5746 2.4145 2.7627 2.0163 1.7739 2.2113 2.1266 0.6675 1.7683 1.0942 0.6809 0.6279 -0.7671 0.2725 -0.0440 1.6677 -0.0010 0.2322 0.9815 1.4507 1.0836 2.1004 2.8056 2.0877 2.4613 2.2506 3.8212 1.9574 1.7537 3.0062 1.6751 1.3561 0.9126 1.1895 1.5683 0.4649 1.3519 0.3545 0.7936 0.1838 -0.4877 0.7506 0.0000 0.2409 1.0125 1.5236 2.3757 4.0682 6.1862 5.8886 3.3962 4.9542 4.6773 4.3733 1.2005 2.6140 3.0588 2.5427 0.5363 3.0421 0.8616 1.0071 0.9439 -0.2037 1.2325 1.0946 0.4205 -1.0227 0.0000 0.1087 1.0575 -0.3776 1.2371 2.2646 0.6260 0.9093 0.7207 2.3799 0.8686 0.4458 1.2371 1.2587 -0.0240 0.7537 0.8862 0.1310 0.2951 1.2978 0.3967 -0.0562 0.1308 0.1231 -0.2600 -2.1163 3.1106 7.7057 310.4842 593.6033 745.4970 690.6001 707.2035 579.0336 431.7022 369.7654 273.2938 207.3988 110.4948 -8.9390 132.9946 7.3214 30.4251 15.7679 15.6491 3.6673 3.4551 -1.0532 4.2929 -0.8813 -0.9916 -10.8111 7.2572 79.6075 689.6868 1145.1982 1527.0822 1421.6110 1315.1954 961.6883 784.7727 553.1391 622.3613 263.0536 190.1412 239.2593 98.5352 139.3954 36.3358 -4.3430 7.7829 36.3507 33.3828 -13.2367 -10.3700 -1.7611 7.6336 -30.4466 0.0000 4.1301 17.0397 322.5760 494.4282 671.2496 598.8396 770.4319 614.3523 631.6824 340.8178 315.0718 184.3857 71.0010 117.7612 3.8521 43.7960 4.2581 39.4591 -19.8116 11.9481 -0.5197 -13.4235 -3.6229 2.9705 11.4131 -9.9486 41.8106 232.6269 727.1084 1480.1869 1447.1567 1703.6838 1534.4907 1229.1304 858.1494 664.9802 198.8170 402.7863 170.9663 34.8422 139.2464 78.4274 52.5621 43.1831 8.0823 37.0235 72.0032 4.6893 -23.9981 -23.1363 -53.7608 293.5261 222.3428 111.9945 82.5652 17.3079 -18.8674 27.1726 2.7632 18.6926 -1.9999 25.8433 451.7703 377.4496 211.6325 103.8088 80.4765 32.2705 22.5059 -4.5266 13.9565 -3.3054 34.8915 449.3927 223.3945 187.7093 102.5082 68.5512 57.9024 17.9190 25.6758 1.7913 -10.3652 32.9727 
-0.0119 0.4806 1.5657 2.3576 2.3954 5.1605 2.3691 4.3925 0.5128 4.7297 2.4145 7.8154 2.6414 3.4504 2.6321 2.9371 1.4325 3.2851 0.5243 1.0141 0.4003 1.6443 3.0369 0.7660 1.1042 4.2174 0.0092 0.3749 0.5971 0.6699 0.6882 1.1645 -0.0802 2.8426 2.0260 2.7155 0.2824 2.1688 2.2985 0.3998 0.7692 1.7322 1.1965 1.5776 0.6527 0.8284 1.2568 1.3875 0.6473 0.1407 0.2623 3.3093 0.0000 -0.2825 -0.1418 -0.9374 1.4912 1.9348 5.6411 1.3545 2.9414 3.4220 2.3914 1.9980 4.4027 5.0837 1.2161 2.7897 2.9895 1.1836 0.4138 1.6090 2.0117 1.8700 -0.8794 1.8592 1.1799 5.5053 0.0000 0.1566 1.1284 1.3407 0.1663 0.9808 2.3685 2.0381 2.3183 -0.2520 1.9461 2.3920 1.1648 2.6541 1.7276 0.8820 0.2004 1.9589 0.3182 0.8056 1.3741 0.7125 0.8278 0.0189 1.7474 2.9119 -0.7464 5.5303 183.7905 451.8220 579.5156 644.2080 620.3384 693.9172 510.1704 199.5766 193.1826 239.8701 115.7027 167.1197 -30.4887 123.4766 9.5555 13.9577 -1.4085 19.7294 -6.9734 3.9058 8.3301 6.7024 -2.5181 33.7314 10.8448 37.5309 647.6004 922.1294 1234.1988 1285.8102 1137.1147 1080.9517 556.1589 675.4590 274.7159 292.0892 191.7145 60.7530 17.3898 -0.5203 81.7223 92.3057 17.6130 11.6260 8.4653 29.6004 26.6421 12.9974 10.2151 -12.8343 0.0000 -0.9125 75.8780 306.3187 635.6225 511.3951 733.1238 668.5235 533.7855 451.9063 276.7867 194.5673 183.5081 143.7633 96.4336 97.0298 -10.0394 -6.6235 -11.1656 -8.6930 17.3188 6.1003 32.6888 3.8987 5.8771 -12.2526 15.4712 4.0001 194.6331 830.1179 1319.7186 1872.2435 1485.8418 1292.3340 1194.9856 597.5640 540.4600 627.9176 316.8777 140.9474 134.2490 83.8541 103.2178 -10.0376 -2.3448 -19.2895 18.0198 -15.5332 -7.8435 57.3170 33.5355 63.8961 260.9322 147.3123 159.5112 84.4485 67.9683 54.6938 -9.0441 21.6153 -9.2341 -0.9137 2.6528 421.6855 205.9770 195.4469 91.6978 73.5912 14.8300 -5.2373 9.5725 8.8110 27.9196 23.0832 554.5823 253.1589 226.1725 50.0974 72.9055 36.5686 17.4058 -16.6952 4.8785 19.6991 20.8166 
0.0113 1.0184 1.5744 2.6843 2.0114 5.5660 2.8316 2.6428 3.8564 1.9295 2.7627 2.6414 4.1188 2.1440 2.0412 1.6892 1.3179 0.9682 1.1476 1.0873 1.4030 0.9250 0.4092 0.6215 0.2533 3.2342 -0.0004 0.0798 0.6385 0.7412 0.9432 1.5124 1.6563 2.1410 1.3688 2.1496 2.2988 1.5733 1.4484 1.6184 1.1846 1.0964 0.9194 0.8972 1.0195 0.5944 0.8557 0.6127 0.8456 0.4511 0.1924 2.8963 0.0000 0.0392 0.4975 0.6499 1.9247 2.3552 4.0872 3.2902 3.0812 2.8277 3.2478 2.8960 2.9561 1.9274 3.0010 1.8224 1.1835 2.3463 1.1106 0.7219 1.3296 0.2990 0.8144 0.7316 0.6113 1.6165 0.0000 0.0065 0.8205 0.3524 0.9611 1.1638 0.6995 0.8102 1.3478 1.2265 0.6083 1.6766 1.2426 1.2578 1.4805 1.0638 1.0518 0.8863 0.5804 1.1358 0.5838 0.6380 0.7405 0.4061 0.3650 1.4644 -0.0728 5.1648 181.3450 400.5613 518.0617 495.2822 536.1419 461.4723 390.3879 332.6687 231.3953 161.3416 126.7563 49.3937 71.1937 39.8296 25.6723 23.0542 20.8780 6.0378 1.7660 1.0909 -0.1100 0.3120 0.9373 7.9988 2.9478 51.4182 493.1713 882.4032 1034.2495 1050.6966 942.2619 825.7141 711.0052 452.6808 418.6107 257.0525 201.8206 177.8375 121.9956 87.5155 53.0080 28.9756 27.2043 19.5806 27.0749 10.2984 7.8658 9.7058 1.6915 -2.5583 0.0000 1.0408 15.6293 236.7596 414.6321 553.3733 504.0929 669.2087 602.6295 457.9930 362.3375 285.7932 184.4581 97.3136 72.6030 83.7070 52.2033 11.1479 37.0924 10.2727 6.1763 5.7796 -1.8574 5.5284 3.3465 23.8793 -0.0051 6.5145 178.4565 600.7189 1222.5487 1405.4568 1619.6863 1314.8955 997.4801 878.7511 700.7115 416.9483 401.5805 260.0816 154.9267 177.0744 100.1768 68.1801 58.2408 40.4935 26.9093 59.2916 9.4711 3.9352 7.0324 12.6522 230.6830 168.0870 100.9442 64.8512 21.7079 1.5436 14.6577 7.0131 14.5335 1.8754 17.2615 420.5499 293.4611 183.5796 105.2167 59.9310 34.0717 19.7600 7.2854 11.2829 1.3169 23.4094 392.9754 263.4332 187.3394 98.1851 60.1308 50.2290 31.3648 19.9635 3.9103 -0.3621 27.4710 
0.0041 0.9430 1.5995 2.4888 1.7941 4.7012 2.3790 2.6907 2.8612 2.6001 2.0163 3.4504 2.1440 3.9104 1.9710 1.7764 1.4741 1.2821 0.9494 0.9286 1.0899 0.9915 1.0551 0.7575 0.2634 2.8660 0.0013 0.2355 0.4681 0.7786 0.9088 1.3051 1.0618 2.3168 1.4762 1.9813 1.6683 1.3771 1.5301 1.1862 1.0555 1.1241 1.0105 0.8700 0.8978 0.6806 0.8042 0.7730 0.6700 0.2406 0.2016 2.7753 0.0000 0.0751 0.2927 0.3401 1.5555 1.9255 3.1653 2.1654 2.4387 2.2288 2.6759 2.3260 2.8161 1.8525 2.0265 1.7578 1.4984 1.8679 0.9807 0.7453 1.2537 0.6067 0.6570 0.8275 0.6098 2.6921 0.0000 -0.0222 0.4405 0.2033 0.7678 0.7272 0.7565 0.7766 1.4219 0.8536 0.4289 1.4770 1.0624 1.6306 1.0404 0.8889 0.9407 0.6603 0.4831 1.1418 0.8417 0.4996 0.7150 0.0595 0.8687 1.4685 -0.8300 6.8961 174.6419 379.9223 468.6455 481.0445 461.8410 457.5479 349.8761 287.3036 187.3319 142.8098 117.8340 72.0114 51.0027 51.5635 20.9787 22.1885 11.2208 11.1535 0.2071 0.4475 1.6046 4.6565 -0.8245 7.1241 2.7234 41.0673 483.8133 723.9135 987.6717 987.3341 890.2398 809.1523 575.6257 454.6571 336.0371 262.2947 183.9463 162.7318 79.5584 60.2406 68.4579 42.7841 20.4714 21.7110 19.7930 13.8105 13.9531 10.3272 4.5462 2.2746 0.0000 0.3644 21.4833 224.7519 343.2185 434.1748 415.9649 515.7094 471.6444 357.5740 238.1155 235.5822 135.2843 69.0067 63.8185 82.1493 28.1229 6.9306 14.8405 2.1272 12.3616 2.8821 9.0109 -0.0846 2.4947 15.1907 1.5205 1.0292 148.9543 440.3203 935.4400 1133.3020 1263.4702 959.6087 819.9828 636.2996 543.5535 399.5342 320.2832 197.0435 138.1015 135.8309 90.4705 50.4730 50.6623 35.1954 26.2777 28.7728 5.1165 12.6794 15.3905 24.5165 240.6042 190.4656 116.2553 77.4211 35.7011 13.2345 7.9935 7.9276 7.6087 2.1815 14.1331 421.6653 317.9657 213.5691 116.5377 61.7122 27.9202 17.6286 6.9918 11.6543 10.4572 31.0496 434.6506 247.7373 195.3258 81.2488 60.8120 35.5336 25.1242 13.5762 5.6595 6.1866 32.3940 
0.0145 0.8910 1.0599 1.4353 0.9937 4.0040 1.2653 2.0095 2.2631 1.6300 1.7739 2.6321 2.0412 1.9710 2.8472 1.3078 0.5345 1.1470 0.7245 0.7680 1.3471 0.9423 1.0337 0.5859 0.1309 2.6731 0.0004 0.0662 0.3458 0.7306 0.7559 1.2231 0.8431 1.7882 1.0469 1.6644 1.5877 1.4833 1.4167 0.8540 0.9678 0.6617 1.0774 0.8594 0.7920 0.5241 0.6094 0.7687 0.7056 0.2692 -0.0386 2.3854 0.0000 0.0234 0.2431 0.0931 1.0871 1.6046 1.8669 1.7562 1.8718 1.6196 2.0481 1.6064 2.2019 1.9738 1.5047 1.4154 1.2885 1.8148 1.0187 0.5611 1.0968 0.4795 0.4431 0.8387 0.4821 2.7303 0.0000 -0.0304 0.5626 0.0731 0.2806 0.4858 0.4166 0.5639 0.7187 0.7456 0.2390 0.8965 0.8019 1.2474 1.2763 0.5648 0.7441 0.6918 -0.0048 1.1344 0.7794 0.2702 0.6949 0.2537 1.0431 1.5892 -2.5539 3.7832 142.1620 291.7132 348.6993 366.2620 411.1049 364.1559 297.3132 224.9163 145.1107 119.0406 101.7482 62.2544 41.3762 49.8759 13.1622 24.2363 10.3364 13.0953 -1.2541 0.4186 -0.6661 5.7390 -0.2934 5.8962 -1.5158 28.6450 422.7504 583.6820 803.1557 776.3136 749.9557 683.5967 469.9159 350.0009 269.8951 227.0911 154.9221 132.8223 77.3180 45.7146 65.8555 35.8493 22.6856 7.9885 20.5573 8.6816 13.3268 13.1508 -2.6204 -0.3918 0.0000 -0.6292 10.6363 176.2870 259.1476 346.6943 265.4842 418.0285 408.7134 307.8913 195.6604 208.2304 108.0876 50.3650 38.4795 81.5674 30.0295 9.2052 14.2610 0.7516 8.0534 2.9843 4.5199 3.2068 5.6074 20.2979 0.4809 -3.7048 115.2036 336.1987 680.2711 856.5003 1066.8692 721.1087 653.7322 550.1093 486.5232 344.2967 258.7306 160.7815 140.4020 132.6067 81.1390 56.0822 38.2348 33.3729 24.9610 31.8342 1.3422 7.6409 10.8684 32.8432 169.2542 128.8399 81.7010 42.5067 20.9332 9.8589 9.2096 7.7638 6.0804 3.5295 10.3730 298.4731 214.2274 148.3526 71.1327 40.0089 16.6959 17.2659 2.0018 3.7086 5.3428 23.9224 267.1718 184.0508 153.3592 51.3487 32.8383 22.4959 21.7657 8.1602 -0.8547 1.4947 22.3328 
0.0045 0.4552 1.0738 1.7648 1.4747 3.1148 1.6087 2.3553 1.3264 2.2934 2.2113 2.9371 1.6892 1.7764 1.3078 2.7711 1.0856 1.4576 0.6348 0.7132 0.2142 0.7300 1.0523 0.4578 0.4880 2.4181 0.0032 0.2637 0.5610 0.4430 0.2917 0.7611 0.5302 1.5239 1.2543 1.5256 1.1537 1.2648 1.2333 1.0077 0.6456 1.1690 0.6597 0.9391 0.7369 0.5657 0.8474 0.5515 0.3786 0.0922 0.1254 2.0503 0.0000 -0.0991 0.1722 -0.4166 0.7329 1.3925 3.8182 1.5562 1.9370 2.4245 1.6013 1.7517 2.2409 2.7423 1.3002 1.7587 1.4629 1.3080 0.4268 1.0766 1.0406 0.7469 0.2289 0.9151 0.7905 2.7725 0.0000 0.1085 0.6955 0.5423 0.3501 0.9679 1.0652 0.9559 1.2475 0.4656 1.0897 1.3019 0.7907 1.2877 0.7560 0.8496 0.4898 1.0749 0.2974 0.7418 0.7258 0.5164 0.3949 -0.0423 0.7151 1.5560 0.5469 3.8062 103.1794 250.8989 340.6679 362.3059 379.2536 402.0691 308.0460 157.1260 147.1339 161.0510 79.1445 74.8234 28.8978 58.0048 14.3350 11.0723 6.7093 16.4628 -0.9593 -2.1005 6.3706 2.8933 -0.6628 12.7263 4.0552 27.7254 339.1200 528.5322 741.9823 782.6980 729.4536 641.1962 407.3219 426.2324 306.2672 201.8254 157.9389 104.3719 54.1620 55.2042 52.4411 36.0100 14.8013 22.4155 18.7701 15.4815 12.4480 6.8816 11.3315 -2.2618 0.0000 0.8309 33.7285 163.8450 317.1377 292.2978 390.8447 410.4689 334.7559 341.5914 223.6732 172.4570 169.1219 102.8354 86.0842 60.7976 21.8807 8.1973 11.8059 -3.6671 15.8281 2.0146 14.6737 1.8928 3.5989 3.3644 4.7309 10.6744 113.1838 396.4624 743.4793 951.1343 893.7449 892.0294 772.2054 499.6603 442.9824 388.6838 305.3202 161.7504 120.2860 118.4667 86.0627 42.5457 28.3871 7.0199 23.4460 24.0310 3.6553 27.7783 15.7346 34.9924 187.4113 134.8395 112.2724 61.2088 39.2318 22.4293 5.1984 10.8147 0.0929 0.4625 11.4480 342.9892 228.6962 170.7934 89.3218 65.7640 21.3180 7.7715 4.4792 9.7657 8.0760 26.1438 292.7358 156.1549 121.5220 41.7075 41.5192 27.6056 8.8360 -3.8377 3.6383 3.7919 13.3603 
0.0028 0.7578 1.7499 2.8332 2.3467 3.6144 3.2200 1.8242 3.7608 2.0627 2.1266 1.4325 1.3179 1.4741 0.5345 1.0856 3.1473 0.0994 0.8725 0.7083 0.2397 0.2560 -0.3614 0.4683 -0.0072 0.7088 -0.0005 0.2495 0.4785 0.6061 0.7059 1.0232 1.7221 1.3971 1.3691 1.3993 1.8956 0.3800 0.8361 1.5578 0.8639 1.2367 0.1889 0.5079 0.9016 0.4421 0.6944 0.0362 0.2732 0.0604 0.2986 1.2335 0.0000 0.2272 0.5170 0.8682 1.6387 1.6251 3.3323 2.5905 1.7886 1.9283 2.3539 2.3461 1.0849 -0.0849 1.9460 1.0221 0.1159 1.1360 0.0707 0.2737 0.3249 -0.1994 0.9164 -0.0945 0.1197 -1.4700 0.0000 -0.0079 0.1608 -0.1004 1.0968 1.0337 0.2611 0.1713 0.6308 0.9126 -0.0782 0.4740 0.4674 0.5199 -0.5143 0.5220 0.6744 -0.3459 0.4530 0.5046 0.1683 0.1763 0.0221 -0.4215 -0.5194 -1.3541 3.1871 7.8142 138.3123 312.1517 398.5037 397.0594 318.1395 311.6175 236.5932 262.0314 147.7785 84.5538 74.7991 -7.0701 71.6917 -9.0567 22.0363 12.9177 12.4155 -4.6916 5.0498 -1.8574 3.0329 -0.1161 -1.0774 -5.3146 5.7765 52.2258 335.6502 616.6372 822.4066 806.9462 687.8498 542.5371 475.9174 311.7510 337.0839 144.3232 77.6036 153.5468 48.2522 83.0046 14.5006 -3.4119 -2.3188 31.3578 12.7056 1.0545 0.2661 -6.1943 13.2758 -6.6087 0.0000 2.8766 10.3270 172.3241 228.0222 339.3362 335.4982 382.7504 293.4681 240.6683 147.8922 148.8237 78.5375 1.3035 42.8911 -5.9593 10.5776 -4.6873 10.4872 -3.7828 6.8501 -2.8951 -1.4871 -6.9943 -4.8368 4.8648 -5.6784 18.7855 125.9743 302.3131 804.0968 791.6077 864.4601 751.0637 521.7548 379.7352 251.0504 54.2246 187.6186 84.4215 -13.1258 33.8983 7.6836 3.1920 24.1366 10.6840 7.1081 28.8024 4.3417 -21.3163 -4.1947 -51.5617 161.2547 133.5362 56.4778 67.8571 18.0473 -12.2814 10.6788 -4.4044 13.2008 -1.7763 16.0063 248.4857 235.2822 124.7583 88.4831 46.3667 24.9144 7.7797 2.0913 14.4540 2.8842 24.8503 309.8952 124.7723 105.3930 64.8466 56.6203 33.8051 11.3699 20.1019 6.9749 0.1774 22.3824 
-0.0157 -0.4956 -0.1399 -0.4151 0.5882 0.6522 0.0062 2.2082 -2.1802 2.7280 0.6675 3.2851 0.9682 1.2821 1.1470 1.4576 0.0994 3.6924 -0.0299 0.3584 -0.1907 0.9415 2.5005 0.3389 1.0849 2.6022 0.0074 0.2645 0.1054 -0.1591 0.0036 -0.1146 -1.0370 0.9147 0.6628 0.8171 -1.2770 1.2983 1.3823 -0.4760 0.0061 0.9031 0.5468 1.0771 -0.0015 0.4457 0.7016 0.8659 0.2610 0.0878 0.3540 2.3691 0.0000 -0.3629 -0.4532 -0.9242 0.1612 0.6293 2.9620 0.2384 2.0447 2.6812 1.3022 1.0064 3.3257 4.7401 0.7392 2.2315 2.9741 0.4790 0.8465 1.8763 1.4963 2.3057 -0.6677 1.6537 1.1238 7.2902 0.0000 0.1465 0.7256 1.2434 -0.5061 0.4439 2.1596 2.1869 2.1818 -0.0131 2.5394 2.3163 1.1706 1.9124 1.9542 0.9090 0.3861 2.4391 0.7057 0.4110 1.2759 0.9999 0.6105 0.5228 1.5805 5.5713 -0.8916 -2.0970 22.8622 104.3455 131.8507 208.2229 211.2618 295.2618 210.0942 -35.4336 61.7082 145.8483 36.8098 135.8232 -67.7556 87.1547 -5.9031 2.0546 -9.6506 17.7502 -4.0384 5.5474 5.7875 4.4133 -1.1913 26.1734 7.3101 -7.3180 211.0256 220.8506 290.9090 380.4463 351.0187 409.7656 136.9493 354.4914 25.0359 131.5710 98.8278 -44.7355 -16.4270 -39.0832 54.0331 71.8887 20.5947 6.0585 -8.5525 29.2113 22.1993 11.3096 8.7759 20.8324 0.0000 -2.0410 53.0835 101.9339 408.9968 234.1374 555.2219 386.5618 327.6377 311.4028 250.8066 151.8221 180.9559 181.6188 106.0802 99.7075 1.5867 16.0102 -5.3999 10.0501 12.1077 6.2665 31.4468 6.9940 4.9114 -16.0525 15.5291 -1.1960 69.0486 572.0797 718.6790 1275.5847 850.7453 973.5659 998.0685 566.5556 501.9239 692.5594 312.4967 218.3186 203.4751 93.3929 111.4849 25.3541 6.6845 0.6231 24.3206 -31.7601 12.5245 68.1661 33.0809 116.4340 146.5239 76.7032 121.8285 44.5957 57.4751 64.6508 -9.2177 17.6291 -15.0092 0.3747 -5.9674 285.7780 133.3599 147.3074 77.4996 56.8684 12.7766 -0.7145 14.0663 4.1509 26.7017 18.0211 253.1003 114.9837 90.8961 7.1959 32.0292 8.5235 2.2091 -24.0293 4.2507 16.7388 7.1719 
0.0239 0.8170 1.0419 1.4877 1.3386 2.6669 1.6483 0.9401 2.7650 0.5443 1.7683 0.5243 1.1476 0.9494 0.7245 0.6348 0.8725 -0.0299 1.5304 0.4073 0.6085 0.2230 -0.5210 0.2453 -0.1104 0.8410 -0.0023 0.0917 0.2612 0.5560 0.5532 0.8176 1.2862 0.8148 0.8101 0.7154 1.6875 0.6725 0.6664 1.2769 0.7519 0.4328 0.3765 0.4001 0.7097 0.2020 0.4595 0.1432 0.3930 0.1482 -0.0597 0.8356 0.0000 0.1610 0.3957 0.9459 1.0009 1.5902 2.0174 2.5352 1.5326 1.9307 2.1702 2.0329 0.6570 0.6104 1.7287 1.0667 0.3174 1.5439 0.8223 0.4490 0.5036 -0.0618 1.0282 0.3631 0.1423 0.4845 0.0000 -0.0101 0.2320 -0.3319 0.6494 0.7618 0.0151 0.3134 0.4765 1.3577 0.2585 0.2990 0.7498 0.5940 0.2365 0.5689 0.7725 0.1498 0.4903 0.7591 0.2681 0.1624 0.1942 0.2778 -0.0965 0.1367 0.7125 3.4158 112.8816 215.5697 264.4416 230.8277 226.5359 174.6866 137.7100 183.0116 118.0809 65.9612 57.3488 -9.1951 70.1857 -5.8427 16.9035 7.0385 8.2492 -0.2566 2.8871 0.9136 -0.1479 -0.5169 0.1531 -9.4309 1.3760 27.4567 224.5646 387.2410 514.4857 490.7814 445.6293 333.8212 331.8110 198.9713 249.6312 114.6833 89.7627 121.0687 64.2576 67.6817 20.8190 -1.8509 9.7866 19.3243 15.0248 -4.4598 -3.5818 1.4453 2.3369 2.1705 0.0000 1.4722 -6.5696 109.6082 130.1031 269.5955 211.0561 303.2988 285.5783 254.6348 180.3876 176.4558 95.5131 43.5519 56.7053 26.7703 34.6870 10.8567 26.1905 3.3655 4.6254 1.9356 -7.3172 -1.0730 1.0507 13.8132 -5.3203 10.3227 81.0416 224.9669 546.6530 514.0672 742.2669 649.9233 503.2643 475.3891 375.9679 148.1376 230.8776 148.6421 67.1567 104.2382 55.4211 48.5657 44.5001 33.4624 23.9341 38.2926 12.9626 -12.9749 -7.1966 -8.1076 144.4162 124.4350 52.9166 44.4129 6.4083 -9.7018 14.7877 -0.2009 10.9326 0.5541 13.4806 246.8128 225.8979 125.9202 68.1037 36.6343 21.9601 20.4111 2.3740 8.9749 -1.1192 22.0099 193.4151 120.4173 84.9612 57.3170 32.2337 24.0499 11.7676 18.9239 2.7148 -4.8741 20.4371 
0.0003 0.4390 0.8251 1.3914 0.8008 2.0642 1.3175 1.1430 1.7109 0.9413 1.0942 1.0141 1.0873 0.9286 0.7680 0.7132 0.7083 0.3584 0.4073 1.5299 0.5830 0.2813 0.1764 0.3244 0.1179 1.3858 0.0000 0.0488 0.4190 0.2775 0.3761 0.6434 0.7240 0.9742 0.6037 1.0689 1.2122 0.5573 0.7788 0.7467 0.5358 0.5774 0.4013 0.4175 0.5078 0.3355 0.2951 0.1618 0.3537 0.2176 0.2608 1.4950 0.0000 0.0543 0.3109 0.2578 0.7738 0.8281 1.4140 1.2305 1.3484 0.9868 1.3091 1.0708 1.3104 0.5090 1.2814 0.6819 0.6326 1.0107 0.4994 0.2722 0.5927 0.1523 0.5184 0.1705 0.2854 0.9806 0.0000 -0.0122 0.2410 0.1496 0.4865 0.5000 0.3548 0.2857 0.6335 0.5148 0.2122 0.7870 0.4657 0.4315 0.5131 0.6737 0.6417 0.2444 0.3287 0.5598 0.2798 0.2940 0.3099 -0.0428 0.1329 0.9549 0.0408 1.9709 77.4289 173.6013 223.1584 202.3741 222.2156 196.7622 154.4085 141.0955 88.9506 49.9234 60.6569 24.8552 34.1858 16.8375 12.1110 14.5116 8.9759 4.4797 1.3006 -1.0833 0.6730 0.8525 0.6886 3.1839 -0.5910 27.0666 221.6187 375.7547 452.5198 443.6243 402.8572 348.5176 291.5010 185.4954 192.2513 130.2202 96.9942 82.0341 60.2137 48.1701 22.9871 13.1880 14.0080 6.4412 15.4083 2.9937 5.8573 1.6941 4.6222 3.3450 0.0000 0.6062 9.3926 104.4721 151.0500 235.0124 210.1022 274.0105 241.1120 186.5149 140.9068 115.7719 85.9096 26.9387 25.8544 30.7794 24.5009 10.7009 15.5232 6.6044 4.5960 1.2976 -0.3294 2.0455 1.4714 9.9620 -1.6295 4.5309 78.6024 256.2489 504.4346 579.0571 643.9321 535.9897 420.5173 381.7621 315.4887 181.8435 188.0702 130.2945 82.3170 72.7492 42.8267 39.9624 32.7396 18.6688 16.5752 30.6028 5.9953 1.5437 5.3602 8.4507 99.3431 89.0528 53.1415 34.8512 14.4999 -0.1348 5.2031 4.0371 5.6585 2.6477 14.3308 209.7126 158.7993 102.3297 56.2062 29.0297 19.8536 12.0272 4.0999 5.1573 -0.7951 14.0317 176.4446 125.7862 84.1962 49.5542 28.5074 17.8068 14.8520 7.3439 2.5998 2.9008 14.9177 
0.0194 0.7809 0.5534 0.9822 0.1513 2.8749 0.8134 0.4161 2.6616 -0.2794 0.6809 0.4003 1.4030 1.0899 1.3471 0.2142 0.2397 -0.1907 0.6085 0.5830 2.8951 0.3750 -0.2207 0.3248 -0.3394 1.3224 -0.0040 -0.1510 0.0960 0.5188 0.6829 0.9996 1.0947 1.0477 0.2478 0.9445 1.8196 0.6587 0.7833 0.8927 0.7895 0.0309 0.6878 0.2355 0.5532 0.1748 0.1455 0.3054 0.5987 0.3269 -0.0521 1.4555 0.0000 0.1483 0.3767 0.6304 0.8714 1.0513 -0.1833 1.6803 0.9047 0.2329 1.5475 1.0261 0.8643 -0.2486 1.3394 0.3635 0.0845 1.5612 1.0389 -0.1920 0.4867 -0.3148 0.9042 0.0451 -0.0408 0.1968 0.0000 -0.1210 0.0740 -0.4268 0.4699 0.1136 -0.4660 -0.3249 -0.0258 0.8452 -0.6781 0.4788 0.4556 0.2863 0.9716 0.3485 0.7618 0.0425 0.0653 0.9123 0.2447 0.0464 0.5519 0.4859 0.2572 0.4205 -2.5443 1.5650 82.1927 140.3632 148.9725 141.6937 196.8471 102.6146 121.9069 193.5146 84.4050 20.1260 72.6411 -4.5281 55.7289 -2.3359 12.2379 26.0130 17.2552 0.8298 3.0307 1.8904 -5.9482 2.8435 1.2520 -5.0172 -5.2617 20.8355 205.5835 320.2552 384.0492 347.8766 360.9327 321.5234 351.4665 112.5199 197.2495 137.3457 106.5625 132.0635 97.9554 54.6182 37.3828 3.1349 24.7723 2.9103 17.7871 -3.5089 5.6536 8.0387 -11.1996 4.8555 0.0000 -0.3767 -22.4901 73.3170 35.0425 199.8981 -12.4299 213.4346 264.4158 141.7876 117.5818 155.7059 36.2645 -4.2005 -11.2965 53.7332 45.3994 14.5124 22.4794 11.2741 -1.1644 1.4267 -11.4330 2.2329 2.8783 30.7344 -7.1457 -8.7487 62.6606 84.7097 317.4139 314.1075 713.2582 319.1615 259.8710 431.8466 365.4805 131.2720 178.2470 141.5987 102.5674 123.0881 38.7528 72.3827 43.9260 50.6593 17.9796 49.4246 9.2069 -20.5943 -3.7258 5.8472 95.3095 83.5260 20.1864 18.0684 -5.8483 -14.9846 15.5469 -1.8529 14.2740 4.8301 12.4551 199.6524 173.6071 90.8012 56.9309 19.1611 21.3533 25.0385 1.1452 1.9661 -6.5574 16.6883 105.1525 135.5238 106.4842 60.9481 23.2049 21.7802 29.8687 21.9476 -4.0184 -5.5711 23.5654 
