0.0519 0.0244 0.0279 0.0265 0.0280 0.0393 0.0111 -0.0091 0.0669 -0.0284 0.0524 -0.0120 0.0114 0.0041 0.0145 0.0045 0.0028 -0.0157 0.0239 0.0003 0.0194 -0.0065 -0.0331 -0.0052 -0.0171 -0.0174 -0.0001 -0.0023 0.0042 0.0228 0.0059 0.0243 0.0323 -0.0026 0.0103 -0.0096 0.0621 0.0140 0.0114 0.0398 0.0145 -0.0160 0.0057 0.0090 0.0223 -0.0096 0.0095 0.0011 0.0084 -0.0045 -0.0197 -0.0309 0.0000 0.0032 0.0099 0.0182 0.0005 0.0443 -0.0031 0.0598 -0.0146 0.0252 0.0167 0.0271 -0.0534 0.0030 -0.0098 0.0133 -0.0198 0.0332 0.0124 0.0022 0.0022 -0.0221 0.0284 0.0118 -0.0109 -0.0290 0.0000 0.0017 0.0084 -0.0273 0.0007 0.0150 -0.0279 -0.0144 -0.0241 0.0350 -0.0104 -0.0424 0.0002 -0.0056 -0.0214 -0.0070 0.0039 -0.0078 -0.0120 0.0215 -0.0010 -0.0239 -0.0079 0.0140 -0.0111 -0.0538 -0.0307 0.0423 4.0506 4.6252 3.6970 2.5892 4.5153 2.1398 1.5204 3.0861 2.3125 1.5071 1.2629 -0.9873 2.9285 -0.4575 0.4633 0.2026 0.1225 0.1166 0.0140 0.1159 0.0083 0.0527 0.0025 -0.6447 -0.1143 0.6717 6.2488 5.7151 9.8989 6.6801 8.1393 2.5836 2.9434 2.7649 6.7477 1.4992 2.3725 3.4496 2.2728 2.3551 0.7413 -0.7536 0.3040 0.4343 0.6316 -0.6858 -0.2349 0.0619 -0.0504 -0.3160 0.0000 0.0590 -0.5060 1.7485 -2.9290 0.2895 -5.6826 -0.7490 0.0836 3.6503 0.5700 3.1133 1.6224 0.1163 0.9215 0.0917 1.1682 0.5223 0.7058 -0.1429 0.1774 0.0660 -0.3632 -0.0543 0.2099 0.6970 -0.3247 0.4265 1.6401 -1.3446 -2.0678 -11.9792 -2.9605 -2.4932 -1.2683 1.4251 3.6550 -3.2088 3.6978 1.3086 0.6495 3.2029 0.9939 1.8291 0.8112 0.8232 0.9985 1.4433 0.4756 -0.9133 -0.8063 -0.5697 1.5476 1.7519 -0.1450 0.2797 -0.4905 -0.7953 0.5787 -0.1536 0.1952 0.0183 0.4099 1.4754 3.1029 1.0828 -0.0865 0.2996 0.0378 0.7313 -0.2879 0.0401 -0.3383 0.6506 -1.3538 0.6037 0.8755 0.4660 0.0461 0.1733 0.0281 0.3392 -0.2690 -0.5488 0.2963 
0.0244 2.1260 1.0977 1.7682 1.2145 2.3496 1.0109 0.4881 2.5273 0.0487 1.3215 0.3854 0.6753 0.6320 0.6248 0.3408 0.4170 -0.2071 0.5420 0.2729 0.4968 0.2332 -0.6024 0.0217 -0.3526 -0.0041 -0.0015 0.0689 0.2962 0.6470 0.5313 1.0692 1.0756 0.6599 0.7684 0.8401 1.5143 0.4324 0.4720 0.9182 0.6318 0.2007 0.3837 0.2518 0.4547 -0.0007 0.2207 0.2331 0.2790 0.0702 -0.4649 -0.3424 0.0000 0.0772 0.1862 0.6911 0.6060 1.1562 0.6897 1.5524 0.2793 0.6517 0.8132 0.8783 -0.5564 -0.3635 0.2158 0.1023 -0.6747 0.7950 -0.1337 -0.4879 0.0445 -0.7920 0.2352 0.1429 -0.3168 -2.8329 0.0000 -0.0039 0.0763 -0.5289 0.2374 0.4165 -0.3843 -0.4864 -0.5653 0.3735 -0.7214 -0.7062 -0.0629 0.1416 -0.2300 -0.1852 -0.0392 -0.7735 -0.3883 0.4704 -0.1932 -0.5042 -0.0770 -0.1244 -0.2283 -3.0038 0.1402 3.3207 131.9660 197.9469 250.4211 218.1016 216.2897 157.5882 120.9717 152.1317 70.6151 28.1281 27.2549 -33.4206 51.6369 -9.0855 12.2282 7.5524 5.1991 -7.7689 -0.1879 0.0379 -0.8595 -0.1245 -0.6289 -6.5231 1.7189 29.4516 205.8691 353.5573 508.2054 454.5233 417.1792 305.3593 225.2304 127.3482 181.2602 86.6493 47.6103 82.8986 33.4223 43.5381 2.7695 -3.2230 -2.2190 3.6433 13.6768 -12.7727 -8.9286 -0.1654 -5.8810 -28.4904 0.0000 1.6399 -2.2774 107.8555 38.7737 139.6762 -19.5480 122.5027 97.9238 93.8701 11.7224 38.2708 -26.4918 -33.5459 3.4748 -22.9982 3.6521 -8.7943 5.3770 -12.2388 -2.2096 0.4530 -11.4624 -2.8026 2.5327 6.6109 -6.1967 7.5577 55.2084 -3.3539 127.1961 -34.4250 203.6354 38.5690 32.7585 5.3692 41.1387 -146.3304 19.7377 -52.6520 -54.8656 19.0793 -4.4731 -11.6454 6.5414 -3.3189 6.3950 27.4548 -5.0167 -28.9830 -15.3149 -56.7922 154.0528 138.0710 54.4049 39.1148 -1.2910 -18.4558 11.8863 -0.0020 10.3342 -0.9735 12.1125 208.8289 198.7259 103.5030 34.1440 24.6271 10.3180 10.8193 -3.2696 5.5592 -2.9464 10.4690 211.7807 132.7578 105.5851 44.5293 21.7142 20.8808 12.6150 16.3542 -0.6424 -4.7048 13.6054 
0.0279 1.0977 4.0141 3.7667 2.8853 3.9566 3.5978 1.6510 5.1654 1.1333 2.3463 0.8328 1.2621 1.1296 0.6923 0.7134 1.4501 -0.4058 0.8682 0.6074 0.5137 0.1927 -1.0524 0.2050 -0.5299 -0.3119 -0.0015 0.1571 0.5649 1.1412 0.9265 1.6363 2.2867 1.3727 1.5881 1.5914 2.7268 0.2742 0.8173 1.6755 1.0372 0.8351 0.3454 0.3682 0.8660 0.1516 0.5102 0.0893 0.2125 -0.0251 -0.3770 -0.2371 0.0000 0.1732 0.7250 1.2563 2.0330 2.3928 2.0360 2.6356 0.7442 0.6027 1.1871 1.4078 -0.9962 -1.7862 0.4388 -0.1251 -1.4307 0.6331 -0.8079 -0.9503 -0.2869 -1.4882 0.6084 -0.4604 -0.4284 -6.1041 0.0000 -0.0112 0.0958 -0.6208 0.9319 0.9695 -0.5450 -0.9145 -1.1197 0.4631 -1.4591 -1.0626 -0.4064 -0.2267 -1.1034 -0.2755 0.1164 -1.6573 -0.5229 0.3970 -0.4943 -0.7360 -0.2158 -0.6084 -0.8304 -5.7130 2.7540 11.3505 306.9505 484.6010 561.4895 525.4455 441.6230 347.5267 277.0244 316.1819 137.6778 49.7562 52.9830 -61.4884 92.3877 -29.6687 23.3608 16.8972 15.1903 -14.6437 4.1919 -3.5239 0.4931 0.1318 -1.5496 -10.2121 5.7028 71.4363 466.5875 790.2495 1025.2641 920.5905 774.2842 545.5327 455.2912 239.6184 346.2173 127.7581 59.2597 166.1523 48.0523 88.1855 2.2154 -18.2119 -15.2679 23.7374 19.2902 -13.9631 -11.0184 -6.6165 0.2237 -41.1332 0.0000 4.6436 18.9041 248.1032 200.4435 321.7539 94.8817 253.6586 126.7674 96.1521 -52.8102 16.0100 -92.4875 -106.6523 -27.4106 -73.6686 -14.1685 -24.0087 -6.0886 -20.6476 -1.1724 -4.8986 -14.4821 -10.3821 -2.8243 6.1058 -10.6653 20.3076 161.0053 140.4038 443.8852 100.8752 312.8583 19.3814 -95.6332 -162.8374 -156.5164 -380.0239 -52.9363 -151.4789 -160.2813 -35.0062 -52.4372 -38.1629 -5.7827 -14.3626 -3.7003 33.0075 -14.3391 -54.6958 -23.9602 -123.6180 145.9361 109.8066 18.8346 52.1671 -4.9890 -34.6656 17.6678 -6.8412 17.3874 -3.1055 15.7393 137.5149 159.3929 62.8573 39.8381 30.5989 13.9497 4.5677 -8.3662 10.2021 -5.0136 17.4308 333.2710 129.7197 138.3856 70.7099 53.1608 43.3864 17.4675 29.7132 1.4295 -5.9475 21.4260 
0.0265 1.7682 3.7667 8.8104 4.2094 5.9851 5.4006 2.7331 7.6120 2.0661 3.7659 2.1142 2.3288 2.2001 1.1981 1.5767 2.5580 -0.3589 1.2866 1.2107 0.8056 0.4084 -1.3546 0.3513 -0.6177 0.2366 -0.0013 0.3469 1.2340 1.4813 1.2800 2.7400 3.2432 2.4134 2.4314 3.1175 4.1728 0.6092 1.3014 2.7542 1.5588 1.5967 0.6242 0.5736 1.3636 0.3914 0.8815 0.1855 0.3761 0.0255 -0.4360 -0.0464 0.0000 0.2143 0.7662 1.3026 2.5204 2.9779 2.5880 3.4943 1.2243 0.7638 1.6057 2.2915 -0.5093 -2.4527 1.1067 -0.1950 -2.1633 0.9157 -1.5234 -1.4147 -0.2704 -2.3365 0.6208 -0.7255 -0.5360 -9.9414 0.0000 -0.0132 -0.0681 -0.6485 1.5252 1.4577 -0.6152 -1.5272 -1.0398 0.3488 -2.1817 -0.9200 -0.5180 -0.2541 -1.2853 -0.4623 -0.0290 -2.3021 -0.9079 0.5831 -0.8556 -0.9234 -0.2437 -1.1934 -1.3376 -8.6739 3.9840 11.8734 387.2445 667.9939 835.5319 821.2949 719.6119 611.1708 495.6187 489.4099 240.2371 115.0111 96.1722 -76.1478 131.2530 -29.0650 37.5005 37.1015 26.1955 -19.2781 5.4827 -9.3220 2.4653 -1.0853 -1.9255 -5.4252 8.8360 113.7118 685.4136 1277.4092 1632.0768 1527.2708 1313.6803 972.5698 805.3952 454.4935 590.1061 248.1609 139.5390 248.4368 87.2644 142.0360 -0.1677 -22.6537 -18.1536 33.5476 33.3862 -13.8969 -15.0184 -9.6168 3.4726 -70.5419 0.0000 6.5076 26.4854 323.9007 305.7563 455.4548 173.6758 425.0965 235.7241 180.5431 -12.5738 32.8520 -99.4631 -137.6103 -29.1091 -107.4493 -18.2743 -38.2565 -7.8688 -33.1530 -3.7134 -11.3175 -18.4967 -12.5930 -3.9499 10.2069 -13.1806 31.8319 226.5841 196.1997 708.3398 275.9029 581.0411 226.7263 6.6400 -136.4250 -146.1769 -477.3114 -25.7525 -201.2019 -222.4624 -40.0435 -76.7301 -63.4408 -11.5577 -34.7884 -17.1772 57.4189 -23.3754 -68.4486 -27.7775 -190.8451 245.4206 205.4716 58.0599 84.3319 -0.3245 -50.3757 21.4800 -9.2878 27.1814 -5.0499 26.0230 279.7722 283.6941 123.3990 74.7328 57.8229 23.3808 0.8398 -11.2056 17.0656 -10.2456 19.0512 563.2106 285.1220 248.3289 124.4093 87.8406 73.2429 33.7057 40.4533 3.3148 -8.6707 26.8157 
0.0280 1.2145 2.8853 4.2094 6.1725 6.1865 4.7774 2.9819 5.7273 2.5684 3.8327 2.1448 1.8970 1.6737 0.9480 1.3455 2.2138 0.4282 1.3028 0.7392 0.2067 0.5051 -0.6913 0.1976 -0.0800 0.1424 0.0007 0.3497 0.7733 1.2129 1.3423 1.8656 2.5239 1.5662 2.3278 1.9840 2.4157 0.9754 1.4943 1.9755 1.2967 1.3304 0.4244 0.7598 0.9505 0.2923 0.9952 0.2186 0.4094 0.0277 -0.2987 -0.1047 0.0000 0.1645 0.5820 1.9916 2.8439 3.7728 5.8812 5.0805 3.0604 3.9888 3.9143 3.6244 0.4915 0.8526 2.1148 1.5990 -0.1630 1.5332 -0.0032 0.3204 0.3400 -0.3060 0.6396 0.4105 -0.1516 -3.5910 0.0000 0.0437 0.6283 -0.3159 1.2320 1.6182 0.6626 0.5451 0.2876 1.4896 0.2736 -0.0334 0.5771 0.8822 -0.5793 0.0242 0.4666 -0.7190 0.3880 0.5010 0.0379 -0.2936 -0.0970 -0.1981 -0.6348 -4.0357 4.6212 11.2079 364.0952 650.3025 774.7020 733.7656 603.8544 505.8889 367.2491 353.5229 206.0206 131.8949 66.4466 -31.5083 79.3433 -24.7885 18.4536 6.6994 8.9057 -14.9145 5.2950 1.7649 1.5631 -1.5869 -2.6979 -10.6111 13.5214 82.7086 672.4561 1099.0535 1400.5077 1269.1176 1056.5401 762.1071 610.8558 404.6050 394.7694 147.0742 45.9996 156.1965 8.5882 71.8020 0.6868 -7.7665 -14.8784 30.8837 5.4707 -11.6401 -13.6117 -10.4839 2.9074 -34.5322 0.0000 4.6442 33.7723 362.1970 553.6298 682.5608 639.4196 655.4123 470.3382 406.6172 172.8156 169.1251 12.6236 -11.0368 54.8484 -58.7695 -14.5753 -23.3135 3.5648 -23.0214 1.3137 -5.3686 -12.1460 -12.0068 -5.8458 -12.5400 -8.3650 35.2965 242.8592 719.0746 1370.4578 1320.6762 1328.0077 1030.4374 779.4695 376.8305 188.4074 -90.1919 106.5278 -46.8476 -136.1140 -31.8955 -25.9821 -49.5015 -9.7005 -21.8435 2.8811 13.8011 -7.3721 -42.1576 -25.5642 -104.6436 235.8467 165.8618 64.3631 68.4721 10.7567 -17.9005 16.0565 -5.2125 16.0293 -6.2944 9.1862 244.6305 249.8267 111.8639 69.6312 48.3954 19.0533 1.2852 -3.9225 12.9289 6.8592 17.8646 567.8139 223.1340 200.9565 106.5477 83.8549 56.4320 18.4002 30.3081 6.8852 -1.1322 34.2546 
0.0393 2.3496 3.9566 5.9851 6.1865 29.2541 7.2371 5.6841 12.0919 4.0774 6.6243 5.0300 5.4721 4.6244 3.9343 3.0554 3.5885 0.5792 2.6416 2.0294 2.8451 1.8766 -0.5482 1.1517 -0.3825 4.0229 -0.0027 0.2111 1.5278 2.4518 2.9993 3.5226 4.7538 4.6375 3.7698 4.9926 5.8159 2.4671 3.0355 3.4934 2.7884 1.7296 1.6553 1.4482 2.0632 0.9814 1.1822 0.8555 1.4524 0.5746 -0.5844 3.2541 0.0000 0.2179 1.0682 2.7386 4.8828 6.8451 16.7311 10.0792 6.8216 7.7377 7.8889 7.2285 3.1435 2.7141 5.8144 3.3484 0.4378 5.7793 1.3299 -0.1617 1.6520 -0.7452 1.7694 0.8119 0.0279 -3.6216 0.0000 -0.0725 2.5087 -0.7448 2.5018 2.6112 0.8177 0.3862 0.8303 2.5788 -0.6912 1.4153 1.7328 2.2404 0.6924 0.4846 1.9105 -1.0494 0.8903 1.9856 0.8206 0.2249 0.7449 0.0249 -0.5768 -6.1939 3.0353 26.5313 494.8390 1033.4278 1364.4409 1139.1667 1071.5411 907.3205 719.6570 835.7040 457.1112 276.1737 246.6654 21.8535 164.9426 8.4478 37.6983 -0.3274 41.6853 -1.3653 4.3201 9.2962 -4.7190 -0.2071 -2.1956 -7.8819 11.7186 126.5086 1244.5478 2072.8642 2694.4927 2500.5351 2195.7666 1807.7493 1429.1193 866.0635 868.7297 415.5879 262.2998 452.7129 141.3349 154.3393 73.5810 25.0836 21.5257 48.5319 43.1540 -17.0626 -3.1871 -1.4049 -21.4581 -72.3175 0.0000 4.8063 17.4890 760.5933 934.5640 1420.3294 1034.6541 1405.4867 1276.2793 967.9938 627.3523 557.7922 226.5532 53.8095 96.0432 83.0122 69.0514 -32.1036 70.4179 -24.6240 23.2506 3.3319 -30.9354 -15.9869 -2.7180 18.2176 -15.0646 21.9279 452.0369 1289.0418 3069.5452 3416.2606 4031.2744 2698.7039 1922.6774 1553.8235 1131.3092 281.3918 538.0908 180.4163 -51.0070 186.6405 48.9180 32.7332 67.4291 33.4261 35.5300 116.0339 -17.1323 -80.2412 -22.7585 -134.1292 427.1737 294.4401 123.0931 119.2468 10.9104 -46.5624 34.3078 -2.1373 41.4308 -2.8044 29.4734 590.9990 507.2932 239.3393 129.6509 80.0522 55.0727 27.8338 -5.0233 20.8863 -7.6990 31.6961 860.2521 427.0079 376.5661 192.6949 131.9286 107.4892 60.2984 61.3362 4.7403 -7.0778 70.8571 
0.0111 1.0109 3.5978 5.4006 4.7774 7.2371 8.4416 3.5263 8.2583 3.3500 4.2188 2.3450 2.8067 2.3441 1.2370 1.6027 3.1978 0.0003 1.6318 1.2982 0.7867 0.5618 -1.1090 0.6490 -0.2829 0.8166 -0.0013 0.3817 0.9155 1.5254 1.6315 2.2780 3.6300 2.7170 2.7057 3.0871 3.8658 0.8797 1.7630 2.6785 1.7724 2.0091 0.4849 0.7987 1.5093 0.6311 1.1667 0.1306 0.5248 0.1446 0.0955 1.1713 0.0000 0.2099 0.8491 1.6518 3.4501 3.4479 4.8239 4.8427 2.9623 2.6894 4.1735 3.8483 0.9642 -1.3098 3.2875 1.0544 -0.8130 1.7248 -0.4361 -0.3690 0.2557 -1.1578 1.2006 -0.4204 -0.1313 -6.3221 0.0000 -0.0311 0.1721 -0.4671 1.8932 1.8264 0.0994 -0.1613 -0.0088 1.4321 -0.9591 -0.0564 0.4545 0.4961 -1.0344 0.2471 0.9111 -1.5692 0.3189 0.6500 -0.2523 -0.1722 0.0132 -0.7384 -1.1627 -5.4297 5.8927 15.3669 374.7668 750.1324 920.1787 898.5876 720.7324 628.8016 504.0145 551.2717 291.8940 142.0964 122.3958 -50.8396 133.6712 -34.9199 39.0584 23.2483 23.4735 -22.3327 8.5485 -3.4035 1.9426 -2.4542 -2.2178 -10.9099 13.3338 113.8670 773.5639 1422.2541 1767.5946 1669.8075 1388.6485 1061.7680 954.9916 524.5093 589.8852 242.9235 108.8160 263.6572 69.8905 133.2929 1.4672 -16.3415 -19.4809 43.8063 20.1650 -6.6525 -12.8484 -12.0621 11.2296 -38.0618 0.0000 5.8275 21.5492 362.2734 475.8875 699.8267 573.5574 709.0989 508.5714 364.7975 180.5692 195.7561 6.4458 -66.0078 27.3795 -65.7004 -9.1557 -31.8315 7.7325 -19.5862 -1.6051 -7.2102 -15.5408 -13.7032 -9.6571 4.9622 -11.9064 35.1774 267.4682 601.7178 1461.5924 1282.5253 1487.8855 1100.1443 672.1631 432.9545 196.2876 -177.6295 133.8487 -14.7129 -151.6916 -25.4018 -41.4425 -55.0910 11.8504 -5.7244 -9.8717 40.8120 -11.0677 -60.1433 -22.9520 -154.7394 254.2187 175.7378 50.7068 100.9557 11.0661 -36.4646 21.7428 -10.4438 29.7451 -5.7235 21.4210 308.1367 288.4699 131.6231 106.5096 58.8775 32.3460 5.4981 -1.7206 21.8434 1.9573 28.0621 600.2885 220.1139 214.3006 131.4234 107.8356 76.4461 28.4064 47.4851 11.3688 -1.5470 41.3523 
-0.0091 0.4881 1.6510 2.7331 2.9819 5.6841 3.5263 5.8953 2.7967 4.1319 3.0183 4.3453 2.6283 2.6750 1.9902 2.3417 1.8453 2.1632 0.9530 1.1375 0.4152 1.1786 1.6158 0.7338 0.7765 3.2915 0.0053 0.3509 0.7184 0.6620 0.9886 1.2670 1.1200 2.4874 2.0977 2.5142 1.2615 1.7340 1.9843 1.0306 1.0514 1.7861 0.9210 1.2882 0.8674 0.8249 1.1222 0.8325 0.6266 0.2419 0.4043 3.0513 0.0000 0.0023 0.2845 0.5888 2.3728 2.7029 6.2667 3.1306 3.9695 4.1341 3.5750 3.1163 3.7981 3.5904 2.7146 2.6186 2.3524 1.7804 0.8142 1.4114 1.5670 1.3504 0.2326 1.2130 0.9792 3.7176 0.0000 0.0396 0.9551 0.8384 0.8267 1.4034 1.9785 1.8555 2.0938 0.8560 1.6765 2.1387 1.3458 2.0309 1.2755 1.1580 0.9362 1.3230 0.7900 0.8932 1.0393 0.8671 0.6443 -0.0376 0.9151 2.2614 1.8292 8.4176 264.7952 572.8188 710.7314 710.2681 646.1597 645.6960 482.4286 309.2549 236.5744 210.5495 122.1055 107.8455 23.8053 68.8988 18.4734 13.5089 7.4346 10.1930 0.1582 1.8176 5.5289 2.7856 -1.5951 17.5333 10.7751 59.1663 680.2002 1062.6447 1326.3211 1331.2100 1135.6072 1008.5349 686.9756 605.4271 371.3959 280.4833 173.7150 126.7198 46.6432 46.0950 57.8623 57.9659 14.7650 25.3518 12.0795 21.7593 14.2774 5.5311 11.5452 -0.0123 0.0000 1.3942 62.4997 353.6784 690.9237 726.4283 888.1670 834.1881 672.6952 544.6472 370.5102 276.9494 197.9455 131.6539 110.3203 73.3616 12.1999 2.6321 10.6530 1.0071 14.3725 4.2526 16.2972 0.1554 0.7750 -6.2070 6.9069 15.3498 241.5768 959.4605 1643.1582 2053.3841 1849.1044 1629.4806 1349.1064 869.1996 664.6388 562.2854 388.3255 222.2948 131.6792 99.8396 95.4439 17.8244 30.9638 6.7697 23.4435 8.9486 1.8008 27.7590 20.2321 29.9096 270.2676 177.2482 142.0555 89.6954 54.6885 31.9845 3.3875 13.5077 3.2494 -0.7605 10.8020 440.6610 288.5221 209.6889 119.6309 77.1424 30.5227 4.9392 10.8353 14.0069 19.6027 27.5671 565.9861 255.8209 204.4792 84.7500 79.4040 46.0753 20.4244 5.0232 9.9261 14.1948 30.5563 
0.0669 2.5273 5.1654 7.6120 5.7273 12.0919 8.2583 2.7967 16.6924 1.2909 6.0984 0.5070 3.8691 2.8560 2.2608 1.3223 3.7536 -2.1783 2.7624 1.7062 2.6596 0.3959 -3.7400 0.7372 -1.8077 -0.0389 -0.0117 0.2777 1.4501 2.7595 2.6174 4.3281 6.6183 3.7277 3.3653 4.0825 8.1761 1.1804 1.6913 4.9747 3.1842 1.6082 1.1527 0.7349 2.6607 0.5645 1.0709 -0.0719 1.1003 0.2990 -0.7776 0.4213 0.0000 0.4202 1.5599 2.7932 4.0050 5.1701 3.9627 7.9185 2.6072 1.9158 5.5559 5.1153 -1.4397 -4.8043 4.3196 0.2295 -3.3443 3.9628 -0.2044 -2.1357 -0.3315 -3.8330 2.9675 -1.3195 -1.1307 -13.7020 0.0000 -0.1605 0.1455 -2.3813 2.7209 2.2679 -2.3549 -2.4680 -2.3000 2.8928 -4.0623 -2.1534 0.0515 -0.5037 -2.0783 -0.2503 1.6474 -4.1453 -0.6201 1.8476 -0.9727 -1.3885 -0.0748 -0.9987 -2.2824 -12.1537 4.4187 22.4187 510.6798 936.4818 1153.9150 1058.4013 947.6815 670.0824 580.8769 887.0032 389.3418 97.9595 190.5702 -184.2162 296.2274 -107.8321 63.8948 51.3890 50.9787 -34.4222 14.4096 -8.2764 -6.1742 -0.5209 -1.3777 -44.2756 2.6106 163.7740 1007.6234 1848.8429 2455.9798 2199.0184 1966.2941 1412.8692 1403.0415 539.1142 1003.5392 373.2908 192.5743 528.2672 200.5797 268.8079 8.6840 -79.9023 -17.9255 49.5593 60.8302 -46.8652 -30.8441 -15.0949 -7.6599 -78.4673 0.0000 8.3803 -50.5944 433.1206 209.5576 815.6859 125.5569 747.1653 617.1168 435.8608 130.1461 309.5441 -73.1934 -231.8998 -44.6806 -111.3162 38.8415 -35.4429 36.9329 -37.7264 -6.7757 -13.1493 -58.5816 -22.7111 -7.4923 51.3358 -38.6761 41.9459 317.3334 193.6182 1363.4133 638.7399 1796.9815 836.8797 373.7089 521.0437 284.7816 -654.6960 145.7138 -73.3900 -248.6621 51.0841 -89.1226 4.4696 55.5973 32.6873 0.3079 144.6718 -21.7045 -156.8982 -65.8059 -286.6849 345.1696 309.0433 24.1187 116.5970 -35.3149 -114.3040 57.0437 -27.2877 62.9005 -1.7296 51.6477 433.5825 522.8491 201.9492 133.7981 64.2435 51.6040 41.5477 -18.7354 24.2772 -29.5650 47.1974 658.8507 341.9098 326.3132 212.2574 120.7799 104.9698 56.7940 95.0768 1.4501 -27.4249 67.5375 
-0.0284 0.0487 1.1333 2.0661 2.5684 4.0774 3.3500 4.1319 1.2909 6.9907 1.8719 4.7334 1.9230 2.6013 1.6296 2.2937 2.0652 2.7300 0.5454 0.9384 -0.2826 1.1158 2.5104 1.0555 1.0334 2.8019 0.0079 0.5634 0.4356 0.4599 0.7330 0.8601 0.5147 2.2470 2.1055 2.1387 0.0290 1.2009 2.1912 0.1290 0.6936 2.0893 0.4880 1.5126 0.8273 0.9752 1.1913 0.9192 0.3326 -0.0314 0.8851 3.6824 0.0000 -0.0284 -0.0217 0.1007 2.0193 1.7625 6.2278 1.7142 3.4335 3.7107 3.0825 2.6682 4.1993 3.5763 2.0477 2.8214 3.1666 0.9656 0.4060 1.7442 1.6605 2.0092 -0.0549 1.1019 0.9399 5.4510 0.0000 0.0299 0.8172 1.0619 0.5360 0.8998 2.3737 2.1470 2.7017 0.3767 1.9148 1.8558 1.2451 2.2625 0.5921 1.1180 1.0972 1.4266 0.8115 0.6091 1.4701 1.0342 0.4834 -0.4866 1.1347 3.6296 1.9142 9.9428 168.3685 470.6981 577.2778 638.8039 498.4515 643.0773 433.6191 249.1599 193.9149 195.3359 122.1722 145.6918 -7.2698 87.3136 14.2900 9.1453 -7.2944 10.8238 -2.7618 1.9249 9.9252 6.7362 -3.5201 18.2889 12.1008 48.3361 599.6711 826.8008 1161.2096 1209.1833 996.4164 951.0243 514.9022 624.2484 250.7059 248.1851 117.0091 78.8064 -13.3841 10.7240 60.0263 72.2774 -0.1594 29.4713 -2.0830 30.4939 24.5667 2.2866 27.7466 13.2542 0.0000 0.3064 71.5812 317.9347 620.2466 591.2674 921.7790 729.5674 574.5268 449.0190 314.5212 256.0401 221.7269 115.0252 117.6073 86.8066 -22.6491 -3.8262 -12.7097 1.5350 18.5209 1.6349 36.4045 -3.5715 -2.3154 -17.8851 11.8151 10.6772 203.0830 852.0416 1520.7149 2044.5653 1567.4129 1495.1649 1263.0939 679.3408 542.4090 614.1706 351.4287 203.0611 118.8050 32.4246 83.4761 -28.4913 15.7357 0.9241 18.6765 -33.0294 7.0788 42.9387 33.6953 44.7094 237.7664 161.4083 144.9188 106.3749 74.4298 49.0945 -10.3268 12.5756 -7.2268 -2.7978 6.6036 335.1822 231.9434 187.4316 104.2246 62.1091 16.9040 -4.0345 12.9990 15.4721 33.2381 36.5032 585.9921 216.5097 181.2483 44.7439 80.2219 22.4795 2.3226 -9.5414 15.1091 24.0017 21.6636 
0.0524 1.3215 2.3463 3.7659 3.8327 6.6243 4.2188 3.0183 6.0984 1.8719 6.5638 2.4065 2.7742 2.0219 1.7818 2.2049 2.1259 0.6577 1.7698 1.0967 0.6952 0.6303 -0.7740 0.2748 -0.0509 1.6676 -0.0010 0.2288 0.9952 1.3948 1.0928 2.0892 2.8024 2.0866 2.4589 2.2619 3.8384 1.9552 1.7536 3.0087 1.6801 1.3541 0.9172 1.1863 1.5692 0.4653 1.3485 0.3558 0.7972 0.1862 -0.4895 0.7534 0.0000 0.1373 0.6834 1.2612 2.1820 4.0032 6.0926 5.8360 3.4766 4.9298 4.6721 4.3655 1.2200 2.5909 3.0618 2.5318 0.5205 3.0460 0.8606 0.9915 0.9392 -0.2166 1.2351 1.0865 0.4144 -1.0650 0.0000 0.0854 1.1836 -0.3938 1.2417 2.2129 0.6349 0.8950 0.7057 2.3752 0.8445 0.4402 1.2330 1.2547 -0.0235 0.7468 0.8870 0.1157 0.2889 1.3006 0.3921 -0.0605 0.1331 0.1211 -0.2623 -2.1474 3.0904 7.7413 311.0461 594.3958 746.4095 691.4417 707.9379 578.8970 432.0714 371.5955 273.4470 206.6696 110.7912 -9.4970 133.3228 6.9988 30.4847 15.9773 15.7943 3.5063 3.4749 -1.0630 4.2012 -0.8697 -0.9865 -10.8817 7.2115 79.8237 690.7152 1147.4523 1529.5888 1423.4552 1316.8181 963.3860 787.0508 552.2936 622.7525 263.5250 190.0644 240.0719 98.9158 139.5310 36.2978 -4.4715 7.7543 36.2084 33.4518 -13.3430 -10.4178 -1.7395 7.4467 -30.6313 0.0000 4.1264 16.7025 322.7587 493.0856 671.5819 596.0635 770.0001 614.5675 630.2278 339.6917 314.8160 182.8100 69.6480 116.7615 3.6365 43.7525 4.0654 39.4211 -19.8445 11.8009 -0.5498 -13.6256 -3.6495 2.9488 11.6230 -10.0400 41.6485 232.7040 724.5826 1478.5467 1443.6475 1704.6121 1530.1210 1224.8548 856.7410 663.5799 195.7553 401.1452 169.8654 33.9683 138.8671 77.7922 52.3316 43.2066 8.2327 36.8182 72.2265 4.5158 -24.4766 -23.2509 -54.4813 293.5376 222.4318 111.5398 82.5055 17.0424 -19.2067 27.2514 2.6798 18.8677 -1.9763 25.8831 451.6086 377.5997 211.4352 103.7887 80.2509 32.3150 22.5724 -4.5630 13.9425 -3.3920 34.8337 449.5271 223.7518 188.2335 102.8069 68.5497 58.0023 18.1525 25.9519 1.7612 -10.3996 33.1014 
-0.0120 0.3854 0.8328 2.1142 2.1448 5.0300 2.3450 4.3453 0.5070 4.7334 2.4065 7.8156 2.6268 3.4497 2.6303 2.9360 1.4322 3.2870 0.5230 1.0131 0.3988 1.6450 3.0386 0.7652 1.1058 4.2170 0.0092 0.3031 0.5214 0.6253 0.6552 1.1722 -0.0835 2.8507 2.0266 2.7124 0.2796 2.1664 2.2965 0.3973 0.7689 1.7331 1.1957 1.5768 0.6505 0.8281 1.2566 1.3877 0.6467 0.1411 0.2628 3.3085 0.0000 -0.0938 -0.0843 -0.5096 1.5341 1.7537 5.5389 1.3589 2.9047 3.4659 2.3832 2.0120 4.3847 5.0843 1.2195 2.7892 2.9932 1.1808 0.4132 1.6094 2.0136 1.8724 -0.8825 1.8596 1.1804 5.5052 0.0000 0.0710 1.0746 1.2503 0.1886 0.9730 2.3590 2.0323 2.3318 -0.2467 1.9462 2.3939 1.1661 2.6546 1.7305 0.8827 0.1986 1.9609 0.3195 0.8032 1.3739 0.7143 0.8280 0.0200 1.7474 2.9147 -0.7404 5.5209 183.6241 451.5537 579.2570 644.1140 620.0248 693.6277 510.0650 199.2705 193.0249 239.8537 115.5087 167.1391 -30.7797 123.4428 9.4994 13.9197 -1.4164 19.6878 -6.9664 3.9226 8.3208 6.6888 -2.5192 33.7818 10.8775 37.4770 647.1781 921.8746 1233.3010 1285.1308 1136.2661 1080.4579 555.9224 675.2194 274.0528 291.7725 191.4107 60.3719 17.1381 -0.7768 81.6251 92.3492 17.5928 11.6103 8.3600 29.6513 26.6377 12.9903 10.1898 -12.8254 0.0000 -0.9157 75.9307 306.1980 636.2254 511.4830 733.7980 668.6567 533.8271 451.7189 276.8543 194.3354 183.2711 143.9037 96.4181 96.9719 -10.1446 -6.6796 -11.2167 -8.6771 17.2807 6.0963 32.7035 3.9012 5.8555 -12.3387 15.5007 3.9835 194.5880 830.7424 1320.2812 1873.6966 1486.3267 1292.8688 1195.4649 597.5396 540.0699 628.1616 316.5476 140.7673 134.0615 83.5775 103.0870 -10.2486 -2.4992 -19.3791 17.9271 -15.6983 -7.8626 57.3708 33.5601 63.9182 260.8982 147.1214 159.4863 84.3936 67.9827 54.7737 -9.0746 21.6146 -9.2450 -0.9286 2.5733 421.5719 205.7194 195.3019 91.7275 73.5947 14.8268 -5.3132 9.5973 8.8081 27.9643 23.0116 554.6407 252.9987 226.0733 50.0670 72.9154 36.5969 17.4123 -16.7043 4.8901 19.7284 20.7981 
0.0114 0.6753 1.2621 2.3288 1.8970 5.4721 2.8067 2.6283 3.8691 1.9230 2.7742 2.6268 4.1085 2.1394 2.0344 1.6846 1.3241 0.9588 1.1508 1.0863 1.4007 0.9202 0.3968 0.6206 0.2497 3.2170 -0.0004 0.1125 0.6317 0.7197 0.9318 1.5007 1.6542 2.1307 1.3712 2.1456 2.3080 1.5676 1.4462 1.6247 1.1869 1.0969 0.9156 0.8950 1.0214 0.5937 0.8561 0.6077 0.8443 0.4501 0.1920 2.8852 0.0000 0.0225 0.3960 0.5992 1.7133 2.2638 4.0622 3.2651 3.0963 2.8337 3.2630 2.9070 2.9442 1.9164 3.0072 1.8237 1.1781 2.3489 1.1116 0.7212 1.3229 0.2949 0.8223 0.7266 0.6076 1.5946 0.0000 -0.0117 0.9142 0.3215 0.9540 1.1503 0.6941 0.8101 1.3362 1.2358 0.6039 1.6684 1.2419 1.2538 1.4701 1.0623 1.0550 0.8772 0.5830 1.1351 0.5814 0.6357 0.7373 0.4051 0.3575 1.4475 -0.0496 5.1961 181.7253 401.0970 518.4237 495.5349 535.8168 460.7825 389.6984 333.1559 231.3831 160.9943 126.6228 48.7619 71.6184 39.2853 25.7002 23.0472 20.8901 5.9386 1.8241 1.0795 -0.1248 0.2993 0.9301 7.7984 2.9568 51.5737 493.2710 882.5682 1034.8824 1050.6378 942.0378 824.6189 711.2368 451.8952 419.1710 256.5442 201.1089 178.3060 121.8293 87.7996 52.7580 28.6015 27.0655 19.7137 27.0162 10.1608 7.7482 9.5930 1.7281 -2.5231 0.0000 1.0588 15.4502 236.9064 414.4786 554.1856 504.5739 669.6017 602.8511 458.2751 362.1905 286.1542 184.1826 96.7975 72.6248 83.2362 52.1831 11.1180 37.1244 10.2227 6.1596 5.7123 -1.9765 5.4465 3.2796 23.8545 -0.0998 6.6619 178.6363 600.7618 1224.0759 1405.4249 1620.7258 1315.7651 997.7871 879.1192 700.2068 415.1163 401.2699 259.8175 154.1169 176.6074 99.7299 68.0804 58.2357 40.5461 26.8799 59.3301 9.5011 3.5906 6.8362 12.1376 230.6655 168.2498 100.6475 64.8650 21.5620 1.3164 14.7383 6.8965 14.6097 1.8596 17.2769 420.0114 293.9435 183.4397 105.3026 59.8584 34.0903 19.7932 7.2356 11.3032 1.2809 23.4489 393.2482 263.2252 187.2419 98.3828 60.2353 50.2553 31.3316 20.1255 3.9312 -0.4125 27.5541 
0.0041 0.6320 1.1296 2.2001 1.6737 4.6244 2.3441 2.6750 2.8560 2.6013 2.0219 3.4497 2.1394 3.9105 1.9711 1.7766 1.4738 1.2824 0.9493 0.9285 1.0896 0.9916 1.0554 0.7576 0.2635 2.8660 0.0013 0.2439 0.4841 0.7508 0.8980 1.2960 1.0531 2.3134 1.4785 1.9804 1.6709 1.3754 1.5297 1.1859 1.0556 1.1243 1.0105 0.8701 0.8976 0.6806 0.8043 0.7731 0.6699 0.2406 0.2016 2.7753 0.0000 0.0245 0.2384 0.3639 1.4048 1.8346 3.1569 2.1538 2.4462 2.2392 2.6795 2.3309 2.8111 1.8537 2.0270 1.7581 1.5007 1.8676 0.9805 0.7455 1.2539 0.6070 0.6567 0.8276 0.6099 2.6927 0.0000 -0.0312 0.5192 0.1556 0.7530 0.7298 0.7637 0.7738 1.4193 0.8554 0.4273 1.4767 1.0627 1.6309 1.0404 0.8889 0.9405 0.6605 0.4831 1.1417 0.8418 0.4997 0.7150 0.0594 0.8690 1.4687 -0.8299 6.8962 174.6379 379.9206 468.6471 481.0669 461.8440 457.5793 349.8900 287.2729 187.3216 142.8257 117.8245 72.0284 50.9828 51.5748 20.9747 22.1854 11.2163 11.1559 0.2059 0.4470 1.6060 4.6575 -0.8253 7.1277 2.7253 41.0625 483.8218 723.8913 987.6828 987.3493 890.2531 809.1790 575.5878 454.6850 336.0020 262.2901 183.9312 162.7091 79.5290 60.2214 68.4611 42.7931 20.4667 21.7121 19.7876 13.8151 13.9551 10.3277 4.5479 2.2739 0.0000 0.3641 21.4935 224.7591 343.2660 434.1625 416.0151 515.7052 471.6278 357.5741 238.0982 235.5642 135.2776 69.0151 63.8279 82.1488 28.1088 6.9254 14.8314 2.1217 12.3635 2.8810 9.0171 -0.0855 2.4941 15.1820 1.5235 1.0295 148.9494 440.3413 935.4397 1133.3701 1263.4353 959.6072 820.0209 636.2402 543.5033 399.5662 320.2577 197.0157 138.0900 135.8064 90.4699 50.4550 50.6494 35.1834 26.2741 28.7548 5.1121 12.6892 15.3954 24.5235 240.6068 190.4582 116.2643 77.4220 35.7094 13.2453 7.9895 7.9296 7.6045 2.1806 14.1281 421.6532 317.9453 213.5676 116.5359 61.7147 27.9156 17.6222 6.9918 11.6539 10.4626 31.0493 434.6789 247.7252 195.3260 81.2383 60.8126 35.5307 25.1196 13.5704 5.6608 6.1899 32.3923 
0.0145 0.6248 0.6923 1.1981 0.9480 3.9343 1.2370 1.9902 2.2608 1.6296 1.7818 2.6303 2.0344 1.9711 2.8474 1.3078 0.5340 1.1471 0.7245 0.7680 1.3471 0.9423 1.0336 0.5860 0.1310 2.6732 0.0004 0.0785 0.3695 0.6937 0.7461 1.2190 0.8350 1.7848 1.0493 1.6641 1.5907 1.4803 1.4164 0.8540 0.9681 0.6618 1.0774 0.8594 0.7920 0.5241 0.6095 0.7687 0.7057 0.2692 -0.0386 2.3856 0.0000 0.0052 0.2027 0.1749 0.9501 1.5101 1.8781 1.7336 1.8665 1.6281 2.0528 1.6108 2.1955 1.9738 1.5054 1.4154 1.2913 1.8150 1.0188 0.5612 1.0968 0.4796 0.4432 0.8388 0.4822 2.7306 0.0000 -0.0354 0.6411 0.0499 0.2411 0.4945 0.4204 0.5709 0.7135 0.7471 0.2367 0.8955 0.8026 1.2476 1.2764 0.5647 0.7442 0.6919 -0.0048 1.1345 0.7795 0.2703 0.6950 0.2538 1.0431 1.5894 -2.5540 3.7838 142.1587 291.7158 348.7074 366.2662 411.1221 364.1731 297.3218 224.9269 145.1195 119.0512 101.7559 62.2594 41.3779 49.8792 13.1621 24.2365 10.3372 13.0968 -1.2543 0.4191 -0.6664 5.7390 -0.2934 5.8960 -1.5158 28.6458 422.7674 583.7040 803.1865 776.3414 749.9879 683.6297 469.9475 350.0176 269.9092 227.0963 154.9264 132.8316 77.3204 45.7166 65.8595 35.8508 22.6878 7.9896 20.5574 8.6817 13.3276 13.1511 -2.6201 -0.3913 0.0000 -0.6292 10.6368 176.3089 259.1921 346.7382 265.5369 418.0872 408.7749 307.9391 195.6979 208.2610 108.1117 50.3723 38.4878 81.5802 30.0341 9.2058 14.2663 0.7525 8.0546 2.9846 4.5198 3.2075 5.6073 20.2989 0.4809 -3.7043 115.2132 336.2566 680.4085 856.6806 1067.0542 721.2562 653.8443 550.2025 486.5974 344.3402 258.7689 160.8100 140.4156 132.6190 81.1492 56.0880 38.2385 33.3765 24.9645 31.8381 1.3433 7.6424 10.8688 32.8471 169.2552 128.8388 81.7016 42.5065 20.9335 9.8589 9.2096 7.7640 6.0809 3.5295 10.3729 298.4762 214.2295 148.3521 71.1333 40.0084 16.6963 17.2662 2.0019 3.7085 5.3431 23.9223 267.1747 184.0518 153.3609 51.3484 32.8389 22.4964 21.7660 8.1603 -0.8547 1.4947 22.3330 
0.0045 0.3408 0.7134 1.5767 1.3455 3.0554 1.6027 2.3417 1.3223 2.2937 2.2049 2.9360 1.6846 1.7766 1.3078 2.7709 1.0855 1.4576 0.6347 0.7132 0.2141 0.7300 1.0522 0.4578 0.4879 2.4180 0.0032 0.2210 0.5255 0.4261 0.2841 0.7595 0.5289 1.5255 1.2538 1.5243 1.1564 1.2634 1.2330 1.0077 0.6458 1.1690 0.6597 0.9390 0.7370 0.5657 0.8474 0.5515 0.3786 0.0922 0.1254 2.0502 0.0000 -0.0155 0.1158 -0.2342 0.7654 1.3133 3.7502 1.5504 1.9388 2.4399 1.5912 1.7556 2.2354 2.7429 1.3009 1.7592 1.4626 1.3079 0.4267 1.0765 1.0410 0.7469 0.2289 0.9151 0.7905 2.7724 0.0000 0.0575 0.7012 0.4925 0.3676 0.9521 1.0654 0.9476 1.2510 0.4667 1.0876 1.3004 0.7907 1.2876 0.7560 0.8499 0.4898 1.0749 0.2973 0.7418 0.7258 0.5164 0.3949 -0.0423 0.7151 1.5559 0.5469 3.8059 103.1643 250.8725 340.6389 362.2797 379.2279 402.0480 308.0304 157.1139 147.1246 161.0443 79.1397 74.8200 28.8956 58.0033 14.3343 11.0716 6.7089 16.4624 -0.9594 -2.1006 6.3706 2.8932 -0.6628 12.7262 4.0550 27.7229 339.0912 528.4920 741.9379 782.6570 729.4205 641.1698 407.3011 426.2163 306.2550 201.8167 157.9329 104.3672 54.1587 55.2021 52.4390 36.0088 14.8004 22.4147 18.7695 15.4811 12.4478 6.8814 11.3313 -2.2625 0.0000 0.8308 33.7262 163.8299 317.1105 292.2654 390.8106 410.4368 334.7293 341.5707 223.6584 172.4456 169.1143 102.8306 86.0804 60.7948 21.8792 8.1963 11.8048 -3.6678 15.8277 2.0145 14.6735 1.8927 3.5988 3.3642 4.7309 10.6738 113.1724 396.4197 743.4174 951.0660 893.6805 891.9742 772.1616 499.6277 442.9573 388.6662 305.3062 161.7410 120.2798 118.4615 86.0590 42.5431 28.3852 7.0185 23.4446 24.0302 3.6546 27.7780 15.7343 34.9908 187.4015 134.8313 112.2675 61.2066 39.2307 22.4288 5.1981 10.8144 0.0927 0.4624 11.4475 342.9748 228.6839 170.7862 89.3182 65.7622 21.3171 7.7710 4.4790 9.7654 8.0757 26.1431 292.7153 156.1415 121.5142 41.7034 41.5170 27.6043 8.8351 -3.8381 3.6380 3.7917 13.3591 
0.0028 0.4170 1.4501 2.5580 2.2138 3.5885 3.1978 1.8453 3.7536 2.0652 2.1259 1.4322 1.3241 1.4738 0.5340 1.0855 3.1474 0.1000 0.8722 0.7082 0.2391 0.2560 -0.3608 0.4683 -0.0068 0.7088 -0.0005 0.2689 0.4986 0.6062 0.7073 1.0021 1.7149 1.3911 1.3689 1.3990 1.8970 0.3811 0.8362 1.5571 0.8629 1.2370 0.1886 0.5079 0.9009 0.4421 0.6944 0.0361 0.2731 0.0604 0.2989 1.2337 0.0000 0.0936 0.3709 0.6679 1.5012 1.6263 3.3130 2.5879 1.8489 1.9278 2.3570 2.3457 1.0974 -0.0798 1.9467 1.0238 0.1154 1.1354 0.0706 0.2742 0.3245 -0.1985 0.9159 -0.0943 0.1199 -1.4684 0.0000 -0.0057 0.2575 -0.1484 1.1211 1.0138 0.2812 0.1603 0.6331 0.9122 -0.0765 0.4764 0.4673 0.5204 -0.5139 0.5218 0.6743 -0.3452 0.4535 0.5042 0.1685 0.1768 0.0221 -0.4215 -0.5193 -1.3523 3.1884 7.8124 138.2548 312.0845 398.4327 397.0106 318.0489 311.5771 236.5505 261.9395 147.7410 84.5483 74.7701 -7.0436 71.6343 -9.0509 22.0254 12.9081 12.4087 -4.6945 5.0499 -1.8549 3.0341 -0.1176 -1.0778 -5.3053 5.7812 52.2141 335.5649 616.5283 822.2006 806.7879 687.6591 542.4178 475.8084 311.7234 336.9514 144.2655 77.5492 153.4619 48.1991 82.9578 14.4843 -3.3986 -2.3227 31.3547 12.6876 1.0641 0.2696 -6.1978 13.2801 -6.5972 0.0000 2.8758 10.3438 172.3034 228.1374 339.3608 335.7089 382.8026 293.4866 240.6699 147.9322 148.7991 78.5523 1.3451 42.9066 -5.9603 10.5591 -4.6892 10.4769 -3.7767 6.8488 -2.8952 -1.4777 -6.9935 -4.8406 4.8459 -5.6721 18.7855 125.9642 302.4954 804.2820 792.0181 864.5592 751.2869 521.9614 379.7910 251.0460 54.3571 187.6104 84.4371 -13.1232 33.8476 7.6740 3.1625 24.1168 10.6679 7.0977 28.7692 4.3429 -21.2947 -4.1844 -51.5355 161.2397 133.5083 56.4867 67.8552 18.0606 -12.2600 10.6683 -4.4020 13.1939 -1.7783 15.9966 248.4635 235.2386 124.7435 88.4878 46.3659 24.9128 7.7679 2.0977 14.4536 2.8941 24.8420 309.9191 124.7491 105.3664 64.8355 56.6235 33.8012 11.3649 20.0911 6.9790 0.1866 22.3772 
-0.0157 -0.2071 -0.4058 -0.3589 0.4282 0.5792 0.0003 2.1632 -2.1783 2.7300 0.6577 3.2870 0.9588 1.2824 1.1471 1.4576 0.1000 3.6924 -0.0299 0.3584 -0.1907 0.9415 2.5004 0.3389 1.0849 2.6022 0.0074 0.1851 0.0138 -0.1772 -0.0269 -0.0971 -1.0309 0.9262 0.6621 0.8150 -1.2778 1.2980 1.3817 -0.4757 0.0070 0.9033 0.5468 1.0771 -0.0010 0.4457 0.7016 0.8659 0.2610 0.0878 0.3540 2.3691 0.0000 -0.1275 -0.3651 -0.5943 0.2980 0.4769 2.8374 0.2306 1.9720 2.7069 1.2906 1.0148 3.3062 4.7362 0.7404 2.2305 2.9756 0.4790 0.8464 1.8763 1.4987 2.3057 -0.6677 1.6537 1.1238 7.2902 0.0000 0.0820 0.5607 1.1868 -0.5030 0.4335 2.1281 2.1761 2.1927 -0.0088 2.5386 2.3143 1.1711 1.9120 1.9542 0.9107 0.3861 2.4391 0.7057 0.4110 1.2759 0.9999 0.6105 0.5228 1.5805 5.5713 -0.8916 -2.0970 22.8622 104.3455 131.8507 208.2229 211.2618 295.2618 210.0942 -35.4336 61.7082 145.8483 36.8098 135.8232 -67.7556 87.1547 -5.9031 2.0546 -9.6506 17.7502 -4.0384 5.5474 5.7875 4.4133 -1.1913 26.1734 7.3101 -7.3180 211.0256 220.8506 290.9090 380.4463 351.0187 409.7656 136.9493 354.4914 25.0359 131.5710 98.8278 -44.7355 -16.4270 -39.0832 54.0331 71.8887 20.5947 6.0585 -8.5525 29.2113 22.1993 11.3096 8.7759 20.8324 0.0000 -2.0410 53.0835 101.9339 408.9968 234.1374 555.2219 386.5618 327.6377 311.4028 250.8066 151.8221 180.9559 181.6188 106.0802 99.7075 1.5867 16.0102 -5.3999 10.0501 12.1077 6.2665 31.4468 6.9940 4.9114 -16.0525 15.5291 -1.1960 69.0486 572.0797 718.6790 1275.5847 850.7453 973.5659 998.0685 566.5556 501.9239 692.5594 312.4967 218.3186 203.4751 93.3929 111.4849 25.3541 6.6845 0.6231 24.3206 -31.7601 12.5245 68.1661 33.0809 116.4340 146.5239 76.7032 121.8285 44.5957 57.4751 64.6508 -9.2177 17.6291 -15.0092 0.3747 -5.9674 285.7780 133.3599 147.3074 77.4996 56.8684 12.7766 -0.7145 14.0663 4.1509 26.7017 18.0211 253.1003 114.9837 90.8961 7.1959 32.0292 8.5235 2.2091 -24.0293 4.2507 16.7388 7.1719 
0.0239 0.5420 0.8682 1.2866 1.3028 2.6416 1.6318 0.9530 2.7624 0.5454 1.7698 0.5230 1.1508 0.9493 0.7245 0.6347 0.8722 -0.0299 1.5304 0.4073 0.6085 0.2230 -0.5211 0.2453 -0.1104 0.8410 -0.0023 0.1132 0.2881 0.5365 0.5530 0.8060 1.2788 0.8083 0.8093 0.7166 1.6886 0.6720 0.6666 1.2768 0.7513 0.4328 0.3765 0.4001 0.7095 0.2020 0.4595 0.1432 0.3930 0.1482 -0.0597 0.8356 0.0000 0.0685 0.2738 0.7492 0.8615 1.5692 2.0078 2.5051 1.5632 1.9196 2.1720 2.0292 0.6671 0.6126 1.7280 1.0672 0.3167 1.5439 0.8223 0.4490 0.5029 -0.0618 1.0282 0.3631 0.1423 0.4845 0.0000 0.0020 0.3003 -0.3304 0.6384 0.7478 0.0235 0.3126 0.4717 1.3557 0.2580 0.3002 0.7499 0.5943 0.2365 0.5682 0.7725 0.1498 0.4903 0.7591 0.2681 0.1624 0.1942 0.2778 -0.0965 0.1367 0.7125 3.4158 112.8816 215.5697 264.4416 230.8277 226.5359 174.6866 137.7100 183.0116 118.0809 65.9612 57.3488 -9.1951 70.1857 -5.8427 16.9035 7.0385 8.2492 -0.2566 2.8871 0.9136 -0.1479 -0.5169 0.1531 -9.4309 1.3760 27.4567 224.5646 387.2410 514.4857 490.7814 445.6293 333.8212 331.8110 198.9713 249.6312 114.6833 89.7627 121.0687 64.2576 67.6817 20.8190 -1.8509 9.7866 19.3243 15.0248 -4.4598 -3.5818 1.4453 2.3369 2.1705 0.0000 1.4722 -6.5696 109.6082 130.1031 269.5955 211.0561 303.2988 285.5783 254.6348 180.3876 176.4558 95.5131 43.5519 56.7053 26.7703 34.6870 10.8567 26.1905 3.3655 4.6254 1.9356 -7.3172 -1.0730 1.0507 13.8132 -5.3203 10.3227 81.0416 224.9669 546.6530 514.0672 742.2669 649.9233 503.2643 475.3891 375.9679 148.1376 230.8776 148.6421 67.1567 104.2382 55.4211 48.5657 44.5001 33.4624 23.9341 38.2926 12.9626 -12.9749 -7.1966 -8.1076 144.4162 124.4350 52.9166 44.4129 6.4083 -9.7018 14.7877 -0.2009 10.9326 0.5541 13.4806 246.8128 225.8979 125.9202 68.1037 36.6343 21.9601 20.4111 2.3740 8.9749 -1.1192 22.0099 193.4151 120.4173 84.9612 57.3170 32.2337 24.0499 11.7676 18.9239 2.7148 -4.8741 20.4371 
0.0003 0.2729 0.6074 1.2107 0.7392 2.0294 1.2982 1.1375 1.7062 0.9384 1.0967 1.0131 1.0863 0.9285 0.7680 0.7132 0.7082 0.3584 0.4073 1.5299 0.5830 0.2813 0.1763 0.3244 0.1179 1.3858 0.0000 0.0607 0.4105 0.2708 0.3726 0.6331 0.7195 0.9720 0.6037 1.0682 1.2131 0.5570 0.7787 0.7467 0.5357 0.5774 0.4013 0.4175 0.5078 0.3355 0.2951 0.1618 0.3537 0.2176 0.2608 1.4950 0.0000 0.0181 0.2326 0.2014 0.6906 0.7901 1.3982 1.2191 1.3536 0.9865 1.3104 1.0713 1.3095 0.5096 1.2816 0.6826 0.6326 1.0107 0.4994 0.2722 0.5920 0.1523 0.5184 0.1705 0.2854 0.9806 0.0000 -0.0142 0.2773 0.1292 0.4797 0.4930 0.3568 0.2842 0.6300 0.5140 0.2118 0.7864 0.4655 0.4313 0.5131 0.6734 0.6417 0.2444 0.3287 0.5598 0.2798 0.2940 0.3099 -0.0428 0.1329 0.9549 0.0408 1.9709 77.4289 173.6013 223.1584 202.3741 222.2156 196.7622 154.4085 141.0955 88.9506 49.9234 60.6569 24.8552 34.1858 16.8375 12.1110 14.5116 8.9759 4.4797 1.3006 -1.0833 0.6730 0.8525 0.6886 3.1839 -0.5910 27.0666 221.6187 375.7547 452.5198 443.6243 402.8572 348.5176 291.5010 185.4954 192.2513 130.2202 96.9942 82.0341 60.2137 48.1701 22.9871 13.1880 14.0080 6.4412 15.4083 2.9937 5.8573 1.6941 4.6222 3.3450 0.0000 0.6062 9.3926 104.4721 151.0500 235.0124 210.1022 274.0105 241.1120 186.5149 140.9068 115.7719 85.9096 26.9387 25.8544 30.7794 24.5009 10.7009 15.5232 6.6044 4.5960 1.2976 -0.3294 2.0455 1.4714 9.9620 -1.6295 4.5309 78.6024 256.2489 504.4346 579.0571 643.9321 535.9897 420.5173 381.7621 315.4887 181.8435 188.0702 130.2945 82.3170 72.7492 42.8267 39.9624 32.7396 18.6688 16.5752 30.6028 5.9953 1.5437 5.3602 8.4507 99.3431 89.0528 53.1415 34.8512 14.4999 -0.1348 5.2031 4.0371 5.6585 2.6477 14.3308 209.7126 158.7993 102.3297 56.2062 29.0297 19.8536 12.0272 4.0999 5.1573 -0.7951 14.0317 176.4446 125.7862 84.1962 49.5542 28.5074 17.8068 14.8520 7.3439 2.5998 2.9008 14.9177 
0.0194 0.4968 0.5137 0.8056 0.2067 2.8451 0.7867 0.4152 2.6596 -0.2826 0.6952 0.3988 1.4007 1.0896 1.3471 0.2141 0.2391 -0.1907 0.6085 0.5830 2.8951 0.3750 -0.2208 0.3248 -0.3394 1.3224 -0.0040 -0.0854 0.1494 0.5009 0.6801 0.9895 1.0847 1.0394 0.2505 0.9453 1.8210 0.6568 0.7836 0.8925 0.7893 0.0308 0.6878 0.2355 0.5529 0.1748 0.1455 0.3054 0.5987 0.3269 -0.0521 1.4555 0.0000 0.0418 0.3073 0.5084 0.6554 1.0199 -0.1082 1.6471 0.9173 0.2226 1.5612 1.0242 0.8663 -0.2483 1.3389 0.3637 0.0869 1.5612 1.0389 -0.1920 0.4852 -0.3148 0.9042 0.0451 -0.0408 0.1968 0.0000 -0.0863 0.1973 -0.4062 0.4186 0.1262 -0.4598 -0.3096 -0.0387 0.8435 -0.6790 0.4782 0.4558 0.2862 0.9716 0.3476 0.7618 0.0425 0.0653 0.9123 0.2447 0.0464 0.5519 0.4859 0.2572 0.4205 -2.5443 1.5650 82.1927 140.3632 148.9725 141.6937 196.8471 102.6146 121.9069 193.5146 84.4050 20.1260 72.6411 -4.5281 55.7289 -2.3359 12.2379 26.0130 17.2552 0.8298 3.0307 1.8904 -5.9482 2.8435 1.2520 -5.0172 -5.2617 20.8355 205.5835 320.2552 384.0492 347.8766 360.9327 321.5234 351.4665 112.5199 197.2495 137.3457 106.5625 132.0635 97.9554 54.6182 37.3828 3.1349 24.7723 2.9103 17.7871 -3.5089 5.6536 8.0387 -11.1996 4.8555 0.0000 -0.3767 -22.4901 73.3170 35.0425 199.8981 -12.4299 213.4346 264.4158 141.7876 117.5818 155.7059 36.2645 -4.2005 -11.2965 53.7332 45.3994 14.5124 22.4794 11.2741 -1.1644 1.4267 -11.4330 2.2329 2.8783 30.7344 -7.1457 -8.7487 62.6606 84.7097 317.4139 314.1075 713.2582 319.1615 259.8710 431.8466 365.4805 131.2720 178.2470 141.5987 102.5674 123.0881 38.7528 72.3827 43.9260 50.6593 17.9796 49.4246 9.2069 -20.5943 -3.7258 5.8472 95.3095 83.5260 20.1864 18.0684 -5.8483 -14.9846 15.5469 -1.8529 14.2740 4.8301 12.4551 199.6524 173.6071 90.8012 56.9309 19.1611 21.3533 25.0385 1.1452 1.9661 -6.5574 16.6883 105.1525 135.5238 106.4842 60.9481 23.2049 21.7802 29.8687 21.9476 -4.0184 -5.5711 23.5654 
