0.0519 0.0431 0.0477 0.0408 0.0280 0.0403 0.0116 -0.0098 0.0670 -0.0285 0.0525 -0.0119 0.0113 0.0041 0.0145 0.0045 0.0029 -0.0157 0.0239 0.0003 0.0194 -0.0065 -0.0331 -0.0052 -0.0171 -0.0174 -0.0001 -0.0024 0.0028 0.0251 0.0061 0.0247 0.0326 -0.0022 0.0104 -0.0097 0.0620 0.0141 0.0114 0.0398 0.0145 -0.0160 0.0057 0.0090 0.0223 -0.0096 0.0095 0.0011 0.0084 -0.0045 -0.0197 -0.0309 0.0000 0.0069 0.0206 0.0270 0.0041 0.0447 -0.0038 0.0617 -0.0165 0.0259 0.0166 0.0274 -0.0541 0.0029 -0.0098 0.0132 -0.0197 0.0332 0.0124 0.0022 0.0022 -0.0221 0.0284 0.0118 -0.0109 -0.0290 0.0000 0.0015 0.0063 -0.0283 0.0017 0.0156 -0.0285 -0.0148 -0.0238 0.0352 -0.0103 -0.0425 0.0001 -0.0056 -0.0214 -0.0069 0.0039 -0.0078 -0.0120 0.0215 -0.0010 -0.0239 -0.0079 0.0140 -0.0111 -0.0538 -0.0307 0.0423 4.0506 4.6252 3.6970 2.5892 4.5153 2.1398 1.5204 3.0861 2.3125 1.5071 1.2629 -0.9873 2.9285 -0.4575 0.4633 0.2026 0.1225 0.1166 0.0140 0.1159 0.0083 0.0527 0.0025 -0.6447 -0.1143 0.6717 6.2488 5.7151 9.8989 6.6801 8.1393 2.5836 2.9434 2.7649 6.7477 1.4992 2.3725 3.4496 2.2728 2.3551 0.7413 -0.7536 0.3040 0.4343 0.6316 -0.6858 -0.2349 0.0619 -0.0504 -0.3160 0.0000 0.0590 -0.5060 1.7485 -2.9290 0.2895 -5.6826 -0.7490 0.0836 3.6503 0.5700 3.1133 1.6224 0.1163 0.9215 0.0917 1.1682 0.5223 0.7058 -0.1429 0.1774 0.0660 -0.3632 -0.0543 0.2099 0.6970 -0.3247 0.4265 1.6401 -1.3446 -2.0678 -11.9792 -2.9605 -2.4932 -1.2683 1.4251 3.6550 -3.2088 3.6978 1.3086 0.6495 3.2029 0.9939 1.8291 0.8112 0.8232 0.9985 1.4433 0.4756 -0.9133 -0.8063 -0.5697 1.5476 1.7519 -0.1450 0.2797 -0.4905 -0.7953 0.5787 -0.1536 0.1952 0.0183 0.4099 1.4754 3.1029 1.0828 -0.0865 0.2996 0.0378 0.7313 -0.2879 0.0401 -0.3383 0.6506 -1.3538 0.6037 0.8755 0.4660 0.0461 0.1733 0.0281 0.3392 -0.2690 -0.5488 0.2963 
0.0431 4.2682 3.3028 3.9308 2.2847 4.1347 2.2589 0.8784 4.7802 0.0980 2.2151 0.5127 1.1321 1.0467 0.9798 0.4934 0.8716 -0.5917 0.9086 0.4944 0.8756 0.2892 -1.1965 0.0747 -0.7043 -0.2300 -0.0030 0.0059 0.4170 1.2016 0.9318 1.7930 2.0541 1.1941 1.3268 1.4221 2.8007 0.5081 0.6872 1.6251 1.0913 0.3679 0.5718 0.3082 0.8127 0.0098 0.3419 0.2654 0.3992 0.0640 -0.7355 -0.6585 0.0000 0.4646 0.8056 1.6191 1.6851 1.9855 0.7864 2.4581 0.1143 0.4879 0.9987 1.2302 -1.3567 -1.5072 0.1780 -0.2181 -1.5817 1.0692 -0.5236 -1.1341 -0.2048 -1.6646 0.4957 -0.1096 -0.6314 -5.9372 0.0000 -0.0395 -0.2099 -0.9981 0.5511 0.6922 -0.9864 -1.2010 -1.3456 0.4886 -1.6817 -1.4818 -0.3744 -0.1113 -0.8060 -0.5033 -0.1282 -1.6965 -0.8239 0.6640 -0.5075 -0.9589 -0.2133 -0.4047 -0.6168 -5.9287 0.7628 7.8678 262.9719 388.7104 468.5025 409.2733 386.5372 275.3496 219.2933 288.0500 122.1698 36.4431 48.3573 -68.5031 96.5708 -25.7119 22.1661 14.6297 12.1022 -14.4237 0.9928 -1.3721 -1.8035 -0.1939 -1.1585 -13.1762 2.4793 58.6439 394.3789 664.6144 913.5635 795.5260 712.0477 501.6426 395.9883 189.2163 313.1620 131.5959 68.7868 155.5050 58.5276 81.0970 2.5130 -14.6085 -8.0260 9.7395 23.9202 -21.9907 -15.1263 -2.2590 -9.2847 -49.5667 0.0000 3.6197 -0.3879 201.6513 63.7819 230.8345 -80.2719 164.2003 107.4419 91.3454 -45.7213 25.5722 -89.7925 -97.7869 -22.8677 -58.3563 -1.1360 -20.7400 4.1689 -22.6563 -4.4165 -1.0814 -21.2165 -6.9784 2.1521 12.9431 -11.9914 13.7531 111.1171 -31.1151 173.9502 -194.5989 204.4670 -122.8572 -156.9738 -149.6649 -81.6238 -380.3720 -45.4323 -143.3884 -136.8117 1.1955 -33.6200 -28.8787 4.2977 -8.1227 3.9144 45.8090 -13.2575 -57.5710 -28.3844 -116.2611 190.8823 168.8205 46.0577 52.4350 -11.2706 -40.0035 19.9233 -3.9626 18.9398 -1.9092 18.8550 226.2449 236.6731 107.7075 34.8579 28.2997 12.7900 14.0324 -8.5553 8.4556 -7.9574 14.9131 273.3582 151.0750 139.1996 59.9508 31.0133 33.3632 18.5178 29.6811 -2.0333 -9.7101 19.9800 
0.0477 3.3028 8.8207 6.6437 4.7110 5.3604 4.8869 2.7806 6.2939 2.0334 3.2564 1.8103 1.6786 1.7562 1.1824 1.1940 1.8499 -0.0512 1.0997 0.8976 0.5667 0.3837 -0.8180 0.3060 -0.5119 -0.0478 -0.0002 0.2043 0.8487 1.5951 1.2979 2.1916 2.7461 1.8890 2.2741 2.1182 3.3526 0.5187 1.2737 1.9918 1.3361 1.1955 0.5995 0.6314 1.0980 0.2669 0.7255 0.2553 0.2801 -0.0630 -0.4538 -0.0961 0.0000 0.6723 1.8456 2.7723 3.6366 3.6671 2.8878 3.2398 1.0104 0.9751 1.1805 1.5909 -1.1604 -1.7589 0.0621 -0.0397 -1.4803 0.5961 -1.0728 -1.0572 -0.2617 -1.6185 0.6029 -0.3693 -0.4498 -6.7789 0.0000 0.0270 0.0055 -0.5094 1.1063 1.2990 -0.4464 -0.9592 -1.3393 0.3715 -1.6104 -1.3467 -0.6102 -0.1399 -1.3648 -0.3705 -0.0010 -1.9025 -0.8204 0.5222 -0.4905 -0.9817 -0.2734 -0.8528 -0.7054 -6.8046 3.3788 16.1516 505.6108 771.7327 860.6346 806.3725 691.6034 562.2724 432.0803 419.6918 196.9814 93.8494 80.0770 -46.9112 110.9192 -19.9867 28.9743 23.4609 16.9096 -13.4059 4.3205 -4.1763 1.8937 1.8649 -2.4379 -9.1228 8.0266 102.5022 773.2626 1173.3661 1492.2532 1311.4989 1090.0620 771.2188 573.7295 361.3581 433.9914 188.2445 91.5015 202.2573 55.9783 104.7761 16.4316 -9.7145 -16.9166 30.1600 25.2242 -13.8357 -9.2927 -6.5380 1.7832 -50.4990 0.0000 6.6338 54.0943 407.4769 392.3917 499.5799 222.5938 370.5434 169.4880 140.6092 -89.1289 3.4855 -125.1566 -130.0800 -32.6906 -93.9171 -26.5431 -29.0332 -15.5654 -28.0398 1.5749 -5.2661 -12.8427 -13.2781 -2.3500 2.8580 -11.2414 27.9873 260.6550 352.7562 654.1892 210.8413 334.3124 -46.0433 -153.6881 -317.6104 -267.1305 -474.9186 -95.3158 -220.0181 -197.5191 -56.2093 -60.3447 -51.7758 -12.6975 -25.2281 -0.4312 30.4437 -20.0673 -60.5370 -26.1746 -142.0590 192.5373 140.6197 35.3646 66.7895 0.7399 -35.3907 19.3387 -5.1747 16.8463 -3.6348 18.2826 165.6679 188.0929 80.5493 45.2841 40.6817 14.1530 3.1506 -10.9076 11.6073 -2.3586 23.7303 449.5725 163.9810 180.0181 78.4272 63.7025 49.9594 19.4404 31.1130 1.1461 -4.2971 26.5211 
0.0408 3.9308 6.6437 11.5614 5.3067 7.2320 6.3935 3.2057 8.9589 2.3827 4.4447 2.4391 2.8026 2.5850 1.5144 1.8275 2.9250 -0.4339 1.5548 1.4516 1.0411 0.4604 -1.5626 0.4469 -0.7286 0.4720 -0.0019 0.2900 1.4108 1.8054 1.5216 3.2382 3.8455 2.8353 2.8057 3.5290 4.9827 0.7235 1.5047 3.2212 1.8366 1.7887 0.7604 0.6926 1.6559 0.4555 1.0129 0.2151 0.4835 0.0471 -0.4643 0.1566 0.0000 0.7143 1.6230 2.2382 3.6153 3.5558 2.8153 4.0420 1.2016 0.8190 1.7374 2.6000 -0.6521 -2.9174 1.2529 -0.2514 -2.4667 1.1277 -1.6608 -1.6324 -0.2633 -2.7196 0.8553 -0.8468 -0.6173 -11.0881 0.0000 0.0115 -0.4449 -0.6923 1.7061 1.7123 -0.8602 -1.7942 -1.2336 0.4494 -2.5462 -1.1447 -0.6030 -0.3633 -1.5052 -0.4850 0.0345 -2.6127 -1.0777 0.7518 -0.9641 -1.0810 -0.2759 -1.3457 -1.5228 -9.7127 4.3826 14.6929 484.5723 821.8326 1006.1611 974.8497 865.8712 728.3679 590.5257 586.9325 293.1866 138.5730 123.7623 -81.7607 161.4196 -30.7316 45.6433 43.3802 31.5406 -20.2840 6.3694 -10.1745 2.7264 -0.9505 -1.9743 -7.3366 9.0784 135.8476 848.3070 1531.7653 1930.4104 1792.3024 1536.7343 1131.0749 942.6176 530.9452 694.2836 294.8534 176.1901 297.8067 116.2099 171.7982 6.3013 -25.4021 -17.2261 39.4245 42.0846 -16.1710 -15.7364 -9.9257 4.4568 -77.6499 0.0000 7.8363 34.9353 399.9187 365.3286 551.0846 199.6651 497.9269 277.8635 211.6758 -11.8393 46.6899 -105.7547 -158.0865 -36.0682 -117.1835 -15.2540 -40.0431 -5.5978 -35.1655 -3.3130 -11.2373 -21.5561 -13.9076 -3.5965 15.9294 -15.5884 36.4628 280.8054 265.5992 835.4541 295.9756 653.0094 232.4782 -36.5459 -164.2084 -164.5053 -554.2014 -20.9281 -217.1262 -239.9320 -31.8278 -80.4212 -61.4180 -5.8497 -32.7272 -14.7137 71.5668 -24.8439 -79.3819 -32.0309 -213.7911 273.9049 230.4633 61.6398 95.7364 -2.3232 -59.9744 25.6147 -10.5226 31.3101 -5.1204 31.6607 309.7489 316.9645 136.1444 80.9842 63.3363 26.7515 3.8649 -13.0735 19.4893 -13.2400 23.8474 616.2482 314.7598 274.4415 137.4358 96.2432 81.5636 37.9936 46.5558 2.8703 -10.9342 30.3542 
0.0280 2.2847 4.7110 5.3067 7.0673 6.5317 5.2033 3.3354 5.7650 3.0119 4.0134 2.4789 2.0496 1.8342 1.0089 1.5178 2.3910 0.6415 1.3505 0.8214 0.1329 0.5576 -0.5143 0.2625 0.0419 0.3995 0.0014 0.3810 0.8586 1.2796 1.4169 1.9125 2.5656 1.6773 2.4625 2.0819 2.3557 1.0207 1.6143 1.9789 1.3093 1.4973 0.4222 0.8416 0.9893 0.3577 1.0810 0.2447 0.4118 0.0354 -0.1847 0.1983 0.0000 0.4411 1.1593 2.8511 3.5476 4.1003 6.4993 5.2447 3.2585 4.2904 4.0253 3.8008 0.7788 1.0891 2.2726 1.7674 0.0456 1.5085 0.0129 0.4757 0.4387 -0.1359 0.6445 0.4525 -0.0612 -3.1261 0.0000 0.0647 0.5835 -0.0816 1.3058 1.7667 0.8630 0.7556 0.5246 1.4839 0.4987 0.1740 0.6526 0.9826 -0.5171 0.1259 0.5206 -0.5483 0.4882 0.4909 0.1086 -0.1789 -0.0803 -0.2202 -0.5994 -3.6066 5.0323 12.0043 395.9394 710.0566 840.3417 798.8472 655.6216 562.6259 410.0274 374.3763 227.2905 152.2002 76.3755 -17.8521 78.3892 -18.6805 19.9263 6.9105 9.2013 -13.7748 5.6060 1.9817 2.4720 -1.6204 -2.7957 -8.4765 14.8616 88.6742 735.3378 1189.6884 1486.8488 1357.6308 1117.0735 814.8726 647.5768 450.2432 410.7053 160.7854 56.3018 157.9529 10.1353 73.2691 4.4525 -2.6000 -13.7997 34.5838 4.9784 -7.6669 -11.6852 -10.4091 5.6454 -30.9785 0.0000 5.0036 44.5850 396.3196 626.7389 742.7202 733.0591 715.6166 509.8048 436.6270 200.8428 182.4683 30.0773 3.9650 64.9884 -54.0011 -15.4755 -22.2369 3.2953 -20.8492 2.6088 -4.8869 -8.9717 -11.9259 -6.2993 -14.4908 -6.7948 36.9276 269.3424 826.2879 1506.0583 1483.5685 1419.2283 1141.1538 855.8013 414.5111 210.8213 -44.7062 129.7536 -29.7977 -125.0892 -29.5001 -19.5147 -50.3888 -8.5925 -21.4842 4.0578 10.1288 -5.6581 -37.1951 -22.3772 -98.8252 248.1169 172.2065 73.0735 73.8740 15.6631 -13.4393 14.9514 -4.3605 14.9757 -6.7058 8.7634 260.6491 257.7338 119.1062 76.4672 52.4742 20.2797 -0.2199 -2.4939 14.1887 9.0534 19.2506 606.0839 236.8154 207.9225 109.3299 89.1620 58.3961 18.2454 29.1322 8.2873 0.5953 34.7405 
0.0403 4.1347 5.3604 7.2320 6.5317 29.7210 7.4165 5.8085 12.1284 4.2059 6.6861 5.2040 5.5974 4.7268 4.0273 3.1346 3.6231 0.6766 2.6753 2.0758 2.8848 1.9268 -0.4601 1.1779 -0.3346 4.2210 -0.0025 0.0597 1.4309 2.5909 3.0519 3.5983 4.8087 4.7427 3.8058 5.0552 5.8061 2.5434 3.0962 3.5030 2.8153 1.7711 1.6961 1.4842 2.0793 1.0084 1.2131 0.8910 1.4831 0.5989 -0.5517 3.4255 0.0000 0.6523 1.5754 3.4875 5.8738 7.2508 16.9368 10.2797 6.8275 7.8833 7.9635 7.3081 3.2902 2.8653 5.9146 3.4281 0.5419 5.8274 1.3984 -0.0966 1.7293 -0.6655 1.7763 0.8611 0.0758 -3.3196 0.0000 -0.0898 2.0732 -0.6069 2.5645 2.7140 0.8433 0.4684 0.9458 2.5883 -0.5912 1.5438 1.7931 2.3106 0.8025 0.5439 1.9423 -0.9369 0.9329 2.0123 0.8629 0.2803 0.7814 0.0584 -0.5226 -5.9301 3.0152 26.7098 510.8574 1061.5508 1395.4569 1167.7730 1100.7054 932.7718 740.7106 847.4820 468.6643 286.1606 252.7070 29.0514 164.8860 12.3199 38.3267 0.3007 42.2941 -0.5772 4.3930 9.6057 -4.6810 -0.1915 -2.1313 -6.7003 12.0057 128.8455 1277.6084 2120.2857 2737.5092 2543.3023 2228.2359 1837.9235 1452.4779 886.7396 877.3118 425.8218 271.3582 455.0397 145.6043 154.8899 76.7420 28.2350 23.4375 49.1819 43.5218 -15.4678 -2.1938 -0.6820 -21.3485 -70.7020 0.0000 4.8393 21.4040 776.4572 968.8192 1453.0982 1073.5540 1438.2189 1303.6495 987.0862 645.4352 568.3460 235.7700 62.8991 100.2549 88.2896 70.8619 -30.7936 71.4789 -23.1433 23.6206 3.8865 -30.1639 -15.4907 -2.5121 18.3785 -14.4250 21.9177 465.4171 1343.9434 3138.1389 3500.2385 4098.9073 2758.9221 1969.3952 1589.8359 1159.1501 311.4271 554.2169 193.6019 -40.1080 193.9281 54.5662 35.8641 69.3934 35.1995 36.8784 116.1162 -16.2318 -77.9531 -21.3667 -129.2478 435.0328 298.7463 127.7956 120.7428 12.5819 -44.6219 34.2361 -1.4005 41.2061 -2.7072 29.3749 605.2378 514.3099 245.0904 133.1273 82.0515 56.1091 27.9866 -4.3269 21.1254 -7.0822 32.0355 876.6425 438.0796 382.7801 195.6467 133.7881 108.8880 61.4534 61.1614 5.0042 -6.5124 71.7702 
0.0116 2.2589 4.8869 6.3935 5.2033 7.4165 8.6367 3.5280 8.3479 3.4059 4.2304 2.3771 2.8398 2.3906 1.2747 1.6107 3.2274 0.0081 1.6538 1.3239 0.8223 0.5726 -1.0946 0.6718 -0.2776 0.8782 -0.0014 0.3018 0.8762 1.5622 1.6674 2.3568 3.6909 2.7664 2.7209 3.1066 3.8841 0.8912 1.7835 2.6885 1.7962 2.0238 0.4995 0.8056 1.5280 0.6466 1.1732 0.1343 0.5414 0.1568 0.1245 1.2635 0.0000 0.6395 1.2977 2.4067 4.0692 3.4941 4.8361 4.8930 2.8640 2.7249 4.2315 3.8956 1.0013 -1.3281 3.3614 1.0739 -0.7718 1.7595 -0.3861 -0.3509 0.2821 -1.1350 1.2424 -0.4269 -0.1240 -6.2013 0.0000 -0.0525 -0.1309 -0.3725 1.8794 1.8646 0.0574 -0.1226 0.0351 1.4664 -0.9502 -0.0251 0.4821 0.5123 -1.0069 0.2799 0.9564 -1.5517 0.3474 0.6717 -0.2341 -0.1486 0.0325 -0.7295 -1.1474 -5.3002 5.8672 15.5507 382.5306 764.3586 933.9988 911.1787 731.9525 637.7544 511.1810 560.3783 297.2605 144.0856 126.4307 -48.6904 135.4531 -34.5204 39.5954 24.0621 23.8657 -22.1776 8.7243 -3.3304 1.8276 -2.3733 -2.1811 -11.0587 13.2435 115.4290 789.9764 1443.3423 1787.8177 1687.5304 1401.3735 1073.1250 967.6805 530.1052 594.4555 247.8765 111.8374 267.1716 72.6004 134.5811 2.8433 -15.7951 -18.6898 44.1485 20.4066 -6.1871 -12.4496 -11.8785 11.4174 -36.5335 0.0000 5.8464 22.3038 369.1437 486.7406 716.3344 589.1864 723.7410 522.4659 371.6269 187.9034 202.9648 10.0001 -64.7020 28.2334 -63.2777 -7.9782 -30.9213 8.4014 -18.5517 -1.5510 -7.1173 -15.4895 -13.6425 -9.7387 5.6333 -11.9671 35.0709 273.5857 623.1086 1492.3995 1315.3566 1521.3537 1124.1741 688.5166 452.3157 209.8744 -167.5324 140.8073 -6.7595 -146.2179 -22.5246 -39.6529 -53.0109 13.8760 -3.5239 -9.2206 41.2011 -10.3591 -60.1556 -22.5310 -153.1647 256.9364 178.7019 51.6770 101.7598 11.3551 -36.3764 21.8683 -10.4700 29.9613 -5.5715 21.6662 312.7604 293.6158 134.2954 108.5140 58.9007 32.8966 6.0333 -1.4404 21.9779 2.0786 28.5757 608.5657 226.3186 217.5945 133.7574 108.9387 76.7515 29.0510 48.0859 11.6173 -1.3092 42.2207 
-0.0098 0.8784 2.7806 3.2057 3.3354 5.8085 3.5280 5.9838 2.6600 4.1794 2.9728 4.4082 2.6478 2.6960 2.0160 2.3599 1.8172 2.2232 0.9358 1.1449 0.4165 1.1953 1.7018 0.7495 0.8122 3.3958 0.0054 0.3930 0.8062 0.6848 1.0141 1.2491 1.0629 2.4862 2.0741 2.5063 1.1851 1.7492 1.9958 0.9764 1.0293 1.7864 0.9301 1.2987 0.8538 0.8372 1.1191 0.8493 0.6303 0.2493 0.4360 3.1592 0.0000 -0.0385 0.4655 0.6342 2.5715 2.9164 6.4362 3.0806 4.0197 4.1174 3.5541 3.0768 3.9163 3.6894 2.7191 2.6502 2.4463 1.7707 0.8537 1.4611 1.6110 1.4237 0.2186 1.2396 1.0133 4.0358 0.0000 0.1009 0.9989 1.0100 0.8069 1.4171 2.0434 1.9306 2.1608 0.8285 1.7466 2.2155 1.3721 2.0659 1.3482 1.1957 0.9537 1.4116 0.8192 0.8986 1.0759 0.9110 0.6698 -0.0193 0.9713 2.5442 1.7129 8.2668 263.1148 571.4169 708.0186 707.9799 645.8331 648.4526 484.4848 305.7046 237.1352 212.9049 123.7921 113.4332 21.1945 72.1189 18.2635 13.5357 7.2058 11.1638 -0.0068 1.9412 5.6313 2.9193 -1.5386 18.4554 10.6577 58.1281 680.9324 1058.3158 1315.6166 1324.4191 1128.3435 1008.1522 682.9868 608.9030 365.5381 282.8020 176.9850 123.5548 47.4945 44.1405 59.8210 60.3290 16.0138 25.0671 11.9941 23.0535 15.3088 6.1279 11.8515 1.9551 0.0000 1.2780 64.0172 354.1185 697.7225 729.0808 899.4136 838.7366 678.3368 547.5739 377.3658 279.9898 204.4768 137.6143 112.3761 78.2961 13.1501 3.9323 10.9202 2.2902 14.7740 4.6548 17.4066 0.6444 0.9967 -6.1266 7.5599 14.5113 242.2998 973.3281 1651.6293 2077.4830 1859.2844 1645.2235 1364.1505 882.9595 678.2584 585.8099 396.7153 231.9550 141.9357 104.1739 99.8153 20.4055 32.3678 8.1443 24.3172 8.0217 2.5869 30.5145 21.9235 35.7585 269.8637 176.7754 144.2620 89.5516 56.0121 34.0008 2.7437 14.1438 2.5353 -0.5718 10.5743 443.5786 287.5676 211.3720 120.2874 77.3055 30.6126 4.9656 11.4259 13.9079 20.1057 27.6245 566.8098 258.9013 204.7997 84.2231 79.1023 45.3624 20.4376 3.9712 10.0885 14.7857 30.3507 
0.0670 4.7802 6.2939 8.9589 5.7650 12.1284 8.3479 2.6600 16.7198 1.2969 6.0629 0.5147 3.8522 2.8630 2.2639 1.3277 3.7632 -2.1808 2.7658 1.7125 2.6623 0.3929 -3.7389 0.7440 -1.8077 -0.0232 -0.0117 0.0278 1.1602 2.8169 2.5648 4.4196 6.6716 3.7772 3.3582 4.0771 8.1731 1.1787 1.6901 4.9805 3.1882 1.6131 1.1523 0.7361 2.6712 0.5693 1.0715 -0.0749 1.1004 0.2990 -0.7686 0.4467 0.0000 1.3110 2.2132 3.8475 4.9363 4.9647 3.6569 7.9327 2.2614 1.9388 5.5008 5.1251 -1.5041 -4.8395 4.3282 0.2229 -3.3417 3.9650 -0.2030 -2.1342 -0.3225 -3.8361 2.9811 -1.3282 -1.1280 -13.6825 0.0000 -0.2848 -0.6557 -2.4047 2.7246 2.2747 -2.4902 -2.5006 -2.2672 2.8992 -4.0671 -2.1596 0.0512 -0.5119 -2.0820 -0.2368 1.6580 -4.1441 -0.6176 1.8529 -0.9716 -1.3845 -0.0731 -1.0040 -2.2837 -12.1285 4.4148 22.4519 511.0533 937.7172 1155.0322 1059.3938 948.8519 671.6865 582.3133 888.6231 390.5080 98.4943 191.6322 -183.7267 297.0468 -107.5690 64.1759 51.5945 51.1220 -34.2133 14.4354 -8.3580 -6.1186 -0.4882 -1.3599 -44.2973 2.5232 164.0141 1008.9107 1850.5868 2457.8356 2201.3016 1968.3118 1414.6224 1405.0862 540.7572 1005.8648 374.6817 194.1207 529.5785 201.8445 269.7845 9.1548 -79.9141 -17.7258 49.8178 61.1576 -46.6846 -30.6782 -15.0432 -7.4194 -78.0781 0.0000 8.3963 -50.5157 433.3981 208.6725 815.8559 125.4168 747.4875 617.4112 436.0190 131.0392 310.5573 -71.6259 -231.6694 -44.4889 -110.6516 39.3188 -35.1138 37.1584 -37.4700 -6.6266 -13.1225 -58.4507 -22.6779 -7.4735 51.6862 -38.6703 41.9245 317.7850 193.0712 1363.0630 636.7072 1795.8069 837.6081 372.4734 522.5740 286.5903 -652.8896 147.9718 -71.1916 -246.8530 52.4569 -88.4104 5.4313 56.3535 33.3064 0.5386 145.1110 -21.4894 -156.7607 -65.5828 -286.2877 345.1025 309.5390 24.2893 116.8499 -35.1993 -114.3616 57.0747 -27.2917 62.9160 -1.6734 51.8658 434.1808 523.6795 202.4857 134.1778 64.3555 51.7188 41.7163 -18.7024 24.3579 -29.6806 47.4506 659.1338 342.9318 326.5166 212.5031 120.9000 104.9549 56.8029 95.0783 1.5017 -27.4591 67.5343 
-0.0285 0.0980 2.0334 2.3827 3.0119 4.2059 3.4059 4.1794 1.2969 6.9792 1.8769 4.7285 1.9317 2.5996 1.6301 2.2933 2.0619 2.7273 0.5439 0.9422 -0.2784 1.1147 2.5110 1.0564 1.0347 2.8145 0.0079 0.6398 0.5044 0.4726 0.7716 0.8686 0.5129 2.2395 2.0985 2.1451 0.0284 1.1989 2.1879 0.1284 0.6916 2.0878 0.4890 1.5107 0.8265 0.9763 1.1886 0.9171 0.3339 -0.0281 0.8901 3.6961 0.0000 -0.0741 -0.0073 -0.0638 2.0503 1.9695 6.4169 1.6957 3.4730 3.6629 3.0822 2.6461 4.2297 3.5719 2.0505 2.8164 3.1681 0.9671 0.4101 1.7432 1.6606 2.0091 -0.0523 1.0976 0.9427 5.4641 0.0000 0.0905 0.9137 1.2754 0.5031 0.9246 2.3821 2.1905 2.6867 0.3658 1.9161 1.8661 1.2460 2.2580 0.6013 1.1230 1.1011 1.4317 0.8142 0.6102 1.4690 1.0391 0.4866 -0.4856 1.1344 3.6526 1.9043 9.9125 167.9186 470.1369 576.6974 637.9637 498.4615 642.7642 433.7453 249.2127 194.0674 195.2139 122.4499 145.9404 -7.2758 87.4307 14.3239 9.2640 -7.1650 10.9015 -2.7422 1.8966 9.9103 6.7229 -3.4893 18.3906 12.0363 48.3457 599.1598 826.8507 1159.4184 1207.8524 995.2923 950.4216 515.5066 623.7922 250.9449 248.5550 117.7187 78.8620 -12.6555 10.9448 60.0936 72.2911 0.0696 29.3724 -1.9458 30.5827 24.6475 2.3222 27.7489 13.4448 0.0000 0.3008 71.5800 317.5503 620.1321 591.5157 921.6731 729.9925 575.0769 449.0238 315.4034 256.2032 222.3983 115.3144 117.3965 87.1431 -22.2849 -3.5993 -12.5365 1.7461 18.5149 1.6655 36.3863 -3.4889 -2.2962 -17.7228 11.8266 10.5985 203.1759 852.7736 1521.0363 2045.3017 1568.4004 1496.2563 1263.1859 681.4586 544.1606 615.5907 352.3889 204.3813 119.9513 33.1383 83.7480 -27.8349 16.0552 1.1551 18.7198 -32.6900 7.1397 43.0856 33.8270 45.1302 237.4068 161.3314 144.9604 106.2169 74.3991 49.0851 -10.3330 12.6082 -7.2126 -2.7461 6.6886 335.7526 232.0411 187.5622 104.3839 62.1072 17.0196 -3.9761 13.0521 15.4489 33.1146 36.4419 585.2631 217.0928 181.1644 44.9349 80.1422 22.5011 2.4497 -9.5683 15.0949 24.0057 21.6248 
0.0525 2.2151 3.2564 4.4447 4.0134 6.6861 4.2304 2.9728 6.0629 1.8769 6.5784 2.4172 2.7589 2.0144 1.7712 2.2134 2.1268 0.6708 1.7678 1.0934 0.6762 0.6271 -0.7648 0.2718 -0.0417 1.6678 -0.0009 0.2338 0.9774 1.4694 1.0806 2.1041 2.8067 2.0880 2.4622 2.2469 3.8155 1.9581 1.7537 3.0054 1.6734 1.3568 0.9110 1.1906 1.5680 0.4648 1.3530 0.3540 0.7924 0.1830 -0.4871 0.7497 0.0000 0.2745 1.1224 1.6105 2.4392 4.0902 6.2181 5.9062 3.3696 4.9623 4.6791 4.3759 1.1940 2.6218 3.0578 2.5463 0.5416 3.0408 0.8619 1.0123 0.9454 -0.1993 1.2316 1.0973 0.4226 -1.0086 0.0000 0.1168 1.0163 -0.3720 1.2355 2.2820 0.6231 0.9141 0.7257 2.3815 0.8766 0.4477 1.2384 1.2600 -0.0242 0.7560 0.8859 0.1361 0.2972 1.2969 0.3982 -0.0548 0.1300 0.1237 -0.2592 -2.1059 3.1174 7.6938 310.2968 593.3391 745.1929 690.3196 706.9587 579.0791 431.5791 369.1553 273.2428 207.6419 110.3960 -8.7530 132.8852 7.4289 30.4052 15.6982 15.6007 3.7210 3.4485 -1.0499 4.3234 -0.8851 -0.9932 -10.7876 7.2724 79.5354 689.3439 1144.4468 1526.2466 1420.9962 1314.6545 961.1225 784.0133 553.4210 622.2310 262.8965 190.1668 238.9884 98.4084 139.3502 36.3485 -4.3001 7.7924 36.3982 33.3598 -13.2013 -10.3541 -1.7684 7.6959 -30.3850 0.0000 4.1314 17.1522 322.5152 494.8757 671.1388 599.7650 770.5758 614.2806 632.1673 341.1932 315.1571 184.9110 71.4520 118.0944 3.9240 43.8105 4.3223 39.4718 -19.8007 11.9971 -0.5096 -13.3561 -3.6141 2.9777 11.3431 -9.9181 41.8647 232.6012 727.9504 1480.7336 1448.3264 1703.3744 1535.9473 1230.5557 858.6189 665.4469 199.8376 403.3333 171.3332 35.1335 139.3729 78.6391 52.6390 43.1753 8.0322 37.0919 71.9288 4.7471 -23.8386 -23.0981 -53.5207 293.5223 222.3132 112.1460 82.5851 17.3964 -18.7543 27.1464 2.7909 18.6343 -2.0078 25.8301 451.8242 377.3995 211.6983 103.8155 80.5518 32.2557 22.4837 -4.5144 13.9611 -3.2765 34.9107 449.3479 223.2754 187.5346 102.4086 68.5518 57.8691 17.8412 25.5838 1.8013 -10.3537 32.9297 
-0.0119 0.5127 1.8103 2.4391 2.4789 5.2040 2.3771 4.4082 0.5147 4.7285 2.4172 7.8153 2.6463 3.4507 2.6327 2.9375 1.4325 3.2845 0.5248 1.0144 0.4008 1.6440 3.0363 0.7663 1.1037 4.2175 0.0092 0.3988 0.6223 0.6848 0.6993 1.1619 -0.0791 2.8399 2.0258 2.7166 0.2833 2.1697 2.2992 0.4006 0.7693 1.7319 1.1968 1.5778 0.6535 0.8285 1.2569 1.3874 0.6475 0.1406 0.2621 3.3095 0.0000 -0.3452 -0.1608 -1.0799 1.4769 1.9952 5.6751 1.3531 2.9535 3.4074 2.3941 1.9933 4.4088 5.0835 1.2149 2.7898 2.9883 1.1846 0.4140 1.6088 2.0111 1.8692 -0.8784 1.8591 1.1797 5.5054 0.0000 0.1852 1.1462 1.3708 0.1589 0.9834 2.3716 2.0401 2.3138 -0.2538 1.9461 2.3914 1.1643 2.6539 1.7266 0.8818 0.2009 1.9583 0.3178 0.8064 1.3742 0.7120 0.8278 0.0186 1.7474 2.9109 -0.7483 5.5335 183.8459 451.9115 579.6018 644.2393 620.4429 694.0137 510.2056 199.6787 193.2351 239.8756 115.7673 167.1133 -30.3917 123.4879 9.5742 13.9704 -1.4059 19.7432 -6.9757 3.9002 8.3332 6.7070 -2.5178 33.7146 10.8339 37.5489 647.7412 922.2143 1234.4980 1286.0367 1137.3976 1081.1162 556.2378 675.5388 274.9370 292.1948 191.8158 60.8800 17.4737 -0.4348 81.7547 92.2912 17.6197 11.6312 8.5003 29.5834 26.6435 12.9997 10.2235 -12.8373 0.0000 -0.9115 75.8604 306.3590 635.4215 511.3658 732.8990 668.4791 533.7716 451.9688 276.7641 194.6447 183.5871 143.7165 96.4387 97.0491 -10.0043 -6.6048 -11.1485 -8.6982 17.3315 6.1016 32.6838 3.8979 5.8842 -12.2238 15.4614 4.0056 194.6482 829.9098 1319.5310 1871.7591 1485.6802 1292.1557 1194.8259 597.5721 540.5901 627.8363 316.9877 141.0074 134.3114 83.9463 103.2614 -9.9672 -2.2933 -19.2597 18.0507 -15.4782 -7.8371 57.2990 33.5273 63.8887 260.9435 147.3759 159.5195 84.4668 67.9635 54.6672 -9.0340 21.6155 -9.2304 -0.9088 2.6794 421.7234 206.0629 195.4953 91.6878 73.5900 14.8311 -5.2119 9.5642 8.8119 27.9047 23.1071 554.5628 253.2123 226.2056 50.1075 72.9022 36.5592 17.4036 -16.6921 4.8747 19.6893 20.8228 
0.0113 1.1321 1.6786 2.8026 2.0496 5.5974 2.8398 2.6478 3.8522 1.9317 2.7589 2.6463 4.1223 2.1456 2.0435 1.6907 1.3158 0.9713 1.1466 1.0876 1.4038 0.9266 0.4133 0.6218 0.2545 3.2399 -0.0004 0.0690 0.6410 0.7484 0.9470 1.5163 1.6570 2.1444 1.3680 2.1509 2.2957 1.5752 1.4491 1.6163 1.1838 1.0962 0.9206 0.8979 1.0188 0.5947 0.8556 0.6143 0.8461 0.4515 0.1925 2.9000 0.0000 0.0440 0.5307 0.6652 1.9946 2.3858 4.0955 3.2986 3.0764 2.8257 3.2427 2.8924 2.9602 1.9311 2.9990 1.8220 1.1852 2.3454 1.1102 0.7221 1.3318 0.3004 0.8118 0.7333 0.6126 1.6238 0.0000 0.0127 0.7894 0.3627 0.9634 1.1682 0.7013 0.8102 1.3517 1.2234 0.6097 1.6794 1.2428 1.2591 1.4840 1.0643 1.0508 0.8893 0.5795 1.1361 0.5846 0.6387 0.7416 0.4064 0.3676 1.4700 -0.0805 5.1544 181.2183 400.3827 517.9410 495.1980 536.2503 461.7022 390.6178 332.5063 231.3993 161.4573 126.8008 49.6042 71.0521 40.0110 25.6630 23.0565 20.8740 6.0709 1.7467 1.0947 -0.1051 0.3163 0.9398 8.0656 2.9448 51.3663 493.1380 882.3482 1034.0386 1050.7162 942.3366 826.0792 710.9280 452.9426 418.4239 257.2219 202.0578 177.6813 122.0511 87.4208 53.0913 29.1004 27.2506 19.5362 27.0945 10.3443 7.9050 9.7435 1.6793 -2.5700 0.0000 1.0348 15.6890 236.7107 414.6833 553.1026 503.9326 669.0776 602.5557 457.8990 362.3865 285.6729 184.5499 97.4856 72.5958 83.8640 52.2100 11.1579 37.0818 10.2893 6.1818 5.8020 -1.8177 5.5557 3.3687 23.8876 0.0265 6.4653 178.3966 600.7046 1222.0397 1405.4674 1619.3398 1314.6056 997.3777 878.6284 700.8797 417.5589 401.6841 260.1696 155.1967 177.2301 100.3257 68.2134 58.2426 40.4760 26.9191 59.2788 9.4611 4.0500 7.0978 12.8237 230.6888 168.0327 101.0431 64.8466 21.7565 1.6193 14.6308 7.0520 14.5081 1.8807 17.2564 420.7294 293.3003 183.6262 105.1881 59.9552 34.0655 19.7490 7.3020 11.2762 1.3289 23.3963 392.8844 263.5026 187.3719 98.1192 60.0960 50.2203 31.3759 19.9096 3.9033 -0.3453 27.4433 
0.0041 1.0467 1.7562 2.5850 1.8342 4.7268 2.3906 2.6960 2.8630 2.5996 2.0144 3.4507 2.1456 3.9104 1.9709 1.7764 1.4742 1.2819 0.9495 0.9286 1.0900 0.9915 1.0550 0.7575 0.2633 2.8660 0.0013 0.2327 0.4627 0.7879 0.9124 1.3082 1.0647 2.3179 1.4755 1.9817 1.6674 1.3776 1.5302 1.1863 1.0555 1.1240 1.0105 0.8700 0.8978 0.6805 0.8042 0.7730 0.6700 0.2407 0.2016 2.7753 0.0000 0.0919 0.3108 0.3322 1.6057 1.9558 3.1681 2.1692 2.4362 2.2254 2.6747 2.3244 2.8177 1.8521 2.0263 1.7577 1.4977 1.8679 0.9807 0.7452 1.2536 0.6066 0.6571 0.8274 0.6098 2.6919 0.0000 -0.0192 0.4143 0.2193 0.7727 0.7263 0.7541 0.7775 1.4228 0.8530 0.4294 1.4771 1.0623 1.6306 1.0403 0.8889 0.9407 0.6603 0.4831 1.1418 0.8416 0.4996 0.7150 0.0596 0.8687 1.4684 -0.8301 6.8960 174.6432 379.9229 468.6450 481.0370 461.8400 457.5374 349.8714 287.3139 187.3354 142.8045 117.8371 72.0057 51.0094 51.5598 20.9801 22.1895 11.2222 11.1526 0.2075 0.4477 1.6041 4.6562 -0.8243 7.1228 2.7228 41.0689 483.8105 723.9210 987.6680 987.3290 890.2353 809.1435 575.6383 454.6479 336.0489 262.2962 183.9513 162.7393 79.5682 60.2470 68.4569 42.7811 20.4729 21.7106 19.7948 13.8089 13.9524 10.3270 4.5457 2.2749 0.0000 0.3645 21.4798 224.7495 343.2026 434.1790 415.9482 515.7108 471.6499 357.5739 238.1213 235.5882 135.2865 69.0040 63.8154 82.1495 28.1276 6.9324 14.8435 2.1290 12.3609 2.8824 9.0088 -0.0842 2.4949 15.1937 1.5195 1.0291 148.9559 440.3133 935.4401 1133.2793 1263.4819 959.6092 819.9701 636.3195 543.5702 399.5236 320.2917 197.0527 138.1053 135.8391 90.4707 50.4790 50.6666 35.1994 26.2789 28.7788 5.1180 12.6761 15.3889 24.5142 240.6033 190.4681 116.2523 77.4207 35.6983 13.2309 7.9948 7.9269 7.6101 2.1819 14.1348 421.6693 317.9725 213.5696 116.5383 61.7113 27.9217 17.6308 6.9918 11.6545 10.4554 31.0498 434.6411 247.7413 195.3257 81.2523 60.8118 35.5346 25.1257 13.5782 5.6591 6.1854 32.3946 
0.0145 0.9798 1.1824 1.5144 1.0089 4.0273 1.2747 2.0160 2.2639 1.6301 1.7712 2.6327 2.0435 1.9709 2.8471 1.3078 0.5346 1.1470 0.7245 0.7680 1.3470 0.9423 1.0338 0.5859 0.1309 2.6730 0.0004 0.0620 0.3379 0.7429 0.7591 1.2245 0.8458 1.7894 1.0461 1.6646 1.5867 1.4843 1.4168 0.8540 0.9677 0.6617 1.0774 0.8594 0.7920 0.5241 0.6094 0.7687 0.7056 0.2692 -0.0386 2.3854 0.0000 0.0294 0.2565 0.0658 1.1328 1.6361 1.8632 1.7637 1.8736 1.6168 2.0465 1.6050 2.2040 1.9738 1.5045 1.4154 1.2876 1.8147 1.0186 0.5610 1.0968 0.4794 0.4431 0.8387 0.4821 2.7302 0.0000 -0.0287 0.5364 0.0809 0.2938 0.4829 0.4153 0.5616 0.7205 0.7451 0.2398 0.8968 0.8017 1.2474 1.2762 0.5649 0.7441 0.6917 -0.0049 1.1344 0.7794 0.2702 0.6949 0.2537 1.0431 1.5891 -2.5539 3.7830 142.1631 291.7123 348.6966 366.2606 411.0991 364.1501 297.3103 224.9128 145.1077 119.0370 101.7457 62.2527 41.3757 49.8748 13.1623 24.2363 10.3361 13.0948 -1.2540 0.4185 -0.6660 5.7390 -0.2934 5.8963 -1.5158 28.6448 422.7447 583.6747 803.1455 776.3044 749.9449 683.5856 469.9054 349.9953 269.8904 227.0893 154.9207 132.8191 77.3172 45.7140 65.8541 35.8488 22.6849 7.9881 20.5573 8.6816 13.3265 13.1507 -2.6205 -0.3920 0.0000 -0.6292 10.6362 176.2797 259.1328 346.6797 265.4666 418.0090 408.6929 307.8754 195.6479 208.2202 108.0795 50.3625 38.4768 81.5631 30.0279 9.2050 14.2592 0.7513 8.0530 2.9842 4.5199 3.2066 5.6075 20.2975 0.4809 -3.7049 115.2003 336.1793 680.2253 856.4402 1066.8076 721.0595 653.6948 550.0783 486.4985 344.2822 258.7178 160.7720 140.3975 132.6026 81.1356 56.0803 38.2336 33.3717 24.9599 31.8329 1.3418 7.6405 10.8683 32.8420 169.2538 128.8403 81.7008 42.5068 20.9331 9.8589 9.2096 7.7637 6.0803 3.5296 10.3730 298.4721 214.2267 148.3528 71.1325 40.0091 16.6957 17.2658 2.0018 3.7087 5.3427 23.9224 267.1708 184.0505 153.3586 51.3487 32.8380 22.4958 21.7656 8.1601 -0.8547 1.4948 22.3328 
0.0045 0.4934 1.1940 1.8275 1.5178 3.1346 1.6107 2.3599 1.3277 2.2933 2.2134 2.9375 1.6907 1.7764 1.3078 2.7711 1.0857 1.4577 0.6348 0.7132 0.2142 0.7300 1.0524 0.4578 0.4880 2.4181 0.0032 0.2779 0.5728 0.4486 0.2942 0.7616 0.5307 1.5234 1.2545 1.5260 1.1528 1.2653 1.2334 1.0077 0.6456 1.1690 0.6597 0.9391 0.7369 0.5657 0.8474 0.5515 0.3786 0.0922 0.1255 2.0504 0.0000 -0.1270 0.1910 -0.4774 0.7221 1.4189 3.8409 1.5582 1.9364 2.4193 1.6047 1.7503 2.2428 2.7421 1.3000 1.7585 1.4630 1.3080 0.4268 1.0766 1.0405 0.7469 0.2289 0.9151 0.7906 2.7726 0.0000 0.1255 0.6936 0.5589 0.3443 0.9731 1.0652 0.9587 1.2463 0.4652 1.0903 1.3024 0.7907 1.2878 0.7560 0.8495 0.4898 1.0749 0.2974 0.7418 0.7258 0.5164 0.3949 -0.0423 0.7151 1.5560 0.5469 3.8063 103.1844 250.9077 340.6776 362.3146 379.2621 402.0762 308.0512 157.1300 147.1370 161.0533 79.1462 74.8245 28.8985 58.0053 14.3352 11.0725 6.7094 16.4629 -0.9592 -2.1005 6.3706 2.8933 -0.6628 12.7264 4.0552 27.7263 339.1296 528.5456 741.9971 782.7117 729.4647 641.2050 407.3289 426.2377 306.2713 201.8283 157.9409 104.3735 54.1631 55.2049 52.4418 36.0104 14.8017 22.4157 18.7703 15.4817 12.4481 6.8817 11.3315 -2.2615 0.0000 0.8309 33.7292 163.8500 317.1468 292.3086 390.8561 410.4796 334.7648 341.5983 223.6781 172.4608 169.1244 102.8370 86.0855 60.7985 21.8812 8.1977 11.8062 -3.6669 15.8283 2.0147 14.6737 1.8928 3.5989 3.3645 4.7310 10.6746 113.1876 396.4766 743.4999 951.1571 893.7664 892.0478 772.2200 499.6712 442.9907 388.6896 305.3249 161.7535 120.2881 118.4684 86.0639 42.5465 28.3878 7.0204 23.4465 24.0313 3.6555 27.7784 15.7347 34.9930 187.4146 134.8423 112.2740 61.2095 39.2322 22.4295 5.1986 10.8148 0.0929 0.4625 11.4481 342.9940 228.7004 170.7958 89.3230 65.7646 21.3183 7.7717 4.4793 9.7658 8.0761 26.1441 292.7426 156.1593 121.5247 41.7089 41.5199 27.6060 8.8363 -3.8375 3.6384 3.7920 13.3607 
0.0029 0.8716 1.8499 2.9250 2.3910 3.6231 3.2274 1.8172 3.7632 2.0619 2.1268 1.4325 1.3158 1.4742 0.5346 1.0857 3.1473 0.0993 0.8727 0.7083 0.2399 0.2560 -0.3615 0.4683 -0.0074 0.7089 -0.0005 0.2431 0.4718 0.6060 0.7054 1.0302 1.7245 1.3991 1.3691 1.3994 1.8952 0.3797 0.8361 1.5581 0.8642 1.2366 0.1890 0.5079 0.9018 0.4420 0.6944 0.0362 0.2733 0.0604 0.2985 1.2334 0.0000 0.2717 0.5658 0.9350 1.6846 1.6247 3.3387 2.5913 1.7685 1.9284 2.3528 2.3462 1.0808 -0.0866 1.9458 1.0215 0.1161 1.1362 0.0707 0.2735 0.3250 -0.1996 0.9166 -0.0945 0.1197 -1.4706 0.0000 -0.0087 0.1286 -0.0845 1.0888 1.0403 0.2544 0.1749 0.6300 0.9127 -0.0788 0.4731 0.4674 0.5197 -0.5144 0.5221 0.6744 -0.3461 0.4529 0.5048 0.1683 0.1762 0.0221 -0.4215 -0.5194 -1.3547 3.1866 7.8148 138.3315 312.1741 398.5274 397.0757 318.1697 311.6309 236.6075 262.0620 147.7910 84.5557 74.8088 -7.0789 71.7108 -9.0587 22.0399 12.9210 12.4178 -4.6906 5.0497 -1.8582 3.0325 -0.1156 -1.0773 -5.3177 5.7749 52.2297 335.6787 616.6736 822.4753 806.9990 687.9134 542.5769 475.9537 311.7602 337.1280 144.3424 77.6218 153.5751 48.2699 83.0201 14.5061 -3.4163 -2.3176 31.3589 12.7116 1.0513 0.2649 -6.1932 13.2744 -6.6125 0.0000 2.8769 10.3214 172.3310 227.9838 339.3280 335.4280 382.7330 293.4620 240.6678 147.8789 148.8319 78.5326 1.2897 42.8859 -5.9589 10.5838 -4.6866 10.4906 -3.7849 6.8505 -2.8951 -1.4902 -6.9945 -4.8356 4.8711 -5.6805 18.7856 125.9777 302.2524 804.0351 791.4709 864.4270 750.9894 521.6860 379.7166 251.0518 54.1804 187.6213 84.4164 -13.1267 33.9152 7.6868 3.2019 24.1432 10.6893 7.1116 28.8135 4.3413 -21.3235 -4.1982 -51.5704 161.2597 133.5454 56.4748 67.8577 18.0429 -12.2886 10.6823 -4.4052 13.2031 -1.7757 16.0095 248.4931 235.2967 124.7633 88.4815 46.3670 24.9149 7.7837 2.0891 14.4541 2.8809 24.8531 309.8873 124.7801 105.4019 64.8502 56.6193 33.8063 11.3716 20.1055 6.9736 0.1744 22.3841 
-0.0157 -0.5917 -0.0512 -0.4339 0.6415 0.6766 0.0081 2.2232 -2.1808 2.7273 0.6708 3.2845 0.9713 1.2819 1.1470 1.4577 0.0993 3.6924 -0.0299 0.3584 -0.1907 0.9415 2.5005 0.3389 1.0849 2.6022 0.0074 0.2910 0.1360 -0.1530 0.0138 -0.1204 -1.0390 0.9109 0.6630 0.8178 -1.2767 1.2984 1.3825 -0.4761 0.0058 0.9030 0.5468 1.0771 -0.0016 0.4457 0.7016 0.8659 0.2610 0.0878 0.3540 2.3691 0.0000 -0.4414 -0.4826 -1.0342 0.1157 0.6801 3.0035 0.2410 2.0689 2.6726 1.3061 1.0036 3.3322 4.7415 0.7388 2.2318 2.9737 0.4790 0.8465 1.8763 1.4956 2.3057 -0.6677 1.6537 1.1238 7.2902 0.0000 0.1680 0.7805 1.2623 -0.5072 0.4474 2.1701 2.1905 2.1782 -0.0145 2.5397 2.3169 1.1704 1.9125 1.9542 0.9084 0.3861 2.4391 0.7057 0.4110 1.2759 0.9999 0.6105 0.5228 1.5805 5.5713 -0.8916 -2.0970 22.8622 104.3455 131.8507 208.2229 211.2618 295.2618 210.0942 -35.4336 61.7082 145.8483 36.8098 135.8232 -67.7556 87.1547 -5.9031 2.0546 -9.6506 17.7502 -4.0384 5.5474 5.7875 4.4133 -1.1913 26.1734 7.3101 -7.3180 211.0256 220.8506 290.9090 380.4463 351.0187 409.7656 136.9493 354.4914 25.0359 131.5710 98.8278 -44.7355 -16.4270 -39.0832 54.0331 71.8887 20.5947 6.0585 -8.5525 29.2113 22.1993 11.3096 8.7759 20.8324 0.0000 -2.0410 53.0835 101.9339 408.9968 234.1374 555.2219 386.5618 327.6377 311.4028 250.8066 151.8221 180.9559 181.6188 106.0802 99.7075 1.5867 16.0102 -5.3999 10.0501 12.1077 6.2665 31.4468 6.9940 4.9114 -16.0525 15.5291 -1.1960 69.0486 572.0797 718.6790 1275.5847 850.7453 973.5659 998.0685 566.5556 501.9239 692.5594 312.4967 218.3186 203.4751 93.3929 111.4849 25.3541 6.6845 0.6231 24.3206 -31.7601 12.5245 68.1661 33.0809 116.4340 146.5239 76.7032 121.8285 44.5957 57.4751 64.6508 -9.2177 17.6291 -15.0092 0.3747 -5.9674 285.7780 133.3599 147.3074 77.4996 56.8684 12.7766 -0.7145 14.0663 4.1509 26.7017 18.0211 253.1003 114.9837 90.8961 7.1959 32.0292 8.5235 2.2091 -24.0293 4.2507 16.7388 7.1719 
0.0239 0.9086 1.0997 1.5548 1.3505 2.6753 1.6538 0.9358 2.7658 0.5439 1.7678 0.5248 1.1466 0.9495 0.7245 0.6348 0.8727 -0.0299 1.5304 0.4073 0.6085 0.2230 -0.5210 0.2453 -0.1104 0.8410 -0.0023 0.0845 0.2522 0.5625 0.5533 0.8215 1.2887 0.8169 0.8103 0.7151 1.6871 0.6727 0.6664 1.2770 0.7521 0.4328 0.3765 0.4001 0.7098 0.2020 0.4595 0.1432 0.3930 0.1482 -0.0597 0.8356 0.0000 0.1918 0.4363 1.0115 1.0474 1.5972 2.0206 2.5453 1.5224 1.9344 2.1696 2.0342 0.6537 0.6097 1.7289 1.0665 0.3177 1.5439 0.8223 0.4490 0.5038 -0.0618 1.0282 0.3631 0.1423 0.4845 0.0000 -0.0141 0.2092 -0.3324 0.6531 0.7664 0.0122 0.3137 0.4781 1.3584 0.2587 0.2987 0.7497 0.5939 0.2365 0.5691 0.7725 0.1498 0.4903 0.7591 0.2681 0.1624 0.1942 0.2778 -0.0965 0.1367 0.7125 3.4158 112.8816 215.5697 264.4416 230.8277 226.5359 174.6866 137.7100 183.0116 118.0809 65.9612 57.3488 -9.1951 70.1857 -5.8427 16.9035 7.0385 8.2492 -0.2566 2.8871 0.9136 -0.1479 -0.5169 0.1531 -9.4309 1.3760 27.4567 224.5646 387.2410 514.4857 490.7814 445.6293 333.8212 331.8110 198.9713 249.6312 114.6833 89.7627 121.0687 64.2576 67.6817 20.8190 -1.8509 9.7866 19.3243 15.0248 -4.4598 -3.5818 1.4453 2.3369 2.1705 0.0000 1.4722 -6.5696 109.6082 130.1031 269.5955 211.0561 303.2988 285.5783 254.6348 180.3876 176.4558 95.5131 43.5519 56.7053 26.7703 34.6870 10.8567 26.1905 3.3655 4.6254 1.9356 -7.3172 -1.0730 1.0507 13.8132 -5.3203 10.3227 81.0416 224.9669 546.6530 514.0672 742.2669 649.9233 503.2643 475.3891 375.9679 148.1376 230.8776 148.6421 67.1567 104.2382 55.4211 48.5657 44.5001 33.4624 23.9341 38.2926 12.9626 -12.9749 -7.1966 -8.1076 144.4162 124.4350 52.9166 44.4129 6.4083 -9.7018 14.7877 -0.2009 10.9326 0.5541 13.4806 246.8128 225.8979 125.9202 68.1037 36.6343 21.9601 20.4111 2.3740 8.9749 -1.1192 22.0099 193.4151 120.4173 84.9612 57.3170 32.2337 24.0499 11.7676 18.9239 2.7148 -4.8741 20.4371 
0.0003 0.4944 0.8976 1.4516 0.8214 2.0758 1.3239 1.1449 1.7125 0.9422 1.0934 1.0144 1.0876 0.9286 0.7680 0.7132 0.7083 0.3584 0.4073 1.5299 0.5830 0.2813 0.1764 0.3244 0.1179 1.3858 0.0000 0.0448 0.4219 0.2797 0.3772 0.6468 0.7255 0.9750 0.6037 1.0692 1.2119 0.5574 0.7788 0.7468 0.5358 0.5774 0.4013 0.4175 0.5079 0.3355 0.2951 0.1618 0.3537 0.2176 0.2608 1.4950 0.0000 0.0663 0.3370 0.2766 0.8016 0.8408 1.4193 1.2343 1.3467 0.9868 1.3086 1.0707 1.3106 0.5088 1.2813 0.6817 0.6326 1.0107 0.4994 0.2722 0.5929 0.1523 0.5184 0.1705 0.2854 0.9806 0.0000 -0.0115 0.2289 0.1565 0.4887 0.5023 0.3541 0.2862 0.6347 0.5151 0.2124 0.7872 0.4658 0.4315 0.5131 0.6738 0.6417 0.2444 0.3287 0.5598 0.2798 0.2940 0.3099 -0.0428 0.1329 0.9549 0.0408 1.9709 77.4289 173.6013 223.1584 202.3741 222.2156 196.7622 154.4085 141.0955 88.9506 49.9234 60.6569 24.8552 34.1858 16.8375 12.1110 14.5116 8.9759 4.4797 1.3006 -1.0833 0.6730 0.8525 0.6886 3.1839 -0.5910 27.0666 221.6187 375.7547 452.5198 443.6243 402.8572 348.5176 291.5010 185.4954 192.2513 130.2202 96.9942 82.0341 60.2137 48.1701 22.9871 13.1880 14.0080 6.4412 15.4083 2.9937 5.8573 1.6941 4.6222 3.3450 0.0000 0.6062 9.3926 104.4721 151.0500 235.0124 210.1022 274.0105 241.1120 186.5149 140.9068 115.7719 85.9096 26.9387 25.8544 30.7794 24.5009 10.7009 15.5232 6.6044 4.5960 1.2976 -0.3294 2.0455 1.4714 9.9620 -1.6295 4.5309 78.6024 256.2489 504.4346 579.0571 643.9321 535.9897 420.5173 381.7621 315.4887 181.8435 188.0702 130.2945 82.3170 72.7492 42.8267 39.9624 32.7396 18.6688 16.5752 30.6028 5.9953 1.5437 5.3602 8.4507 99.3431 89.0528 53.1415 34.8512 14.4999 -0.1348 5.2031 4.0371 5.6585 2.6477 14.3308 209.7126 158.7993 102.3297 56.2062 29.0297 19.8536 12.0272 4.0999 5.1573 -0.7951 14.0317 176.4446 125.7862 84.1962 49.5542 28.5074 17.8068 14.8520 7.3439 2.5998 2.9008 14.9177 
0.0194 0.8756 0.5667 1.0411 0.1329 2.8848 0.8223 0.4165 2.6623 -0.2784 0.6762 0.4008 1.4038 1.0900 1.3470 0.2142 0.2399 -0.1907 0.6085 0.5830 2.8951 0.3750 -0.2207 0.3248 -0.3394 1.3224 -0.0040 -0.1728 0.0782 0.5248 0.6839 1.0030 1.0981 1.0504 0.2469 0.9442 1.8191 0.6594 0.7833 0.8927 0.7895 0.0310 0.6878 0.2355 0.5533 0.1748 0.1455 0.3054 0.5987 0.3269 -0.0521 1.4555 0.0000 0.1838 0.3998 0.6711 0.9433 1.0617 -0.2083 1.6914 0.9005 0.2364 1.5429 1.0267 0.8636 -0.2487 1.3396 0.3635 0.0837 1.5612 1.0389 -0.1920 0.4872 -0.3148 0.9042 0.0451 -0.0408 0.1968 0.0000 -0.1325 0.0329 -0.4337 0.4870 0.1094 -0.4681 -0.3300 -0.0215 0.8458 -0.6779 0.4790 0.4555 0.2863 0.9716 0.3488 0.7618 0.0425 0.0653 0.9123 0.2447 0.0464 0.5519 0.4859 0.2572 0.4205 -2.5443 1.5650 82.1927 140.3632 148.9725 141.6937 196.8471 102.6146 121.9069 193.5146 84.4050 20.1260 72.6411 -4.5281 55.7289 -2.3359 12.2379 26.0130 17.2552 0.8298 3.0307 1.8904 -5.9482 2.8435 1.2520 -5.0172 -5.2617 20.8355 205.5835 320.2552 384.0492 347.8766 360.9327 321.5234 351.4665 112.5199 197.2495 137.3457 106.5625 132.0635 97.9554 54.6182 37.3828 3.1349 24.7723 2.9103 17.7871 -3.5089 5.6536 8.0387 -11.1996 4.8555 0.0000 -0.3767 -22.4901 73.3170 35.0425 199.8981 -12.4299 213.4346 264.4158 141.7876 117.5818 155.7059 36.2645 -4.2005 -11.2965 53.7332 45.3994 14.5124 22.4794 11.2741 -1.1644 1.4267 -11.4330 2.2329 2.8783 30.7344 -7.1457 -8.7487 62.6606 84.7097 317.4139 314.1075 713.2582 319.1615 259.8710 431.8466 365.4805 131.2720 178.2470 141.5987 102.5674 123.0881 38.7528 72.3827 43.9260 50.6593 17.9796 49.4246 9.2069 -20.5943 -3.7258 5.8472 95.3095 83.5260 20.1864 18.0684 -5.8483 -14.9846 15.5469 -1.8529 14.2740 4.8301 12.4551 199.6524 173.6071 90.8012 56.9309 19.1611 21.3533 25.0385 1.1452 1.9661 -6.5574 16.6883 105.1525 135.5238 106.4842 60.9481 23.2049 21.7802 29.8687 21.9476 -4.0184 -5.5711 23.5654 
