0.0519 0.0942 0.1022 0.0800 0.0281 0.0429 0.0129 -0.0118 0.0674 -0.0289 0.0527 -0.0114 0.0110 0.0042 0.0145 0.0045 0.0030 -0.0157 0.0239 0.0003 0.0194 -0.0065 -0.0331 -0.0052 -0.0171 -0.0174 -0.0001 -0.0024 -0.0010 0.0315 0.0067 0.0257 0.0334 -0.0012 0.0105 -0.0101 0.0619 0.0144 0.0113 0.0398 0.0146 -0.0160 0.0057 0.0090 0.0223 -0.0096 0.0095 0.0011 0.0084 -0.0045 -0.0197 -0.0309 0.0000 0.0172 0.0502 0.0515 0.0140 0.0456 -0.0060 0.0670 -0.0215 0.0277 0.0163 0.0284 -0.0561 0.0026 -0.0096 0.0131 -0.0195 0.0332 0.0124 0.0022 0.0023 -0.0221 0.0284 0.0118 -0.0109 -0.0290 0.0000 0.0011 0.0007 -0.0309 0.0046 0.0174 -0.0300 -0.0161 -0.0230 0.0358 -0.0100 -0.0426 0.0000 -0.0057 -0.0214 -0.0068 0.0039 -0.0078 -0.0120 0.0215 -0.0010 -0.0239 -0.0079 0.0140 -0.0111 -0.0538 -0.0307 0.0423 4.0506 4.6252 3.6970 2.5892 4.5153 2.1398 1.5204 3.0861 2.3125 1.5071 1.2629 -0.9873 2.9285 -0.4575 0.4633 0.2026 0.1225 0.1166 0.0140 0.1159 0.0083 0.0527 0.0025 -0.6447 -0.1143 0.6717 6.2488 5.7151 9.8989 6.6801 8.1393 2.5836 2.9434 2.7649 6.7477 1.4992 2.3725 3.4496 2.2728 2.3551 0.7413 -0.7536 0.3040 0.4343 0.6316 -0.6858 -0.2349 0.0619 -0.0504 -0.3160 0.0000 0.0590 -0.5060 1.7485 -2.9290 0.2895 -5.6826 -0.7490 0.0836 3.6503 0.5700 3.1133 1.6224 0.1163 0.9215 0.0917 1.1682 0.5223 0.7058 -0.1429 0.1774 0.0660 -0.3632 -0.0543 0.2099 0.6970 -0.3247 0.4265 1.6401 -1.3446 -2.0678 -11.9792 -2.9605 -2.4932 -1.2683 1.4251 3.6550 -3.2088 3.6978 1.3086 0.6495 3.2029 0.9939 1.8291 0.8112 0.8232 0.9985 1.4433 0.4756 -0.9133 -0.8063 -0.5697 1.5476 1.7519 -0.1450 0.2797 -0.4905 -0.7953 0.5787 -0.1536 0.1952 0.0183 0.4099 1.4754 3.1029 1.0828 -0.0865 0.2996 0.0378 0.7313 -0.2879 0.0401 -0.3383 0.6506 -1.3538 0.6037 0.8755 0.4660 0.0461 0.1733 0.0281 0.3392 -0.2690 -0.5488 0.2963 
0.0942 17.4842 15.5946 13.6466 5.7555 9.3346 5.8783 1.7532 10.9935 0.2212 4.6093 0.8784 2.3615 2.1881 1.9562 0.9133 2.1268 -1.6497 1.9166 1.1038 1.9173 0.4432 -2.8297 0.2205 -1.6717 -0.8513 -0.0074 -0.5211 0.3622 3.0116 1.9870 3.9297 4.8411 2.7428 2.8522 3.0097 6.3042 0.7250 1.2790 3.5702 2.3606 0.8285 1.0892 0.4633 1.8009 0.0386 0.6752 0.3542 0.7297 0.0470 -1.4796 -1.5280 0.0000 3.2243 4.5521 6.8749 6.7058 4.1514 0.4987 4.9151 -0.9787 0.0622 1.4342 2.2088 -3.6748 -4.6848 0.0756 -1.1072 -4.0805 1.8233 -1.5958 -2.9111 -0.8856 -4.0643 1.2122 -0.8037 -1.4964 -14.4741 0.0000 -0.2575 -2.2388 -2.2536 1.4096 1.4434 -2.8915 -3.2444 -3.4548 0.8058 -4.3174 -3.6251 -1.2321 -0.8112 -2.3900 -1.3696 -0.3729 -4.2348 -2.0220 1.1964 -1.3719 -2.2092 -0.5881 -1.1755 -1.6851 -13.9722 2.4750 20.3722 623.2381 913.3100 1068.2265 934.9955 854.7178 599.1937 489.6779 661.8254 263.9452 59.3093 106.3888 -164.9799 220.1391 -71.4347 49.4952 34.0925 31.0857 -32.7242 4.2395 -5.2496 -4.3996 -0.3845 -2.6149 -31.4723 4.5705 138.9225 912.7809 1520.0215 2028.2981 1733.2833 1522.9358 1041.4217 865.5723 359.3534 675.8919 255.1991 127.0220 355.1728 127.5671 184.3840 1.8075 -45.9187 -23.9954 26.5039 52.0897 -47.3403 -32.1699 -8.0165 -18.6451 -107.5265 0.0000 9.0644 4.8082 459.5899 132.5544 481.5199 -247.2626 278.8688 133.6167 84.4024 -203.6917 -9.3489 -263.8695 -274.4499 -95.3095 -155.5911 -14.3032 -53.5905 0.8464 -51.3044 -10.4857 -5.3013 -48.0401 -18.4620 1.1055 30.3566 -27.9269 30.7902 264.8661 -107.4585 302.5241 -635.0773 206.7540 -566.7793 -678.7375 -576.0085 -419.2206 -1023.9866 -224.6498 -392.9134 -362.1635 -47.9848 -113.7742 -76.2703 -1.8723 -21.3332 -2.9074 96.2830 -35.9199 -136.1881 -64.3257 -279.8009 292.1635 253.3816 23.1027 89.0653 -38.7144 -99.2598 42.0248 -14.8540 42.6051 -4.4826 37.3967 274.1389 341.0279 119.2697 36.8209 38.3991 19.5880 22.8684 -23.0911 16.4208 -21.7377 27.1343 442.6962 201.4473 231.6394 102.3597 56.5860 67.6898 34.7506 66.3303 -5.8583 -23.4749 37.5103 
0.1022 15.5946 38.5649 20.0357 12.1678 10.2804 8.8756 6.0133 9.4498 4.4969 5.7713 4.5100 2.8279 3.4784 2.5308 2.5166 2.9519 0.9238 1.7364 1.6957 0.7124 0.9090 -0.1715 0.5838 -0.4625 0.6784 0.0035 0.5539 2.0971 3.4066 2.5284 3.8567 4.0959 3.3333 4.1694 3.5691 5.0564 1.2018 2.5305 2.8614 2.1610 2.1865 1.2981 1.3550 1.7363 0.5838 1.3176 0.7120 0.4659 -0.1673 -0.6653 0.2916 0.0000 3.1460 8.5759 10.6973 10.2081 8.4308 5.6313 4.9276 1.5480 1.9405 1.1688 2.0751 -1.6317 -1.6936 -0.9774 0.1931 -1.6175 0.4945 -1.8012 -1.3511 -0.1997 -1.9769 0.5878 -0.1188 -0.5087 -8.6350 0.0000 0.3390 -0.0120 0.3633 1.7916 2.3249 -0.2248 -1.0614 -1.9688 0.1076 -2.0185 -2.1303 -1.1724 0.0957 -2.0838 -0.6305 -0.3239 -2.5767 -1.6384 0.8664 -0.4799 -1.6573 -0.4316 -1.5250 -0.3617 -9.8063 5.0969 29.3549 1051.9269 1561.3449 1683.2835 1578.9215 1379.0496 1152.8228 858.4839 704.3442 360.0664 215.1057 154.5855 -6.8242 161.8807 6.6390 44.4113 41.5109 21.6378 -10.0021 4.6742 -5.9706 5.7454 6.6310 -4.8807 -6.1274 14.4171 187.9335 1616.6193 2226.9367 2776.4734 2386.4971 1958.4509 1391.8557 899.4349 696.1424 675.3699 354.5818 180.1665 301.5460 77.7749 150.4003 55.5261 13.6531 -21.4506 47.8222 41.5427 -13.4852 -4.5471 -6.3224 6.0716 -76.2550 0.0000 12.1069 150.8676 845.7544 920.2491 988.6013 573.8019 691.9765 286.9695 262.8662 -189.0054 -30.9569 -214.9966 -194.5062 -47.2107 -149.6003 -60.5734 -42.8505 -41.6264 -48.3685 9.1299 -6.2769 -8.3343 -21.2421 -1.0458 -6.0734 -12.8257 49.1064 534.6917 936.7253 1232.5252 513.2478 393.3113 -225.9615 -313.3390 -743.2360 -571.3193 -735.8790 -211.8595 -408.5008 -299.9229 -114.5180 -82.0904 -89.2114 -31.7130 -55.1083 8.5588 23.3933 -35.8197 -76.6002 -32.2642 -192.7718 320.6904 225.3555 80.8223 107.0012 16.4945 -37.3847 23.9339 -0.5918 15.3583 -5.0903 25.2766 243.0889 267.0179 129.2023 60.2605 68.4095 14.7120 -0.7464 -17.8967 15.4716 4.9426 41.0540 769.4017 258.1995 294.5077 99.6495 92.6921 68.0354 24.8658 34.9624 0.3670 0.2417 40.5327 
0.0800 13.6466 20.0357 23.0213 9.3260 11.1351 9.3741 4.5005 12.7139 3.2623 6.2914 3.3450 4.0993 3.6445 2.3843 2.5176 3.9369 -0.6400 2.2923 2.1141 1.6885 0.6037 -2.1336 0.7100 -1.0336 1.1192 -0.0037 0.0281 1.9705 2.9073 2.2520 4.7323 5.5689 4.0393 3.8385 4.6598 7.1958 1.0431 2.0637 4.5062 2.6034 2.3175 1.1349 1.0198 2.4614 0.6317 1.3741 0.2963 0.7790 0.1067 -0.5421 0.7150 0.0000 2.9375 5.7292 6.7300 7.9809 5.4447 3.4021 5.6036 0.8772 0.9927 2.0724 3.4564 -1.0863 -4.2110 1.6560 -0.4139 -3.2989 1.7107 -2.0388 -2.2312 -0.2395 -3.7732 1.5000 -1.1806 -0.8409 -14.2416 0.0000 0.1163 -1.9186 -0.6030 2.2318 2.4771 -1.6194 -2.5370 -1.7381 0.7343 -3.5429 -1.7640 -0.8358 -0.6646 -2.1100 -0.5426 0.2094 -3.4667 -1.5448 1.2156 -1.2623 -1.5144 -0.3644 -1.7644 -2.0321 -12.5694 5.4788 22.4465 752.2235 1244.8889 1475.3913 1397.1255 1268.0844 1050.6597 851.5200 855.1197 438.7978 203.3683 199.6351 -97.1962 244.3778 -35.3148 68.0361 60.6466 46.2397 -23.0503 8.8078 -12.5188 3.4443 -0.5797 -2.1086 -12.5929 9.7448 196.7213 1296.2639 2231.2448 2750.8279 2521.1393 2150.1330 1566.9639 1319.9791 741.1875 980.7715 423.2576 276.9808 433.5740 195.8099 253.6445 24.0910 -32.9602 -14.6756 55.5861 66.0053 -22.4248 -17.7109 -10.7750 7.1633 -97.1970 0.0000 11.4901 58.1725 608.9679 529.1524 814.0664 271.1357 698.2107 393.7468 297.2907 -9.8196 84.7443 -123.0567 -214.3959 -55.2059 -143.9527 -6.9483 -44.9560 0.6475 -40.6999 -2.2120 -11.0168 -29.9694 -17.5227 -2.6249 31.6660 -22.2098 49.1978 429.9141 456.4476 1185.0184 351.1756 850.9225 248.2960 -155.3073 -240.6128 -214.9084 -765.6491 -7.6610 -260.9180 -287.9736 -9.2343 -90.5716 -55.8556 9.8473 -27.0591 -7.9390 110.4734 -28.8822 -109.4486 -43.7275 -276.8924 352.2370 299.1904 71.4845 127.0988 -7.8194 -86.3708 36.9852 -13.9185 42.6639 -5.3145 47.1643 392.1847 408.4581 171.1944 98.1755 78.4983 36.0208 12.1842 -18.2102 26.1546 -21.4745 37.0372 762.1017 396.2635 346.2512 173.2586 119.3504 104.4455 49.7855 63.3378 1.6479 -17.1587 40.0850 
0.0281 5.7555 12.1678 9.3260 10.6504 7.7973 6.5132 4.3974 5.8942 4.2346 4.5316 3.3942 2.4705 2.2750 1.1765 1.9920 2.8771 1.2282 1.4817 1.0475 -0.0702 0.7018 -0.0272 0.4411 0.3771 1.1065 0.0033 0.5791 1.3854 1.5178 1.7178 2.0742 2.6907 1.9770 2.8416 2.3567 2.1943 1.1414 1.9445 1.9880 1.3437 1.9559 0.4160 1.0667 1.0954 0.5375 1.3167 0.3164 0.4183 0.0566 0.1290 1.0313 0.0000 1.1553 3.3450 5.9039 5.7908 5.3983 8.5372 5.7312 3.8757 5.1108 4.3495 4.2799 1.5879 1.7418 2.7055 2.2294 0.6219 1.4405 0.0573 0.9028 0.7081 0.3321 0.6577 0.5678 0.1873 -1.8474 0.0000 0.2244 0.7917 0.8021 1.5124 2.2516 1.4637 1.3904 1.1593 1.4656 1.1165 0.7450 0.8614 1.2596 -0.3460 0.4036 0.6690 -0.0791 0.7638 0.4632 0.3029 0.1364 -0.0345 -0.2809 -0.5023 -2.4265 6.1627 14.1945 483.5111 874.3804 1020.8509 977.8215 797.9815 718.6528 527.6677 431.7229 285.7828 208.0399 103.6800 19.7025 75.7654 -1.8836 23.9764 7.4910 10.0141 -10.6405 6.4614 2.5779 4.9712 -1.7125 -3.0647 -2.6063 18.5472 105.0795 908.2626 1438.9345 1724.2869 1601.0421 1283.5403 959.9778 748.5595 575.7484 454.5291 198.4913 84.6328 162.7832 14.3898 77.3036 14.8080 11.6080 -10.8335 44.7593 3.6243 3.2593 -6.3872 -10.2035 13.1749 -21.2060 0.0000 5.9920 74.3199 490.1568 827.7887 908.1586 990.5676 881.1783 618.3381 519.1537 277.9174 219.1623 78.0749 45.2200 92.8732 -40.8882 -17.9510 -19.2762 2.5544 -14.8755 6.1703 -3.5621 -0.2425 -11.7037 -7.5463 -19.8556 -2.4768 41.4129 342.1710 1121.1243 1878.9596 1931.5226 1670.0849 1445.6238 1065.7139 518.1326 272.4594 80.3795 193.6246 17.0895 -94.7711 -22.9126 -1.7294 -52.8288 -5.5457 -20.4959 7.2936 0.0299 -0.9447 -23.5483 -13.6131 -82.8243 281.8599 189.6543 97.0271 88.7293 29.1556 -1.1712 11.9125 -2.0174 12.0782 -7.8373 7.6006 304.7004 279.4782 139.0226 95.2664 63.6907 23.6524 -4.3589 1.4347 17.6531 15.0873 23.0619 711.3261 274.4391 227.0789 116.9809 103.7565 63.7974 17.8199 25.8985 12.1431 5.3458 36.0767 
0.0429 9.3346 10.2804 11.1351 7.7973 31.2456 7.9756 6.2026 12.2379 4.5637 6.8576 5.6820 5.9488 5.0082 4.2829 3.3524 3.7183 0.9445 2.7679 2.2036 2.9939 2.0648 -0.2178 1.2502 -0.2028 4.7658 -0.0019 -0.3322 1.2837 3.0217 3.2457 3.8165 4.9693 5.0320 3.9076 5.2292 5.7806 2.7541 3.2635 3.5292 2.8890 1.8851 1.8086 1.5834 2.1233 1.0829 1.2981 0.9887 1.5674 0.6655 -0.4617 3.8966 0.0000 1.7932 3.2158 5.8184 8.8208 8.5823 17.6167 10.8728 6.8985 8.2847 8.1733 7.5251 3.7061 3.2842 6.1906 3.6475 0.8268 5.9598 1.5868 0.0825 1.9412 -0.4462 1.7954 0.9963 0.2078 -2.4889 0.0000 -0.1013 0.9991 -0.1680 2.7788 3.0201 0.9435 0.7016 1.2648 2.6136 -0.3155 1.8991 1.9592 2.5044 1.1053 0.7065 2.0298 -0.6274 1.0502 2.0855 0.9790 0.4327 0.8820 0.1504 -0.3734 -5.2047 2.9599 27.2006 554.9080 1138.8889 1480.7511 1246.4403 1180.9073 1002.7628 798.6078 879.8713 500.4352 313.6246 269.3215 48.8457 164.7304 22.9684 40.0547 2.0280 43.9681 1.5899 4.5934 10.4568 -4.5765 -0.1486 -1.9547 -3.4510 12.7953 135.2720 1368.5250 2250.6947 2855.8049 2660.9121 2317.5264 1920.9023 1516.7141 943.5989 900.9126 453.9650 296.2689 461.4382 157.3451 156.4041 85.4346 36.9014 28.6949 50.9694 44.5333 -11.0822 0.5377 1.3059 -21.0473 -66.2591 0.0000 4.9301 32.1701 820.0830 1063.0210 1543.2125 1180.5287 1528.2325 1378.9174 1039.5902 695.1632 597.3688 261.1160 87.8954 111.8370 102.8024 75.8409 -27.1913 74.3967 -19.0715 24.6381 5.4116 -28.0423 -14.1262 -1.9457 18.8209 -12.6661 21.8898 502.2125 1494.9229 3326.7716 3731.1777 4284.8976 2924.5222 2097.8694 1688.8699 1235.7129 394.0242 598.5638 229.8623 -10.1359 213.9690 70.0990 44.4740 74.7953 40.0765 40.5865 116.3424 -13.7554 -71.6607 -17.5390 -115.8238 456.6454 310.5883 140.7274 124.8569 17.1785 -39.2858 34.0388 0.6258 40.5881 -2.4401 29.1040 644.3943 533.6059 260.9062 142.6874 87.5495 58.9591 28.4068 -2.4118 21.7827 -5.3858 32.9688 921.7161 468.5268 399.8685 203.7641 138.9016 112.7349 64.6296 60.6809 5.7299 -4.9575 74.2810 
0.0129 5.8783 8.8756 9.3741 6.5132 7.9756 9.2453 3.5510 8.6013 3.5619 4.2582 2.4659 2.9306 2.5188 1.3784 1.6330 3.3089 0.0295 1.7144 1.3948 0.9203 0.6024 -1.0550 0.7346 -0.2629 1.0477 -0.0015 0.0646 0.7898 1.6787 1.7851 2.5877 3.8656 2.9055 2.7631 3.1612 3.9358 0.9228 1.8399 2.7161 1.8618 2.0643 0.5399 0.8244 1.5796 0.6893 1.1908 0.1442 0.5870 0.1903 0.2043 1.5172 0.0000 1.9049 2.6809 4.7556 5.9560 3.7020 4.8962 5.0533 2.6107 2.8317 4.3861 4.0264 1.1058 -1.3777 3.5646 1.1277 -0.6586 1.8548 -0.2486 -0.3011 0.3550 -1.0722 1.3572 -0.4447 -0.1039 -5.8689 0.0000 -0.1308 -0.9437 -0.0765 1.8822 1.9746 -0.0512 -0.0108 0.1599 1.5615 -0.9260 0.0609 0.5581 0.5570 -0.9310 0.3703 1.0808 -1.5036 0.4258 0.7312 -0.1841 -0.0836 0.0857 -0.7050 -1.1055 -4.9440 5.7972 16.0562 403.8810 803.4804 972.0042 945.8041 762.8076 662.3747 530.8889 585.4215 312.0185 149.5558 137.5267 -42.7803 140.3533 -33.4217 41.0720 26.3002 24.9443 -21.7510 9.2076 -3.1291 1.5111 -2.1506 -2.0802 -11.4679 12.9951 119.7244 835.1110 1501.3350 1843.4314 1736.2685 1436.3672 1104.3565 1002.5750 545.4941 607.0237 261.4973 120.1465 276.8362 80.0527 138.1236 6.6275 -14.2925 -16.5142 45.0896 21.0711 -4.9072 -11.3531 -11.3736 11.9338 -32.3308 0.0000 5.8985 24.3790 388.0372 516.5866 761.7305 632.1661 764.0065 560.6758 390.4080 208.0725 222.7887 19.7746 -61.1112 30.5816 -56.6153 -4.7403 -28.4180 10.2409 -15.7070 -1.4021 -6.8619 -15.3486 -13.4755 -9.9630 7.4786 -12.1338 34.7778 290.4087 681.9331 1577.1193 1405.6424 1613.3912 1190.2560 733.4888 505.5590 247.2381 -139.7654 159.9437 15.1123 -131.1655 -14.6123 -34.7315 -47.2907 19.4465 2.5274 -7.4301 42.2710 -8.4104 -60.1893 -21.3732 -148.8342 264.4101 186.8534 54.3450 103.9710 12.1497 -36.1337 22.2131 -10.5419 30.5558 -5.1536 22.3405 325.4758 307.7670 141.6443 114.0260 58.9643 34.4109 7.5051 -0.6697 22.3480 2.4122 29.9881 631.3282 243.3815 226.6528 140.1757 111.9722 77.5913 30.8237 49.7381 12.3005 -0.6553 44.6086 
-0.0118 1.7532 6.0133 4.5005 4.3974 6.2026 3.5510 6.2748 2.2884 4.3133 2.8500 4.5810 2.7076 2.7535 2.0869 2.4099 1.7395 2.3882 0.8884 1.1652 0.4201 1.2414 1.9384 0.7927 0.9103 3.6828 0.0059 0.5378 1.1091 0.7494 1.1044 1.1951 0.9036 2.4781 2.0102 2.4867 0.9772 1.7914 2.0280 0.8273 0.9678 1.7875 0.9551 1.3278 0.8161 0.8709 1.1106 0.8955 0.6405 0.2695 0.5233 3.4559 0.0000 -0.2606 0.9297 0.6643 3.0806 3.5976 6.9627 2.9523 4.2238 4.0673 3.5013 2.9652 4.2576 3.9651 2.7314 2.7376 2.7037 1.7440 0.9622 1.5977 1.7318 1.6255 0.1803 1.3128 1.1071 4.9107 0.0000 0.2897 1.2309 1.5164 0.7708 1.4550 2.2453 2.1443 2.3446 0.7523 1.9404 2.4285 1.4445 2.1627 1.5484 1.2987 1.0019 1.6553 0.8994 0.9132 1.1768 1.0316 0.7401 0.0311 1.1258 3.3220 1.3929 7.8522 258.4938 567.5617 700.5583 701.6876 644.9350 656.0334 490.1393 295.9412 238.6775 219.3822 128.4301 128.7993 14.0148 80.9743 17.6861 13.6093 6.5766 13.8336 -0.4604 2.2811 5.9131 3.2868 -1.3830 20.9911 10.3348 55.2731 682.9460 1046.4113 1286.1792 1305.7444 1108.3684 1007.0996 672.0176 618.4618 349.4293 289.1786 185.9775 114.8512 49.8356 38.7656 65.2075 66.8275 19.4480 24.2841 11.7592 26.6125 18.1450 7.7690 12.6938 7.3655 0.0000 0.9585 68.1903 355.3288 716.4190 736.3751 930.3416 851.2449 693.8510 555.6224 396.2187 288.3508 222.4377 154.0054 118.0295 91.8661 15.7630 7.5076 11.6549 5.8189 15.8782 5.7607 20.4575 1.9892 1.6062 -5.9056 9.3556 12.2055 244.2881 1011.4641 1674.9249 2143.7550 1887.2793 1688.5166 1405.5220 920.7992 715.7125 650.5021 419.7874 258.5206 170.1413 116.0932 111.8365 27.5038 36.2288 11.9244 26.7197 5.4726 4.7488 38.0921 26.5748 51.8431 268.7530 175.4753 150.3297 89.1562 59.6520 39.5459 0.9733 15.8933 0.5714 -0.0528 9.9482 451.6020 284.9426 216.0004 122.0927 77.7542 30.8597 5.0382 13.0500 13.6359 21.4889 27.7823 569.0748 267.3725 205.6813 82.7742 78.2725 43.4021 20.4739 1.0782 10.5350 16.4108 29.7855 
0.0674 10.9935 9.4498 12.7139 5.8942 12.2379 8.6013 2.2884 16.8008 1.3144 5.9655 0.5365 3.8058 2.8822 2.2724 1.3425 3.7898 -2.1877 2.7752 1.7296 2.6700 0.3847 -3.7357 0.7628 -1.8076 0.0200 -0.0118 -0.6582 0.3681 2.9721 2.4215 4.6747 6.8185 3.9142 3.3390 4.0626 8.1651 1.1741 1.6868 4.9965 3.1991 1.6264 1.1512 0.7394 2.7001 0.5823 1.0731 -0.0832 1.1007 0.2990 -0.7440 0.5167 0.0000 3.7691 4.0313 6.7588 7.5037 4.4054 2.8211 7.9726 1.3125 2.0036 5.3492 5.1524 -1.6796 -4.9363 4.3520 0.2043 -3.3339 3.9710 -0.1991 -2.1300 -0.2976 -3.8445 3.0183 -1.3523 -1.1208 -13.6290 0.0000 -0.6253 -2.8599 -2.4571 2.7355 2.2942 -2.8622 -2.5874 -2.1758 2.9174 -4.0800 -2.1764 0.0504 -0.5343 -2.0920 -0.1994 1.6869 -4.1408 -0.6109 1.8677 -0.9686 -1.3735 -0.0685 -1.0184 -2.2874 -12.0595 4.4042 22.5432 512.0807 941.1145 1158.1045 1062.1234 952.0707 676.0978 586.2635 893.0779 393.7149 99.9652 194.5527 -182.3807 299.3001 -106.8454 64.9488 52.1597 51.5160 -33.6388 14.5061 -8.5825 -5.9657 -0.3982 -1.3107 -44.3572 2.2829 164.6747 1012.4507 1855.3826 2462.9391 2207.5803 1973.8605 1419.4439 1410.7090 545.2755 1012.2599 378.5068 198.3735 533.1844 205.3229 272.4701 10.4495 -79.9466 -17.1767 50.5287 62.0581 -46.1879 -30.2220 -14.9010 -6.7580 -77.0077 0.0000 8.4403 -50.2993 434.1611 206.2385 816.3235 125.0314 748.3735 618.2210 436.4543 133.4952 313.3435 -67.3155 -231.0358 -43.9616 -108.8240 40.6313 -34.2087 37.7786 -36.7651 -6.2168 -13.0487 -58.0908 -22.5865 -7.4218 52.6498 -38.6543 41.8658 319.0267 191.5668 1362.0996 631.1173 1792.5768 839.6113 369.0758 526.7823 291.5644 -647.9220 154.1812 -65.1461 -241.8781 56.2321 -86.4518 8.0761 58.4332 35.0089 1.1731 146.3187 -20.8979 -156.3828 -64.9691 -285.1953 344.9180 310.9020 24.7585 117.5455 -34.8816 -114.5199 57.1599 -27.3025 62.9587 -1.5188 52.4656 435.8261 525.9629 203.9611 135.2218 64.6635 52.0344 42.1798 -18.6119 24.5797 -29.9986 48.1470 659.9121 345.7425 327.0760 213.1786 121.2303 104.9139 56.8271 95.0827 1.6437 -27.5532 67.5255 
-0.0289 0.2212 4.4969 3.2623 4.2346 4.5637 3.5619 4.3133 1.3144 6.9500 1.8901 4.7151 1.9560 2.5951 1.6316 2.2923 2.0530 2.7200 0.5397 0.9528 -0.2669 1.1115 2.5128 1.0586 1.0385 2.8492 0.0079 0.8475 0.7017 0.5047 0.8787 0.8929 0.5084 2.2190 2.0793 2.1631 0.0269 1.1933 2.1788 0.1268 0.6861 2.0837 0.4918 1.5055 0.8244 0.9792 1.1812 0.9113 0.3375 -0.0190 0.9041 3.7335 0.0000 -0.2086 0.0343 -0.5183 2.1385 2.5429 6.9382 1.6465 3.5862 3.5325 3.0815 2.5855 4.3146 3.5600 2.0581 2.8026 3.1723 0.9711 0.4214 1.7405 1.6612 2.0089 -0.0452 1.0856 0.9503 5.5000 0.0000 0.2582 1.1821 1.8621 0.4150 0.9933 2.4075 2.3100 2.6469 0.3364 1.9197 1.8950 1.2487 2.2459 0.6265 1.1370 1.1117 1.4457 0.8217 0.6134 1.4660 1.0523 0.4953 -0.4829 1.1335 3.7156 1.8768 9.8293 166.6815 468.5938 575.1014 635.6534 498.4891 641.9034 434.0923 249.3579 194.4867 194.8783 123.2133 146.6240 -7.2922 87.7527 14.4172 9.5903 -6.8094 11.1152 -2.6884 1.8189 9.8691 6.6865 -3.4046 18.6704 11.8590 48.3719 597.7537 826.9881 1154.4927 1204.1923 992.2011 948.7643 517.1685 622.5375 251.6021 249.5721 119.6701 79.0151 -10.6516 11.5520 60.2786 72.3285 0.6996 29.1005 -1.5684 30.8267 24.8697 2.4200 27.7551 13.9692 0.0000 0.2854 71.5767 316.4933 619.8173 592.1987 921.3822 731.1616 576.5897 449.0369 317.8293 256.6518 224.2447 116.1095 116.8171 88.0687 -21.2835 -2.9754 -12.0603 2.3266 18.4984 1.7499 36.3363 -3.2615 -2.2431 -17.2767 11.8582 10.3819 203.4314 854.7867 1521.9202 2047.3268 1571.1159 1499.2575 1263.4388 687.2824 548.9776 619.4959 355.0293 208.0118 123.1038 35.1010 84.4958 -26.0299 16.9340 1.7902 18.8388 -31.7568 7.3072 43.4897 34.1889 46.2873 236.4178 161.1199 145.0748 105.7823 74.3147 49.0594 -10.3500 12.6977 -7.1736 -2.6042 6.9221 337.3212 232.3098 187.9212 104.8219 62.1018 17.3375 -3.8155 13.1982 15.3850 32.7749 36.2733 583.2584 218.6964 180.9334 45.4600 79.9229 22.5604 2.7991 -9.6422 15.0557 24.0167 21.5181 
0.0527 4.6093 5.7713 6.2914 4.5316 6.8576 4.2582 2.8500 5.9655 1.8901 6.6238 2.4467 2.7168 1.9940 1.7421 2.2366 2.1291 0.7067 1.7621 1.0843 0.6239 0.6184 -0.7396 0.2636 -0.0164 1.6682 -0.0008 0.2666 0.9466 1.6747 1.0493 2.1431 2.8164 2.0902 2.4722 2.2058 3.7530 1.9660 1.7540 2.9962 1.6547 1.3643 0.8939 1.2024 1.5647 0.4633 1.3655 0.3490 0.7792 0.1739 -0.4802 0.7395 0.0000 0.6139 2.3384 2.5479 3.0997 4.3425 6.5934 6.1021 3.0826 5.0507 4.7025 4.4050 1.1230 2.7067 3.0469 2.5863 0.6002 3.0265 0.8656 1.0696 0.9623 -0.1519 1.2222 1.1269 0.4451 -0.8536 0.0000 0.2144 0.5935 -0.3047 1.2131 2.4793 0.5949 0.9705 0.7787 2.3990 0.9648 0.4684 1.2532 1.2748 -0.0262 0.7811 0.8828 0.1921 0.3200 1.2867 0.4148 -0.0390 0.1213 0.1310 -0.2506 -1.9917 3.1917 7.5630 308.2364 590.4329 741.8473 687.2337 704.2660 579.5802 430.2251 362.4448 272.6813 210.3155 109.3090 -6.7068 131.6819 8.6116 30.1866 14.9306 15.0683 4.3113 3.3761 -1.0138 4.6594 -0.9276 -1.0117 -10.5286 7.4398 78.7427 685.5730 1136.1816 1517.0557 1414.2342 1308.7046 954.8978 775.6600 556.5212 620.7968 261.1681 190.4484 236.0087 97.0130 138.8532 36.4880 -3.8287 7.8972 36.9199 33.1068 -12.8117 -10.1787 -1.8478 8.3810 -29.7075 0.0000 4.1451 18.3888 321.8455 499.7987 669.9205 609.9440 772.1592 613.4915 637.5011 345.3224 316.0953 190.6886 76.4131 121.7598 4.7147 43.9697 5.0290 39.6109 -19.6802 12.5367 -0.3992 -12.6151 -3.5168 3.0573 10.5735 -9.5829 42.4593 232.3186 737.2116 1486.7476 1461.1933 1699.9706 1551.9696 1246.2329 863.7833 670.5811 211.0639 409.3505 175.3697 38.3379 140.7638 80.9682 53.4843 43.0893 7.4806 37.8444 71.1101 5.3830 -22.0840 -22.6782 -50.8789 293.4803 221.9870 113.8130 82.8040 18.3701 -17.5100 26.8576 3.0965 17.9923 -2.0944 25.6842 452.4171 376.8489 212.4217 103.8892 81.3792 32.0927 22.2397 -4.3808 14.0125 -2.9591 35.1226 448.8551 221.9654 185.6125 101.3133 68.5575 57.5030 16.9851 24.5714 1.9118 -10.2274 32.4577 
-0.0114 0.8784 4.5100 3.3450 3.3942 5.6820 2.4659 4.5810 0.5365 4.7151 2.4467 7.8151 2.7000 3.4533 2.6393 2.9417 1.4335 3.2775 0.5296 1.0180 0.4061 1.6413 3.0302 0.7691 1.0979 4.2190 0.0091 0.6622 0.8962 0.8498 0.8196 1.1344 -0.0668 2.8107 2.0236 2.7281 0.2935 2.1789 2.3066 0.4097 0.7703 1.7287 1.2000 1.5807 0.6618 0.8296 1.2578 1.3868 0.6499 0.1390 0.2603 3.3124 0.0000 -1.0303 -0.3636 -2.6479 1.3196 2.6580 6.0479 1.3380 3.0863 3.2471 2.4239 1.9421 4.4747 5.0812 1.2024 2.7915 2.9748 1.1950 0.4164 1.6071 2.0045 1.8603 -0.8671 1.8578 1.1776 5.5059 0.0000 0.4984 1.3378 1.7028 0.0783 1.0117 2.4050 2.0612 2.2649 -0.2731 1.9461 2.3844 1.1595 2.6518 1.7158 0.8794 0.2073 1.9511 0.3131 0.8154 1.3750 0.7056 0.8272 0.0148 1.7474 2.9005 -0.7701 5.5680 184.4558 452.8953 580.5498 644.5838 621.5927 695.0752 510.5922 200.8012 193.8133 239.9358 116.4786 167.0422 -29.3249 123.6119 9.7799 14.1100 -1.3769 19.8957 -7.0015 3.8385 8.3673 6.7570 -2.5139 33.5297 10.7141 37.7466 649.2899 923.1486 1237.7897 1288.5279 1140.5093 1082.9266 557.1050 676.4172 277.3686 293.3561 192.9298 62.2775 18.3967 0.5056 82.1112 92.1315 17.6939 11.6889 8.8862 29.3967 26.6594 13.0256 10.3161 -12.8699 0.0000 -0.8999 75.6671 306.8016 633.2107 511.0436 730.4269 667.9907 533.6191 452.6562 276.5161 195.4953 184.4563 143.2019 96.4955 97.2615 -9.6186 -6.3992 -10.9610 -8.7562 17.4711 6.1163 32.6297 3.8890 5.9632 -11.9079 15.3534 4.0663 194.8136 827.6200 1317.4681 1866.4311 1483.9023 1290.1947 1193.0685 597.6615 542.0205 626.9416 318.1980 141.6678 134.9987 84.9604 103.7412 -9.1933 -1.7269 -18.9314 18.3907 -14.8729 -7.7670 57.1016 33.4371 63.8073 261.0679 148.0757 159.6110 84.6681 67.9107 54.3743 -8.9224 21.6179 -9.1904 -0.8544 2.9711 422.1401 207.0075 196.0272 91.5788 73.5770 14.8428 -4.9336 9.4729 8.8224 27.7408 23.3696 554.3487 253.7998 226.5692 50.2190 72.8659 36.4555 17.3797 -16.6588 4.8324 19.5815 20.8905 
0.0110 2.3615 2.8279 4.0993 2.4705 5.9488 2.9306 2.7076 3.8058 1.9560 2.7168 2.7000 4.1647 2.1627 2.0686 1.7076 1.2927 1.0055 1.1349 1.0911 1.4122 0.9442 0.4587 0.6254 0.2677 3.3029 -0.0003 -0.0460 0.6741 0.8278 0.9904 1.5566 1.6644 2.1810 1.3591 2.1658 2.2620 1.5963 1.4573 1.5932 1.1751 1.0944 0.9343 0.9060 1.0117 0.5975 0.8541 0.6327 0.8510 0.4552 0.1938 2.9408 0.0000 0.0740 0.8728 0.7816 2.7485 2.7285 4.1866 3.3883 3.0300 2.8008 3.1875 2.8508 3.0075 1.9720 2.9762 1.8173 1.2045 2.3361 1.1065 0.7246 1.3560 0.3158 0.7829 0.7517 0.6263 1.7042 0.0000 0.0875 0.4538 0.4761 0.9866 1.2151 0.7238 0.8092 1.3945 1.1889 0.6260 1.7101 1.2451 1.2738 1.5223 1.0697 1.0392 0.9228 0.5699 1.1387 0.5934 0.6470 0.7531 0.4100 0.3952 1.5319 -0.1656 5.0395 179.8239 398.4184 516.6135 494.2713 537.4425 464.2315 393.1461 330.7199 231.4438 162.7308 127.2901 51.9206 69.4948 42.0066 25.5606 23.0823 20.8297 6.4345 1.5336 1.1365 -0.0510 0.3628 0.9664 8.8003 2.9119 50.7962 492.7723 881.7433 1031.7183 1050.9319 943.1584 830.0952 710.0789 455.8231 416.3696 259.0857 204.6671 175.9632 122.6609 86.3791 54.0078 30.4721 27.7594 19.0481 27.3097 10.8487 8.3362 10.1573 1.5449 -2.6990 0.0000 0.9690 16.3455 236.1726 415.2462 550.1241 502.1690 667.6363 601.7433 456.8645 362.9255 284.3492 185.5601 99.3778 72.5160 85.5903 52.2839 11.2677 36.9646 10.4724 6.2430 6.0487 -1.3809 5.8560 3.6138 23.9786 0.3737 5.9247 177.7373 600.5473 1216.4400 1405.5843 1615.5283 1311.4169 996.2520 877.2788 702.7301 424.2761 402.8230 261.1380 158.1659 178.9425 101.9644 68.5790 58.2615 40.2833 27.0269 59.1376 9.3512 5.3135 7.8172 14.7103 230.7529 167.4356 102.1308 64.7959 22.2914 2.4524 14.3351 7.4797 14.2289 1.9389 17.1999 422.7038 291.5314 184.1391 104.8730 60.2214 33.9973 19.6274 7.4846 11.2018 1.4609 23.2514 391.8839 264.2652 187.7293 97.3944 59.7129 50.1241 31.4978 19.3157 3.8268 -0.1605 27.1384 
0.0042 2.1881 3.4784 3.6445 2.2750 5.0082 2.5188 2.7535 2.8822 2.5951 1.9940 3.4533 2.1627 3.9099 1.9706 1.7760 1.4753 1.2805 0.9499 0.9289 1.0911 0.9910 1.0539 0.7575 0.2628 2.8659 0.0013 0.2015 0.4040 0.8898 0.9519 1.3418 1.0965 2.3303 1.4671 1.9852 1.6580 1.3839 1.5317 1.1874 1.0551 1.1232 1.0105 0.8697 0.8985 0.6803 0.8039 0.7726 0.6704 0.2409 0.2016 2.7755 0.0000 0.2779 0.5103 0.2467 2.1591 2.2891 3.1986 2.2120 2.4087 2.1876 2.6613 2.3066 2.8360 1.8475 2.0241 1.7566 1.4893 1.8688 0.9813 0.7445 1.2528 0.6055 0.6582 0.8268 0.6094 2.6899 0.0000 0.0134 0.1254 0.3941 0.8268 0.7166 0.7278 0.7877 1.4325 0.8462 0.4352 1.4781 1.0612 1.6296 1.0403 0.8890 0.9413 0.6598 0.4832 1.1423 0.8411 0.4994 0.7150 0.0599 0.8677 1.4676 -0.8306 6.8954 174.6578 379.9291 468.6393 480.9549 461.8290 457.4223 349.8205 287.4266 187.3735 142.7464 117.8719 71.9435 51.0824 51.5185 20.9950 22.2007 11.2385 11.1436 0.2119 0.4495 1.5990 4.6527 -0.8214 7.1094 2.7159 41.0863 483.7794 724.0026 987.6274 987.2729 890.1863 809.0459 575.7772 454.5458 336.1778 262.3129 184.0066 162.8224 79.6760 60.3173 68.4452 42.7482 20.4901 21.7064 19.8148 13.7920 13.9453 10.3249 4.5396 2.2774 0.0000 0.3657 21.4423 224.7228 343.0285 434.2244 415.7642 515.7261 471.7107 357.5736 238.1849 235.6543 135.3109 68.9733 63.7811 82.1513 28.1793 6.9517 14.8768 2.1492 12.3539 2.8863 8.9858 -0.0808 2.4970 15.2258 1.5083 1.0281 148.9738 440.2363 935.4414 1133.0299 1263.6100 959.6149 819.8305 636.5375 543.7544 399.4065 320.3853 197.1546 138.1472 135.9288 90.4729 50.5449 50.7138 35.2436 26.2921 28.8449 5.1340 12.6403 15.3711 24.4886 240.5936 190.4954 116.2194 77.4171 35.6678 13.1913 8.0093 7.9197 7.6254 2.1855 14.1531 421.7136 318.0474 213.5749 116.5450 61.7021 27.9384 17.6544 6.9919 11.6562 10.4355 31.0511 434.5372 247.7856 195.3249 81.2906 60.8098 35.5450 25.1427 13.5997 5.6544 6.1731 32.4008 
0.0145 1.9562 2.5308 2.3843 1.1765 4.2829 1.3784 2.0869 2.2724 1.6316 1.7421 2.6393 2.0686 1.9706 2.8463 1.3077 0.5364 1.1468 0.7243 0.7678 1.3468 0.9421 1.0341 0.5858 0.1308 2.6726 0.0004 0.0169 0.2512 0.8779 0.7950 1.2395 0.8753 1.8020 1.0373 1.6658 1.5759 1.4951 1.4178 0.8539 0.9665 0.6616 1.0775 0.8592 0.7921 0.5239 0.6092 0.7686 0.7054 0.2691 -0.0387 2.3848 0.0000 0.0959 0.4043 -0.2347 1.6351 1.9820 1.8218 1.8465 1.8930 1.5857 2.0291 1.5891 2.2273 1.9738 1.5018 1.4154 1.2774 1.8139 1.0182 0.5606 1.0968 0.4790 0.4430 0.8384 0.4820 2.7291 0.0000 -0.0104 0.2487 0.1660 0.4385 0.4511 0.4013 0.5359 0.7396 0.7395 0.2485 0.9005 0.7992 1.2468 1.2759 0.5652 0.7438 0.6914 -0.0051 1.1342 0.7790 0.2698 0.6947 0.2534 1.0431 1.5880 -2.5537 3.7809 142.1752 291.7027 348.6668 366.2454 411.0360 364.0868 297.2788 224.8739 145.0751 118.9979 101.7174 62.2341 41.3696 49.8626 13.1629 24.2356 10.3331 13.0892 -1.2533 0.4169 -0.6648 5.7390 -0.2934 5.8970 -1.5157 28.6421 422.6823 583.5943 803.0327 776.2026 749.8268 683.4644 469.7895 349.9337 269.8387 227.0703 154.9052 132.7848 77.3082 45.7067 65.8393 35.8430 22.6772 7.9840 20.5568 8.6813 13.3233 13.1494 -2.6219 -0.3940 0.0000 -0.6291 10.6345 176.1996 258.9697 346.5188 265.2734 417.7937 408.4674 307.7004 195.5102 208.1079 107.9911 50.3358 38.4466 81.5162 30.0109 9.2029 14.2396 0.7482 8.0485 2.9829 4.5202 3.2042 5.6079 20.2939 0.4808 -3.7067 115.1649 335.9667 679.7216 855.7789 1066.1292 720.5185 653.2839 549.7367 486.2266 344.1228 258.5771 160.6672 140.3477 132.5576 81.0983 56.0593 38.2199 33.3585 24.9471 31.8188 1.3378 7.6353 10.8671 32.8278 169.2500 128.8445 81.6988 42.5076 20.9321 9.8590 9.2096 7.7629 6.0786 3.5297 10.3733 298.4609 214.2190 148.3548 71.1304 40.0108 16.6942 17.2649 2.0017 3.7093 5.3415 23.9224 267.1603 184.0469 153.3523 51.3496 32.8356 22.4941 21.7646 8.1597 -0.8546 1.4950 22.3321 
0.0045 0.9133 2.5166 2.5176 1.9920 3.3524 1.6330 2.4099 1.3425 2.2923 2.2366 2.9417 1.7076 1.7760 1.3077 2.7715 1.0861 1.4578 0.6349 0.7134 0.2143 0.7301 1.0528 0.4579 0.4880 2.4185 0.0032 0.4346 0.7032 0.5106 0.3218 0.7676 0.5355 1.5177 1.2563 1.5305 1.1430 1.2705 1.2346 1.0077 0.6449 1.1688 0.6598 0.9392 0.7366 0.5658 0.8475 0.5516 0.3787 0.0923 0.1255 2.0507 0.0000 -0.4336 0.3979 -1.1458 0.6035 1.7095 4.0905 1.5794 1.9298 2.3626 1.6417 1.7358 2.2631 2.7399 1.2977 1.7567 1.4641 1.3082 0.4270 1.0768 1.0392 0.7471 0.2291 0.9152 0.7906 2.7731 0.0000 0.3125 0.6730 0.7416 0.2802 1.0311 1.0646 0.9892 1.2332 0.4609 1.0979 1.3079 0.7907 1.2882 0.7562 0.8487 0.4900 1.0751 0.2975 0.7420 0.7259 0.5165 0.3950 -0.0422 0.7152 1.5564 0.5470 3.8073 103.2396 251.0043 340.7840 362.4105 379.3561 402.1536 308.1084 157.1742 147.1713 161.0782 79.1639 74.8371 28.9065 58.0107 14.3378 11.0752 6.7109 16.4644 -0.9587 -2.1001 6.3708 2.8936 -0.6627 12.7269 4.0559 27.7357 339.2354 528.6928 742.1600 782.8622 729.5862 641.3020 407.4054 426.2964 306.3159 201.8603 157.9630 104.3908 54.1751 55.2128 52.4494 36.0148 14.8052 22.4184 18.7723 15.4834 12.4491 6.8825 11.3323 -2.2588 0.0000 0.8312 33.7376 163.9051 317.2465 292.4274 390.9812 410.5975 334.8621 341.6741 223.7320 172.5028 169.1521 102.8545 86.0997 60.8084 21.8869 8.2014 11.8099 -3.6646 15.8297 2.0153 14.6743 1.8931 3.5992 3.3652 4.7312 10.6770 113.2294 396.6329 743.7268 951.4077 894.0027 892.2502 772.3806 499.7908 443.0826 388.7539 305.3765 161.7877 120.3110 118.4874 86.0773 42.5559 28.3951 7.0256 23.4516 24.0344 3.6579 27.7797 15.7357 34.9990 187.4505 134.8724 112.2918 61.2174 39.2361 22.4315 5.1998 10.8161 0.0933 0.4627 11.4498 343.0470 228.7457 170.8222 89.3361 65.7711 21.3217 7.7736 4.4801 9.7667 8.0770 26.1469 292.8179 156.2084 121.5536 41.7239 41.5279 27.6106 8.8397 -3.8359 3.6393 3.7928 13.3649 
0.0030 2.1268 2.9519 3.9369 2.8771 3.7183 3.3089 1.7395 3.7898 2.0530 2.1291 1.4335 1.2927 1.4753 0.5364 1.0861 3.1471 0.0973 0.8739 0.7087 0.2422 0.2559 -0.3634 0.4685 -0.0091 0.7091 -0.0005 0.1716 0.3971 0.6060 0.7000 1.1079 1.7512 1.4212 1.3697 1.4004 1.8901 0.3758 0.8358 1.5608 0.8677 1.2353 0.1900 0.5079 0.9041 0.4419 0.6945 0.0363 0.2739 0.0603 0.2971 1.2328 0.0000 0.7630 1.1031 1.6704 2.1900 1.6198 3.4083 2.6009 1.5469 1.9303 2.3412 2.3475 1.0350 -0.1052 1.9435 1.0152 0.1179 1.1383 0.0708 0.2717 0.3265 -0.2028 0.9184 -0.0950 0.1189 -1.4767 0.0000 -0.0171 -0.2278 0.0909 1.0002 1.1129 0.1804 0.2149 0.6217 0.9141 -0.0850 0.4641 0.4676 0.5178 -0.5156 0.5228 0.6747 -0.3484 0.4511 0.5064 0.1676 0.1745 0.0221 -0.4217 -0.5198 -1.3611 3.1817 7.8217 138.5423 312.4206 398.7878 397.2550 318.5017 311.7790 236.7642 262.3990 147.9287 84.5760 74.9150 -7.1760 71.9211 -9.0803 22.0795 12.9563 12.4427 -4.6800 5.0493 -1.8673 3.0280 -0.1099 -1.0759 -5.3520 5.7576 52.2723 335.9916 617.0730 823.2305 807.5795 688.6125 543.0143 476.3532 311.8615 337.6137 144.5537 77.8212 153.8862 48.4644 83.1916 14.5660 -3.4650 -2.3036 31.3703 12.7777 1.0163 0.2518 -6.1803 13.2586 -6.6544 0.0000 2.8796 10.2598 172.4070 227.5614 339.2380 334.6556 382.5415 293.3945 240.6623 147.7326 148.9219 78.4783 1.1373 42.8292 -5.9551 10.6519 -4.6796 10.5283 -3.8072 6.8552 -2.8947 -1.5246 -6.9972 -4.8218 4.9403 -5.7037 18.7858 126.0148 301.5842 803.3561 789.9662 864.0637 750.1712 520.9287 379.5119 251.0678 53.6945 187.6515 84.3594 -13.1363 34.1009 7.7218 3.3103 24.2160 10.7482 7.1499 28.9354 4.3368 -21.4026 -4.2361 -51.6664 161.3147 133.6474 56.4418 67.8646 17.9942 -12.3672 10.7208 -4.4140 13.2283 -1.7687 16.0449 248.5743 235.4566 124.8177 88.4643 46.3700 24.9205 7.8271 2.0655 14.4554 2.8445 24.8836 309.7997 124.8651 105.4996 64.8908 56.6075 33.8204 11.3898 20.1451 6.9587 0.1408 22.4031 
-0.0157 -1.6497 0.9238 -0.6400 1.2282 0.9445 0.0295 2.3882 -2.1877 2.7200 0.7067 3.2775 1.0055 1.2805 1.1468 1.4578 0.0973 3.6924 -0.0299 0.3584 -0.1907 0.9415 2.5010 0.3389 1.0849 2.6022 0.0074 0.5824 0.4719 -0.0865 0.1256 -0.1847 -1.0613 0.8688 0.6653 0.8256 -1.2735 1.2997 1.3848 -0.4771 0.0024 0.9021 0.5468 1.0771 -0.0035 0.4457 0.7016 0.8659 0.2610 0.0878 0.3540 2.3691 0.0000 -1.3048 -0.8057 -2.2440 -0.3857 1.2388 3.4603 0.2696 2.3353 2.5784 1.3488 0.9730 3.4037 4.7559 0.7342 2.2352 2.9684 0.4790 0.8465 1.8763 1.4869 2.3057 -0.6677 1.6537 1.1238 7.2902 0.0000 0.4046 1.3851 1.4699 -0.5187 0.4858 2.2857 2.2300 2.1382 -0.0303 2.5428 2.3240 1.1683 1.9140 1.9542 0.9023 0.3861 2.4391 0.7057 0.4110 1.2759 0.9999 0.6105 0.5228 1.5805 5.5713 -0.8916 -2.0970 22.8622 104.3455 131.8507 208.2229 211.2618 295.2618 210.0942 -35.4336 61.7082 145.8483 36.8098 135.8232 -67.7556 87.1547 -5.9031 2.0546 -9.6506 17.7502 -4.0384 5.5474 5.7875 4.4133 -1.1913 26.1734 7.3101 -7.3180 211.0256 220.8506 290.9090 380.4463 351.0187 409.7656 136.9493 354.4914 25.0359 131.5710 98.8278 -44.7355 -16.4270 -39.0832 54.0331 71.8887 20.5947 6.0585 -8.5525 29.2113 22.1993 11.3096 8.7759 20.8324 0.0000 -2.0410 53.0835 101.9339 408.9968 234.1374 555.2219 386.5618 327.6377 311.4028 250.8066 151.8221 180.9559 181.6188 106.0802 99.7075 1.5867 16.0102 -5.3999 10.0501 12.1077 6.2665 31.4468 6.9940 4.9114 -16.0525 15.5291 -1.1960 69.0486 572.0797 718.6790 1275.5847 850.7453 973.5659 998.0685 566.5556 501.9239 692.5594 312.4967 218.3186 203.4751 93.3929 111.4849 25.3541 6.6845 0.6231 24.3206 -31.7601 12.5245 68.1661 33.0809 116.4340 146.5239 76.7032 121.8285 44.5957 57.4751 64.6508 -9.2177 17.6291 -15.0092 0.3747 -5.9674 285.7780 133.3599 147.3074 77.4996 56.8684 12.7766 -0.7145 14.0663 4.1509 26.7017 18.0211 253.1003 114.9837 90.8961 7.1959 32.0292 8.5235 2.2091 -24.0293 4.2507 16.7388 7.1719 
0.0239 1.9166 1.7364 2.2923 1.4817 2.7679 1.7144 0.8884 2.7752 0.5397 1.7621 0.5296 1.1349 0.9499 0.7243 0.6349 0.8739 -0.0299 1.5304 0.4073 0.6085 0.2230 -0.5207 0.2453 -0.1104 0.8410 -0.0023 0.0056 0.1534 0.6339 0.5540 0.8641 1.3158 0.8406 0.8130 0.7108 1.6830 0.6746 0.6657 1.2773 0.7542 0.4327 0.3765 0.4001 0.7106 0.2020 0.4595 0.1432 0.3930 0.1482 -0.0597 0.8356 0.0000 0.5309 0.8831 1.7328 1.5586 1.6741 2.0559 2.6556 1.4102 1.9752 2.1630 2.0480 0.6170 0.6018 1.7312 1.0648 0.3203 1.5439 0.8223 0.4490 0.5063 -0.0618 1.0282 0.3631 0.1423 0.4845 0.0000 -0.0585 -0.0412 -0.3379 0.6933 0.8177 -0.0187 0.3166 0.4955 1.3659 0.2609 0.2946 0.7493 0.5927 0.2365 0.5714 0.7725 0.1498 0.4903 0.7591 0.2681 0.1624 0.1942 0.2778 -0.0965 0.1367 0.7125 3.4158 112.8816 215.5697 264.4416 230.8277 226.5359 174.6866 137.7100 183.0116 118.0809 65.9612 57.3488 -9.1951 70.1857 -5.8427 16.9035 7.0385 8.2492 -0.2566 2.8871 0.9136 -0.1479 -0.5169 0.1531 -9.4309 1.3760 27.4567 224.5646 387.2410 514.4857 490.7814 445.6293 333.8212 331.8110 198.9713 249.6312 114.6833 89.7627 121.0687 64.2576 67.6817 20.8190 -1.8509 9.7866 19.3243 15.0248 -4.4598 -3.5818 1.4453 2.3369 2.1705 0.0000 1.4722 -6.5696 109.6082 130.1031 269.5955 211.0561 303.2988 285.5783 254.6348 180.3876 176.4558 95.5131 43.5519 56.7053 26.7703 34.6870 10.8567 26.1905 3.3655 4.6254 1.9356 -7.3172 -1.0730 1.0507 13.8132 -5.3203 10.3227 81.0416 224.9669 546.6530 514.0672 742.2669 649.9233 503.2643 475.3891 375.9679 148.1376 230.8776 148.6421 67.1567 104.2382 55.4211 48.5657 44.5001 33.4624 23.9341 38.2926 12.9626 -12.9749 -7.1966 -8.1076 144.4162 124.4350 52.9166 44.4129 6.4083 -9.7018 14.7877 -0.2009 10.9326 0.5541 13.4806 246.8128 225.8979 125.9202 68.1037 36.6343 21.9601 20.4111 2.3740 8.9749 -1.1192 22.0099 193.4151 120.4173 84.9612 57.3170 32.2337 24.0499 11.7676 18.9239 2.7148 -4.8741 20.4371 
0.0003 1.1038 1.6957 2.1141 1.0475 2.2036 1.3948 1.1652 1.7296 0.9528 1.0843 1.0180 1.0911 0.9289 0.7678 0.7134 0.7087 0.3584 0.4073 1.5299 0.5830 0.2813 0.1767 0.3244 0.1179 1.3858 0.0000 0.0011 0.4532 0.3042 0.3900 0.6844 0.7420 0.9831 0.6038 1.0721 1.2087 0.5585 0.7793 0.7470 0.5359 0.5777 0.4013 0.4175 0.5081 0.3355 0.2951 0.1618 0.3537 0.2176 0.2608 1.4950 0.0000 0.1989 0.6242 0.4836 1.1068 0.9803 1.4775 1.2762 1.3280 0.9877 1.3035 1.0691 1.3138 0.5064 1.2804 0.6793 0.6328 1.0107 0.4995 0.2722 0.5955 0.1523 0.5184 0.1705 0.2854 0.9806 0.0000 -0.0041 0.0958 0.2315 0.5135 0.5281 0.3466 0.2920 0.6475 0.5181 0.2140 0.7893 0.4668 0.4320 0.5131 0.6750 0.6417 0.2444 0.3287 0.5598 0.2798 0.2940 0.3099 -0.0428 0.1329 0.9549 0.0408 1.9709 77.4289 173.6013 223.1584 202.3741 222.2156 196.7622 154.4085 141.0955 88.9506 49.9234 60.6569 24.8552 34.1858 16.8375 12.1110 14.5116 8.9759 4.4797 1.3006 -1.0833 0.6730 0.8525 0.6886 3.1839 -0.5910 27.0666 221.6187 375.7547 452.5198 443.6243 402.8572 348.5176 291.5010 185.4954 192.2513 130.2202 96.9942 82.0341 60.2137 48.1701 22.9871 13.1880 14.0080 6.4412 15.4083 2.9937 5.8573 1.6941 4.6222 3.3450 0.0000 0.6062 9.3926 104.4721 151.0500 235.0124 210.1022 274.0105 241.1120 186.5149 140.9068 115.7719 85.9096 26.9387 25.8544 30.7794 24.5009 10.7009 15.5232 6.6044 4.5960 1.2976 -0.3294 2.0455 1.4714 9.9620 -1.6295 4.5309 78.6024 256.2489 504.4346 579.0571 643.9321 535.9897 420.5173 381.7621 315.4887 181.8435 188.0702 130.2945 82.3170 72.7492 42.8267 39.9624 32.7396 18.6688 16.5752 30.6028 5.9953 1.5437 5.3602 8.4507 99.3431 89.0528 53.1415 34.8512 14.4999 -0.1348 5.2031 4.0371 5.6585 2.6477 14.3308 209.7126 158.7993 102.3297 56.2062 29.0297 19.8536 12.0272 4.0999 5.1573 -0.7951 14.0317 176.4446 125.7862 84.1962 49.5542 28.5074 17.8068 14.8520 7.3439 2.5998 2.9008 14.9177 
0.0194 1.9173 0.7124 1.6885 -0.0702 2.9939 0.9203 0.4201 2.6700 -0.2669 0.6239 0.4061 1.4122 1.0911 1.3468 0.2143 0.2422 -0.1907 0.6085 0.5830 2.8951 0.3750 -0.2205 0.3248 -0.3394 1.3224 -0.0040 -0.4130 -0.1177 0.5905 0.6943 1.0401 1.1348 1.0807 0.2370 0.9412 1.8138 0.6665 0.7823 0.8934 0.7901 0.0315 0.6878 0.2355 0.5544 0.1748 0.1455 0.3054 0.5987 0.3269 -0.0521 1.4555 0.0000 0.5742 0.6542 1.1186 1.7350 1.1769 -0.4838 1.8131 0.8542 0.2742 1.4925 1.0336 0.8562 -0.2496 1.3415 0.3628 0.0750 1.5612 1.0389 -0.1920 0.4925 -0.3148 0.9042 0.0451 -0.0408 0.1968 0.0000 -0.2596 -0.4192 -0.5093 0.6752 0.0634 -0.4909 -0.3860 0.0257 0.8521 -0.6748 0.4811 0.4547 0.2865 0.9716 0.3520 0.7618 0.0425 0.0653 0.9123 0.2447 0.0464 0.5519 0.4859 0.2572 0.4205 -2.5443 1.5650 82.1927 140.3632 148.9725 141.6937 196.8471 102.6146 121.9069 193.5146 84.4050 20.1260 72.6411 -4.5281 55.7289 -2.3359 12.2379 26.0130 17.2552 0.8298 3.0307 1.8904 -5.9482 2.8435 1.2520 -5.0172 -5.2617 20.8355 205.5835 320.2552 384.0492 347.8766 360.9327 321.5234 351.4665 112.5199 197.2495 137.3457 106.5625 132.0635 97.9554 54.6182 37.3828 3.1349 24.7723 2.9103 17.7871 -3.5089 5.6536 8.0387 -11.1996 4.8555 0.0000 -0.3767 -22.4901 73.3170 35.0425 199.8981 -12.4299 213.4346 264.4158 141.7876 117.5818 155.7059 36.2645 -4.2005 -11.2965 53.7332 45.3994 14.5124 22.4794 11.2741 -1.1644 1.4267 -11.4330 2.2329 2.8783 30.7344 -7.1457 -8.7487 62.6606 84.7097 317.4139 314.1075 713.2582 319.1615 259.8710 431.8466 365.4805 131.2720 178.2470 141.5987 102.5674 123.0881 38.7528 72.3827 43.9260 50.6593 17.9796 49.4246 9.2069 -20.5943 -3.7258 5.8472 95.3095 83.5260 20.1864 18.0684 -5.8483 -14.9846 15.5469 -1.8529 14.2740 4.8301 12.4551 199.6524 173.6071 90.8012 56.9309 19.1611 21.3533 25.0385 1.1452 1.9661 -6.5574 16.6883 105.1525 135.5238 106.4842 60.9481 23.2049 21.7802 29.8687 21.9476 -4.0184 -5.5711 23.5654 
