0.0519 0.0337 0.0378 0.0336 0.0280 0.0398 0.0113 -0.0094 0.0670 -0.0284 0.0525 -0.0119 0.0113 0.0041 0.0145 0.0045 0.0028 -0.0157 0.0239 0.0003 0.0194 -0.0065 -0.0331 -0.0052 -0.0171 -0.0174 -0.0001 -0.0023 0.0035 0.0240 0.0060 0.0245 0.0325 -0.0024 0.0103 -0.0097 0.0621 0.0141 0.0114 0.0398 0.0145 -0.0160 0.0057 0.0090 0.0223 -0.0096 0.0095 0.0011 0.0084 -0.0045 -0.0197 -0.0309 0.0000 0.0051 0.0152 0.0226 0.0023 0.0445 -0.0034 0.0607 -0.0155 0.0256 0.0166 0.0272 -0.0538 0.0030 -0.0098 0.0132 -0.0198 0.0332 0.0124 0.0022 0.0022 -0.0221 0.0284 0.0118 -0.0109 -0.0290 0.0000 0.0016 0.0074 -0.0278 0.0012 0.0153 -0.0282 -0.0146 -0.0239 0.0351 -0.0103 -0.0425 0.0001 -0.0056 -0.0214 -0.0070 0.0039 -0.0078 -0.0120 0.0215 -0.0010 -0.0239 -0.0079 0.0140 -0.0111 -0.0538 -0.0307 0.0423 4.0506 4.6252 3.6970 2.5892 4.5153 2.1398 1.5204 3.0861 2.3125 1.5071 1.2629 -0.9873 2.9285 -0.4575 0.4633 0.2026 0.1225 0.1166 0.0140 0.1159 0.0083 0.0527 0.0025 -0.6447 -0.1143 0.6717 6.2488 5.7151 9.8989 6.6801 8.1393 2.5836 2.9434 2.7649 6.7477 1.4992 2.3725 3.4496 2.2728 2.3551 0.7413 -0.7536 0.3040 0.4343 0.6316 -0.6858 -0.2349 0.0619 -0.0504 -0.3160 0.0000 0.0590 -0.5060 1.7485 -2.9290 0.2895 -5.6826 -0.7490 0.0836 3.6503 0.5700 3.1133 1.6224 0.1163 0.9215 0.0917 1.1682 0.5223 0.7058 -0.1429 0.1774 0.0660 -0.3632 -0.0543 0.2099 0.6970 -0.3247 0.4265 1.6401 -1.3446 -2.0678 -11.9792 -2.9605 -2.4932 -1.2683 1.4251 3.6550 -3.2088 3.6978 1.3086 0.6495 3.2029 0.9939 1.8291 0.8112 0.8232 0.9985 1.4433 0.4756 -0.9133 -0.8063 -0.5697 1.5476 1.7519 -0.1450 0.2797 -0.4905 -0.7953 0.5787 -0.1536 0.1952 0.0183 0.4099 1.4754 3.1029 1.0828 -0.0865 0.2996 0.0378 0.7313 -0.2879 0.0401 -0.3383 0.6506 -1.3538 0.6037 0.8755 0.4660 0.0461 0.1733 0.0281 0.3392 -0.2690 -0.5488 0.2963 
0.0337 3.0189 2.0493 2.7582 1.7368 3.2351 1.6303 0.6880 3.6533 0.0737 1.7698 0.4487 0.9044 0.8393 0.8023 0.4171 0.6441 -0.3994 0.7253 0.3837 0.6862 0.2612 -0.8995 0.0482 -0.5284 -0.1170 -0.0022 0.0460 0.3660 0.9174 0.7327 1.4276 1.5625 0.9251 1.0478 1.1314 2.1583 0.4701 0.5796 1.2716 0.8614 0.2843 0.4777 0.2800 0.6336 0.0046 0.2813 0.2493 0.3391 0.0671 -0.6002 -0.5005 0.0000 0.2298 0.4464 1.0896 1.0958 1.5736 0.7514 2.0061 0.2123 0.5692 0.9078 1.0540 -0.9537 -0.9346 0.1969 -0.0577 -1.1281 0.9321 -0.3287 -0.8110 -0.0803 -1.2283 0.3655 0.0166 -0.4741 -4.3850 0.0000 -0.0188 -0.0367 -0.7643 0.3944 0.5545 -0.6793 -0.8418 -0.9563 0.4311 -1.2017 -1.0937 -0.2187 0.0152 -0.5180 -0.3445 -0.0837 -1.2350 -0.6061 0.5672 -0.3504 -0.7315 -0.1452 -0.2645 -0.4225 -4.4662 0.4515 5.5942 197.4690 293.3286 359.4618 313.6875 301.4134 216.4689 170.1325 220.0909 96.3924 32.2856 37.8061 -50.9618 74.1039 -17.3987 17.1971 11.0910 8.6506 -11.0963 0.4025 -0.6671 -1.3315 -0.1592 -0.8937 -9.8497 2.0991 44.0478 300.1240 509.0859 710.8845 625.0246 564.6134 403.5010 310.6093 158.2823 247.2111 109.1226 58.1985 119.2018 45.9749 62.3176 2.6412 -8.9158 -5.1225 6.6914 18.7985 -17.3817 -12.0274 -1.2122 -7.5828 -39.0285 0.0000 2.6298 -1.3327 154.7534 51.2778 185.2554 -49.9099 143.3515 102.6828 92.6078 -16.9995 31.9215 -58.1421 -65.6664 -9.6965 -40.6772 1.2581 -14.7671 4.7729 -17.4475 -3.3130 -0.3142 -16.3395 -4.8905 2.3424 9.7770 -9.0941 10.6554 83.1627 -17.2345 150.5731 -114.5119 204.0512 -42.1441 -62.1076 -72.1479 -20.2426 -263.3512 -12.8473 -98.0202 -95.8387 10.1374 -19.0466 -20.2620 5.4196 -5.7208 5.1547 36.6319 -9.1371 -43.2770 -21.8497 -86.5267 172.4675 153.4458 50.2313 45.7749 -6.2808 -29.2296 15.9048 -1.9823 14.6370 -1.4413 15.4837 217.5369 217.6995 105.6052 34.5009 26.4634 11.5540 12.4259 -5.9125 7.0074 -5.4519 12.6910 242.5694 141.9164 122.3924 52.2400 26.3637 27.1220 15.5664 23.0176 -1.3379 -7.2075 16.7927 
0.0378 2.0493 6.0168 5.0723 3.7391 4.6329 4.2316 2.2127 5.7284 1.5836 2.8010 1.3212 1.4703 1.4429 0.9374 0.9537 1.6499 -0.2285 0.9840 0.7525 0.5402 0.2882 -0.9352 0.2555 -0.5209 -0.1799 -0.0008 0.1754 0.6954 1.3545 1.1071 1.9106 2.5143 1.6302 1.9309 1.8548 3.0401 0.3962 1.0454 1.8336 1.1866 1.0153 0.4725 0.4998 0.9820 0.2092 0.6178 0.1723 0.2463 -0.0440 -0.4154 -0.1666 0.0000 0.3961 1.1968 1.9233 2.7824 2.9994 2.4522 2.9371 0.8820 0.7903 1.1836 1.4998 -1.0778 -1.7723 0.2505 -0.0823 -1.4555 0.6146 -0.9403 -1.0037 -0.2742 -1.5534 0.6057 -0.4148 -0.4391 -6.4415 0.0000 0.0029 0.0450 -0.5788 1.0141 1.1313 -0.4945 -0.9373 -1.2288 0.4176 -1.5349 -1.2046 -0.5083 -0.1832 -1.2341 -0.3230 0.0577 -1.7799 -0.6717 0.4596 -0.4924 -0.8589 -0.2446 -0.7306 -0.7679 -6.2588 3.0664 13.7511 406.2807 628.1668 711.0620 665.9090 566.6132 454.8995 354.5523 367.9368 167.3296 71.8028 66.5300 -54.1998 101.6534 -24.8277 26.1675 20.1791 16.0500 -14.0248 4.2562 -3.8501 1.1934 0.9983 -1.9938 -9.6674 6.8647 86.9692 619.9251 981.8078 1258.7587 1116.0447 932.1731 658.3757 514.5104 300.4883 390.1043 158.0013 75.3806 184.2048 52.0153 96.4808 9.3235 -13.9632 -16.0922 26.9487 22.2572 -13.8994 -10.1555 -6.5772 1.0035 -45.8161 0.0000 5.6387 36.4992 327.7900 296.4176 410.6669 158.7378 312.1010 148.1277 118.3807 -70.9696 9.7478 -108.8220 -118.3662 -30.0506 -83.7929 -20.3558 -26.5209 -10.8270 -24.3437 0.2013 -5.0823 -13.6624 -11.8301 -2.5871 4.4819 -10.9534 24.1475 210.8302 246.5800 549.0372 155.8582 323.5854 -13.3310 -124.6606 -240.2239 -211.8235 -427.4712 -74.1260 -185.7485 -178.9002 -45.6077 -56.3910 -44.9693 -9.2401 -19.7954 -2.0658 31.7256 -17.2032 -57.6164 -25.0674 -132.8385 169.2367 125.2132 27.0996 59.4783 -2.1246 -35.0281 18.5033 -6.0080 17.1169 -3.3702 17.0110 151.5914 173.7429 71.7033 42.5611 35.6403 14.0514 3.8592 -9.6369 10.9047 -3.6861 20.5806 391.4217 146.8504 159.2019 74.5685 58.4316 46.6729 18.4540 30.4131 1.2878 -5.1223 23.9736 
0.0336 2.7582 5.0723 10.0914 4.7338 6.5971 5.8910 2.9695 8.2842 2.2242 4.1058 2.2763 2.5659 2.3925 1.3562 1.7021 2.7414 -0.3964 1.4207 1.3311 0.9234 0.4344 -1.4586 0.3991 -0.6732 0.3543 -0.0016 0.3210 1.3206 1.6383 1.3992 2.9861 3.5427 2.6233 2.6185 3.3233 4.5781 0.6662 1.4031 2.9877 1.6976 1.6927 0.6923 0.6331 1.5097 0.4234 0.9472 0.2003 0.4298 0.0363 -0.4502 0.0551 0.0000 0.4437 1.1522 1.7238 3.0350 3.2596 2.7026 3.7668 1.2193 0.7909 1.6722 2.4456 -0.5797 -2.6847 1.1798 -0.2230 -2.3150 1.0217 -1.5921 -1.5235 -0.2670 -2.5281 0.7381 -0.7862 -0.5766 -10.5148 0.0000 -0.0017 -0.2459 -0.6755 1.6150 1.5834 -0.7356 -1.6605 -1.1374 0.3989 -2.3641 -1.0324 -0.5605 -0.3087 -1.3953 -0.4738 0.0028 -2.4574 -0.9928 0.6674 -0.9098 -1.0022 -0.2598 -1.2696 -1.4302 -9.1933 4.1833 13.2832 435.9084 744.9132 920.8465 898.0723 792.7416 669.7693 543.0722 538.1712 266.7118 126.7920 109.9672 -78.9542 146.3363 -29.8983 41.5719 40.2409 28.8680 -19.7810 5.9260 -9.7482 2.5959 -1.0179 -1.9499 -6.3809 8.9572 124.7797 766.8603 1404.5873 1781.2436 1659.7866 1425.2073 1051.8224 874.0064 492.7194 642.1948 271.5071 157.8646 273.1217 101.7371 156.9171 3.0668 -24.0279 -17.6898 36.4860 37.7354 -15.0339 -15.3774 -9.7712 3.9647 -74.0959 0.0000 7.1719 30.7104 361.9097 335.5424 503.2697 186.6704 461.5117 256.7938 196.1094 -12.2065 39.7709 -102.6089 -147.8484 -32.5886 -112.3164 -16.7641 -39.1498 -6.7333 -34.1592 -3.5132 -11.2774 -20.0264 -13.2503 -3.7732 13.0682 -14.3845 34.1474 253.6947 230.8995 771.8969 285.9393 617.0252 229.6022 -14.9530 -150.3167 -155.3411 -515.7564 -23.3403 -209.1640 -231.1972 -35.9357 -78.5757 -62.4294 -8.7037 -33.7578 -15.9454 64.4929 -24.1096 -73.9153 -29.9042 -202.3181 259.6628 217.9674 59.8498 90.0341 -1.3239 -55.1750 23.5474 -9.9052 29.2457 -5.0851 28.8418 294.7606 300.3293 129.7717 77.8585 60.5796 25.0662 2.3523 -12.1395 18.2774 -11.7428 21.4493 589.7294 299.9409 261.3852 130.9225 92.0419 77.4033 35.8496 43.5046 3.0925 -9.8025 28.5850 
0.0280 1.7368 3.7391 4.7338 6.5927 6.3514 4.9870 3.1565 5.7455 2.7901 3.9226 2.3119 1.9733 1.7540 0.9784 1.4317 2.3024 0.5349 1.3267 0.7803 0.1698 0.5313 -0.6028 0.2300 -0.0191 0.2710 0.0010 0.3626 0.8089 1.2449 1.3773 1.8883 2.5445 1.6219 2.3949 2.0328 2.3856 0.9981 1.5543 1.9772 1.3030 1.4138 0.4233 0.8007 0.9699 0.3250 1.0381 0.2316 0.4106 0.0315 -0.2417 0.0468 0.0000 0.3039 0.8562 2.4046 3.1883 3.9269 6.1820 5.1617 3.1577 4.1398 3.9694 3.7127 0.6347 0.9708 2.1937 1.6833 -0.0588 1.5208 0.0048 0.3981 0.3894 -0.2209 0.6420 0.4315 -0.1064 -3.3586 0.0000 0.0517 0.5978 -0.2046 1.2688 1.6906 0.7616 0.6490 0.4065 1.4868 0.3861 0.0703 0.6148 0.9324 -0.5482 0.0751 0.4936 -0.6337 0.4381 0.4959 0.0732 -0.2363 -0.0886 -0.2091 -0.6171 -3.8212 4.8267 11.6061 380.0173 680.1796 807.5218 766.3064 629.7380 534.2574 388.6382 363.9496 216.6556 142.0475 71.4110 -24.6802 78.8663 -21.7345 19.1899 6.8050 9.0535 -14.3446 5.4505 1.8733 2.0175 -1.6036 -2.7468 -9.5438 14.1915 85.6914 703.8969 1144.3710 1443.6783 1313.3742 1086.8068 788.4898 629.2163 427.4241 402.7374 153.9298 51.1507 157.0747 9.3617 72.5356 2.5697 -5.1833 -14.3391 32.7338 5.2246 -9.6535 -12.6485 -10.4465 4.2764 -32.7553 0.0000 4.8239 39.1787 379.2583 590.1843 712.6405 686.2394 685.5144 490.0715 421.6221 186.8292 175.7967 21.3504 -3.5359 59.9184 -56.3853 -15.0254 -22.7752 3.4301 -21.9353 1.9613 -5.1278 -10.5588 -11.9664 -6.0725 -13.5154 -7.5799 36.1120 256.1008 772.6812 1438.2580 1402.1223 1373.6180 1085.7956 817.6354 395.6708 199.6144 -67.4490 118.1407 -38.3227 -130.6016 -30.6978 -22.7484 -49.9452 -9.1465 -21.6639 3.4694 11.9649 -6.5151 -39.6764 -23.9707 -101.7344 241.9818 169.0342 68.7183 71.1730 13.2099 -15.6699 15.5040 -4.7865 15.5025 -6.5001 8.9748 252.6398 253.7803 115.4851 73.0492 50.4348 19.6665 0.5327 -3.2082 13.5588 7.9563 18.5576 586.9489 229.9747 204.4395 107.9388 86.5084 57.4141 18.3228 29.7202 7.5863 -0.2685 34.4976 
0.0398 3.2351 4.6329 6.5971 6.3514 29.4817 7.3252 5.7450 12.1099 4.1415 6.6551 5.1170 5.5346 4.6756 3.9808 3.0950 3.6058 0.6279 2.6584 2.0526 2.8649 1.9017 -0.5042 1.1648 -0.3586 4.1220 -0.0026 0.1348 1.4765 2.5202 3.0244 3.5602 4.7810 4.6901 3.7878 5.0239 5.8110 2.5052 3.0658 3.4982 2.8019 1.7504 1.6757 1.4662 2.0713 0.9949 1.1976 0.8733 1.4677 0.5867 -0.5680 3.3398 0.0000 0.4364 1.3159 3.1065 5.3729 7.0427 16.8312 10.1785 6.8232 7.8105 7.9261 7.2683 3.2165 2.7897 5.8645 3.3883 0.4898 5.8034 1.3641 -0.1291 1.6907 -0.7054 1.7728 0.8365 0.0519 -3.4706 0.0000 -0.0820 2.2879 -0.6773 2.5321 2.6620 0.8298 0.4271 0.8880 2.5836 -0.6412 1.4795 1.7630 2.2755 0.7475 0.5143 1.9264 -0.9931 0.9116 1.9989 0.8418 0.2526 0.7631 0.0417 -0.5497 -6.0620 3.0252 26.6205 502.8482 1047.4893 1379.9489 1153.4698 1086.1233 920.0461 730.1838 841.5930 462.8877 281.1672 249.6862 25.4525 164.9143 10.3838 38.0125 -0.0134 41.9897 -0.9713 4.3566 9.4510 -4.7000 -0.1993 -2.1635 -7.2911 11.8622 127.6770 1261.0781 2096.5749 2716.0010 2521.9187 2212.0013 1822.8364 1440.7986 876.4016 873.0208 420.7048 266.8290 453.8763 143.4696 154.6146 75.1615 26.6593 22.4816 48.8569 43.3379 -16.2652 -2.6905 -1.0434 -21.4033 -71.5097 0.0000 4.8228 19.4465 768.5253 951.6916 1436.7138 1054.1040 1421.8528 1289.9644 977.5400 636.3938 563.0691 231.1616 58.3543 98.1490 85.6509 69.9566 -31.4486 70.9484 -23.8836 23.4356 3.6092 -30.5496 -15.7388 -2.6151 18.2980 -14.7448 21.9228 458.7270 1316.4926 3103.8421 3458.2496 4065.0908 2728.8130 1946.0363 1571.8297 1145.2296 296.4095 546.1539 187.0091 -45.5575 190.2843 51.7421 34.2986 68.4113 34.3128 36.2042 116.0750 -16.6821 -79.0971 -22.0626 -131.6885 431.1032 296.5932 125.4444 119.9948 11.7461 -45.5922 34.2719 -1.7689 41.3184 -2.7558 29.4242 598.1184 510.8016 242.2149 131.3891 81.0518 55.5909 27.9102 -4.6751 21.0058 -7.3906 31.8658 868.4473 432.5438 379.6731 194.1708 132.8583 108.1886 60.8759 61.2488 4.8722 -6.7951 71.3137 
0.0113 1.6303 4.2316 5.8910 4.9870 7.3252 8.5374 3.5267 8.3029 3.3779 4.2247 2.3611 2.8233 2.3674 1.2559 1.6067 3.2126 0.0042 1.6428 1.3110 0.8045 0.5672 -1.1018 0.6604 -0.2802 0.8474 -0.0014 0.3422 0.8953 1.5434 1.6490 2.3170 3.6603 2.7416 2.7133 3.0968 3.8749 0.8854 1.7733 2.6835 1.7843 2.0164 0.4922 0.8021 1.5187 0.6389 1.1699 0.1324 0.5331 0.1507 0.1100 1.2174 0.0000 0.4226 1.0698 2.0226 3.7552 3.4690 4.8293 4.8673 2.9127 2.7069 4.2027 3.8719 0.9827 -1.3190 3.3244 1.0642 -0.7924 1.7421 -0.4111 -0.3600 0.2689 -1.1464 1.2215 -0.4236 -0.1277 -6.2617 0.0000 -0.0413 0.0201 -0.4207 1.8853 1.8454 0.0782 -0.1421 0.0130 1.4492 -0.9546 -0.0408 0.4683 0.5042 -1.0207 0.2635 0.9337 -1.5604 0.3331 0.6609 -0.2432 -0.1604 0.0229 -0.7340 -1.1551 -5.3649 5.8799 15.4588 378.6487 757.2455 927.0888 904.8832 726.3424 633.2780 507.5978 555.8250 294.5773 143.0910 124.4132 -49.7650 134.5622 -34.7201 39.3269 23.6552 23.6696 -22.2551 8.6364 -3.3670 1.8851 -2.4137 -2.1994 -10.9843 13.2886 114.6480 781.7702 1432.7982 1777.7062 1678.6690 1395.0110 1067.4465 961.3361 527.3072 592.1703 245.4000 110.3267 265.4144 71.2455 133.9370 2.1553 -16.0683 -19.0853 43.9774 20.2858 -6.4198 -12.6490 -11.9703 11.3235 -37.2976 0.0000 5.8369 21.9265 365.7086 481.3140 708.0806 581.3719 716.4200 515.5187 368.2122 184.2363 199.3605 8.2230 -65.3549 27.8065 -64.4890 -8.5669 -31.3764 8.0669 -19.0690 -1.5781 -7.1637 -15.5152 -13.6729 -9.6979 5.2978 -11.9367 35.1241 270.5269 612.4132 1476.9960 1298.9409 1504.6196 1112.1592 680.3399 442.6351 203.0810 -172.5809 137.3280 -10.7362 -148.9548 -23.9632 -40.5477 -54.0510 12.8632 -4.6242 -9.5462 41.0066 -10.7134 -60.1495 -22.7415 -153.9520 255.5775 177.2198 51.1919 101.3578 11.2106 -36.4205 21.8055 -10.4569 29.8532 -5.6475 21.5436 310.4486 291.0428 132.9592 107.5118 58.8891 32.6213 5.7657 -1.5805 21.9107 2.0179 28.3189 604.4271 223.2163 215.9475 132.5904 108.3871 76.5988 28.7287 47.7855 11.4930 -1.4281 41.7865 
-0.0094 0.6880 2.2127 2.9695 3.1565 5.7450 3.5267 5.9384 2.7283 4.1556 2.9955 4.3768 2.6379 2.6855 2.0031 2.3508 1.8313 2.1932 0.9444 1.1412 0.4158 1.1869 1.6588 0.7417 0.7944 3.3436 0.0053 0.3712 0.7608 0.6733 1.0009 1.2582 1.0915 2.4869 2.0859 2.5102 1.2232 1.7416 1.9900 1.0035 1.0403 1.7862 0.9256 1.2934 0.8606 0.8310 1.1206 0.8409 0.6284 0.2456 0.4202 3.1053 0.0000 -0.0155 0.3758 0.6138 2.4731 2.8074 6.3500 3.1054 3.9930 4.1258 3.5644 3.0966 3.8568 3.6398 2.7169 2.6344 2.3994 1.7756 0.8339 1.4362 1.5890 1.3871 0.2256 1.2263 0.9963 3.8767 0.0000 0.0698 0.9743 0.9234 0.8164 1.4102 2.0104 1.8929 2.1273 0.8422 1.7115 2.1770 1.3590 2.0484 1.3119 1.1769 0.9449 1.3673 0.8046 0.8959 1.0576 0.8890 0.6571 -0.0285 0.9432 2.4028 1.7710 8.3422 263.9550 572.1179 709.3750 709.1240 645.9964 647.0743 483.4567 307.4797 236.8548 211.7272 122.9488 110.6394 22.4999 70.5089 18.3684 13.5223 7.3202 10.6784 0.0757 1.8794 5.5801 2.8525 -1.5669 17.9944 10.7164 58.6472 680.5663 1060.4803 1320.9688 1327.8146 1131.9754 1008.3436 684.9812 607.1651 368.4670 281.6426 175.3500 125.1373 47.0689 45.1177 58.8416 59.1475 15.3894 25.2095 12.0368 22.4064 14.7931 5.8295 11.6984 0.9714 0.0000 1.3361 63.2585 353.8985 694.3231 727.7546 893.7903 836.4624 675.5160 546.1106 373.9380 278.4696 201.2111 134.6341 111.3482 75.8289 12.6750 3.2822 10.7866 1.6487 14.5733 4.4537 16.8519 0.3999 0.8858 -6.1668 7.2334 14.9306 241.9383 966.3943 1647.3938 2065.4336 1854.1944 1637.3521 1356.6284 876.0795 671.4486 574.0476 392.5204 227.1249 136.8075 102.0067 97.6296 19.1150 31.6658 7.4570 23.8803 8.4851 2.1939 29.1368 21.0778 32.8341 270.0656 177.0118 143.1588 89.6235 55.3503 32.9927 3.0656 13.8258 2.8923 -0.6661 10.6882 442.1198 288.0449 210.5304 119.9592 77.2239 30.5677 4.9524 11.1306 13.9574 19.8542 27.5958 566.3980 257.3611 204.6394 84.4866 79.2531 45.7189 20.4310 4.4972 10.0073 14.4903 30.4535 
0.0670 3.6533 5.7284 8.2842 5.7455 12.1099 8.3029 2.7283 16.7060 1.2939 6.0806 0.5108 3.8607 2.8595 2.2624 1.3250 3.7584 -2.1795 2.7641 1.7093 2.6609 0.3944 -3.7395 0.7406 -1.8077 -0.0310 -0.0117 0.1527 1.3050 2.7883 2.5911 4.3738 6.6450 3.7524 3.3618 4.0798 8.1746 1.1795 1.6907 4.9776 3.1862 1.6106 1.1525 0.7355 2.6659 0.5669 1.0712 -0.0734 1.1004 0.2990 -0.7731 0.4340 0.0000 0.8654 1.8860 3.3201 4.4705 5.0673 3.8097 7.9256 2.4343 1.9273 5.5284 5.1202 -1.4719 -4.8219 4.3239 0.2262 -3.3430 3.9639 -0.2037 -2.1349 -0.3270 -3.8345 2.9743 -1.3238 -1.1293 -13.6923 0.0000 -0.2226 -0.2551 -2.3933 2.7228 2.2713 -2.4225 -2.4843 -2.2837 2.8960 -4.0647 -2.1565 0.0514 -0.5078 -2.0801 -0.2435 1.6527 -4.1447 -0.6188 1.8502 -0.9721 -1.3865 -0.0739 -1.0014 -2.2831 -12.1411 4.4167 22.4353 510.8666 937.0995 1154.4736 1058.8975 948.2667 670.8845 581.5951 887.8132 389.9249 98.2269 191.1012 -183.9714 296.6371 -107.7006 64.0354 51.4918 51.0504 -34.3177 14.4225 -8.3172 -6.1464 -0.5046 -1.3688 -44.2865 2.5669 163.8941 1008.2670 1849.7148 2456.9077 2200.1600 1967.3029 1413.7458 1404.0638 539.9357 1004.7020 373.9862 193.3475 528.9228 201.2121 269.2962 8.9194 -79.9082 -17.8257 49.6885 60.9939 -46.7749 -30.7612 -15.0690 -7.5397 -78.2727 0.0000 8.3883 -50.5550 433.2594 209.1151 815.7709 125.4869 747.3264 617.2640 435.9399 130.5926 310.0507 -72.4096 -231.7846 -44.5847 -110.9839 39.0801 -35.2783 37.0457 -37.5982 -6.7012 -13.1359 -58.5161 -22.6945 -7.4829 51.5110 -38.6732 41.9352 317.5592 193.3447 1363.2382 637.7236 1796.3942 837.2439 373.0912 521.8088 285.6860 -653.7928 146.8428 -72.2908 -247.7575 51.7705 -88.7665 4.9504 55.9754 32.9968 0.4233 144.8914 -21.5969 -156.8294 -65.6943 -286.4863 345.1361 309.2912 24.2040 116.7234 -35.2571 -114.3328 57.0592 -27.2897 62.9082 -1.7015 51.7567 433.8817 523.2643 202.2174 133.9879 64.2995 51.6614 41.6320 -18.7189 24.3175 -29.6228 47.3240 658.9923 342.4208 326.4149 212.3802 120.8400 104.9623 56.7984 95.0776 1.4759 -27.4420 67.5359 
-0.0284 0.0737 1.5836 2.2242 2.7901 4.1415 3.3779 4.1556 1.2939 6.9849 1.8744 4.7309 1.9273 2.6005 1.6298 2.2935 2.0635 2.7286 0.5446 0.9403 -0.2805 1.1152 2.5107 1.0559 1.0341 2.8082 0.0079 0.6016 0.4698 0.4664 0.7523 0.8643 0.5138 2.2432 2.1020 2.1419 0.0287 1.1999 2.1895 0.1287 0.6926 2.0885 0.4885 1.5117 0.8269 0.9757 1.1899 0.9181 0.3333 -0.0297 0.8876 3.6893 0.0000 -0.0510 -0.0146 0.0185 2.0347 1.8659 6.3224 1.7049 3.4531 3.6868 3.0824 2.6572 4.2145 3.5741 2.0491 2.8189 3.1674 0.9663 0.4080 1.7437 1.6605 2.0092 -0.0536 1.0997 0.9413 5.4575 0.0000 0.0602 0.8654 1.1687 0.5195 0.9122 2.3778 2.1687 2.6942 0.3712 1.9154 1.8610 1.2455 2.2603 0.5967 1.1205 1.0991 1.4292 0.8128 0.6097 1.4696 1.0366 0.4850 -0.4861 1.1346 3.6411 1.9093 9.9276 168.1436 470.4175 576.9876 638.3838 498.4565 642.9207 433.6822 249.1863 193.9911 195.2749 122.3111 145.8161 -7.2728 87.3721 14.3070 9.2046 -7.2297 10.8627 -2.7520 1.9108 9.9178 6.7296 -3.5047 18.3398 12.0686 48.3409 599.4155 826.8258 1160.3140 1208.5179 995.8543 950.7230 515.2044 624.0203 250.8254 248.3700 117.3639 78.8342 -13.0198 10.8344 60.0600 72.2843 -0.0449 29.4219 -2.0144 30.5383 24.6071 2.3044 27.7477 13.3495 0.0000 0.3036 71.5806 317.7425 620.1894 591.3916 921.7261 729.7800 574.8019 449.0214 314.9623 256.1216 222.0626 115.1698 117.5019 86.9749 -22.4670 -3.7127 -12.6231 1.6406 18.5179 1.6502 36.3954 -3.5302 -2.3058 -17.8039 11.8208 10.6378 203.1295 852.4076 1520.8756 2044.9335 1567.9066 1495.7106 1263.1399 680.3997 543.2848 614.8806 351.9088 203.7212 119.3781 32.7815 83.6121 -28.1631 15.8954 1.0396 18.6981 -32.8597 7.1093 43.0122 33.7612 44.9198 237.5866 161.3699 144.9396 106.2959 74.4145 49.0898 -10.3299 12.5919 -7.2197 -2.7720 6.6461 335.4674 231.9922 187.4969 104.3042 62.1081 16.9618 -4.0053 13.0255 15.4605 33.1763 36.4726 585.6276 216.8013 181.2063 44.8394 80.1820 22.4903 2.3862 -9.5549 15.1020 24.0037 21.6442 
0.0525 1.7698 2.8010 4.1058 3.9226 6.6551 4.2247 2.9955 6.0806 1.8744 6.5709 2.4118 2.7666 2.0182 1.7765 2.2091 2.1264 0.6642 1.7688 1.0951 0.6857 0.6287 -0.7694 0.2733 -0.0463 1.6677 -0.0010 0.2309 0.9858 1.4321 1.0867 2.0967 2.8046 2.0874 2.4605 2.2544 3.8269 1.9567 1.7537 3.0071 1.6768 1.3555 0.9141 1.1885 1.5686 0.4651 1.3507 0.3549 0.7948 0.1846 -0.4883 0.7516 0.0000 0.2068 0.9027 1.4364 2.3117 4.0464 6.1546 5.8711 3.4229 4.9461 4.6755 4.3707 1.2070 2.6063 3.0598 2.5390 0.5310 3.0434 0.8613 1.0019 0.9423 -0.2080 1.2334 1.0919 0.4185 -1.0368 0.0000 0.1008 1.0991 -0.3831 1.2387 2.2473 0.6289 0.9045 0.7157 2.3783 0.8605 0.4439 1.2357 1.2574 -0.0238 0.7514 0.8865 0.1259 0.2930 1.2987 0.3952 -0.0577 0.1316 0.1224 -0.2608 -2.1266 3.1039 7.7176 310.6715 593.8675 745.8012 690.8807 707.4483 578.9881 431.8253 370.3754 273.3449 207.1558 110.5936 -9.1250 133.1040 7.2139 30.4450 15.8377 15.6975 3.6136 3.4617 -1.0565 4.2623 -0.8774 -0.9899 -10.8347 7.2419 79.6795 690.0296 1145.9496 1527.9177 1422.2257 1315.7363 962.2542 785.5320 552.8573 622.4917 263.2107 190.1156 239.5301 98.6621 139.4406 36.3232 -4.3858 7.7734 36.3033 33.4058 -13.2722 -10.3860 -1.7539 7.5713 -30.5081 0.0000 4.1289 16.9273 322.6369 493.9806 671.3604 597.9143 770.2879 614.4240 631.1975 340.4424 314.9866 183.8605 70.5500 117.4280 3.7802 43.7815 4.1939 39.4464 -19.8226 11.8990 -0.5297 -13.4909 -3.6318 2.9633 11.4830 -9.9790 41.7566 232.6526 726.2665 1479.6402 1445.9870 1703.9933 1533.0341 1227.7052 857.6799 664.5134 197.7964 402.2393 170.5993 34.5509 139.1200 78.2157 52.4853 43.1910 8.1325 36.9551 72.0777 4.6315 -24.1576 -23.1745 -54.0010 293.5299 222.3725 111.8429 82.5453 17.2194 -18.9805 27.1989 2.7354 18.7510 -1.9920 25.8566 451.7164 377.4996 211.5667 103.8021 80.4013 32.2854 22.5281 -4.5387 13.9518 -3.3342 34.8722 449.4375 223.5136 187.8840 102.6077 68.5507 57.9357 17.9969 25.7678 1.7812 -10.3767 33.0156 
-0.0119 0.4487 1.3212 2.2763 2.3119 5.1170 2.3611 4.3768 0.5108 4.7309 2.4118 7.8154 2.6365 3.4502 2.6315 2.9367 1.4324 3.2857 0.5239 1.0137 0.3998 1.6445 3.0374 0.7658 1.1047 4.2173 0.0092 0.3510 0.5719 0.6550 0.6772 1.1670 -0.0813 2.8453 2.0262 2.7145 0.2814 2.1680 2.2978 0.3990 0.7691 1.7325 1.1963 1.5773 0.6520 0.8283 1.2567 1.3876 0.6471 0.1408 0.2624 3.3090 0.0000 -0.2197 -0.1227 -0.7948 1.5055 1.8745 5.6071 1.3560 2.9292 3.4366 2.3887 2.0027 4.3967 5.0839 1.2172 2.7895 2.9907 1.1827 0.4136 1.6091 2.0123 1.8708 -0.8805 1.8594 1.1801 5.5053 0.0000 0.1281 1.1105 1.3105 0.1737 0.9782 2.3653 2.0362 2.3228 -0.2502 1.9462 2.3927 1.1652 2.6543 1.7286 0.8823 0.1998 1.9596 0.3187 0.8048 1.3740 0.7131 0.8279 0.0193 1.7474 2.9128 -0.7444 5.5272 183.7350 451.7326 579.4294 644.1767 620.2338 693.8207 510.1353 199.4746 193.1300 239.8646 115.6380 167.1262 -30.5857 123.4654 9.5368 13.9450 -1.4112 19.7155 -6.9710 3.9114 8.3270 6.6979 -2.5185 33.7482 10.8557 37.5129 647.4597 922.0445 1233.8995 1285.5837 1136.8318 1080.7871 556.0801 675.3791 274.4949 291.9836 191.6132 60.6260 17.3059 -0.6058 81.6899 92.3202 17.6062 11.6207 8.4302 29.6174 26.6406 12.9950 10.2067 -12.8313 0.0000 -0.9136 75.8956 306.2785 635.8235 511.4244 733.3485 668.5679 533.7993 451.8438 276.8092 194.4900 183.4291 143.8101 96.4284 97.0105 -10.0745 -6.6422 -11.1826 -8.6877 17.3061 6.0990 32.6937 3.8995 5.8699 -12.2813 15.4810 3.9946 194.6181 830.3261 1319.9061 1872.7279 1486.0034 1292.5123 1195.1454 597.5558 540.3300 627.9990 316.7677 140.8874 134.1865 83.7619 103.1742 -10.1079 -2.3963 -19.3194 17.9889 -15.5883 -7.8498 57.3349 33.5437 63.9035 260.9209 147.2487 159.5029 84.4302 67.9731 54.7205 -9.0543 21.6150 -9.2377 -0.9187 2.6263 421.6476 205.8911 195.3986 91.7077 73.5924 14.8290 -5.2626 9.5807 8.8100 27.9345 23.0593 554.6018 253.1055 226.1394 50.0872 72.9088 36.5781 17.4080 -16.6982 4.8824 19.7089 20.8105 
0.0113 0.9044 1.4703 2.5659 1.9733 5.5346 2.8233 2.6379 3.8607 1.9273 2.7666 2.6365 4.1153 2.1425 2.0389 1.6877 1.3199 0.9651 1.1487 1.0869 1.4023 0.9234 0.4051 0.6212 0.2521 3.2284 -0.0004 0.0907 0.6362 0.7341 0.9394 1.5086 1.6556 2.1376 1.3696 2.1482 2.3019 1.5714 1.4476 1.6205 1.1853 1.0966 0.9181 0.8964 1.0201 0.5942 0.8558 0.6110 0.8452 0.4508 0.1922 2.8926 0.0000 0.0340 0.4640 0.6338 1.8545 2.3247 4.0789 3.2819 3.0861 2.8297 3.2529 2.8997 2.9521 1.9237 3.0031 1.8229 1.1817 2.3471 1.1109 0.7217 1.3273 0.2977 0.8171 0.7300 0.6101 1.6092 0.0000 0.0003 0.8516 0.3421 0.9588 1.1593 0.6977 0.8101 1.3439 1.2296 0.6068 1.6738 1.2423 1.2564 1.4770 1.0633 1.0529 0.8833 0.5813 1.1356 0.5830 0.6372 0.7394 0.4058 0.3625 1.4588 -0.0650 5.1752 181.4718 400.7399 518.1824 495.3665 536.0336 461.2424 390.1581 332.8311 231.3912 161.2258 126.7118 49.1831 71.3352 39.6482 25.6816 23.0519 20.8820 6.0047 1.7854 1.0871 -0.1149 0.3078 0.9349 7.9320 2.9508 51.4700 493.2045 882.4582 1034.4605 1050.6770 942.1872 825.3490 711.0824 452.4189 418.7975 256.8831 201.5834 177.9937 121.9402 87.6102 52.9246 28.8509 27.1581 19.6249 27.0554 10.2525 7.8266 9.6682 1.7037 -2.5465 0.0000 1.0468 15.5696 236.8086 414.5809 553.6441 504.2532 669.3397 602.7034 458.0871 362.2885 285.9135 184.3663 97.1415 72.6103 83.5501 52.1966 11.1379 37.1031 10.2560 6.1707 5.7572 -1.8971 5.5011 3.3242 23.8710 -0.0367 6.5636 178.5164 600.7332 1223.0578 1405.4462 1620.0328 1315.1854 997.5824 878.8738 700.5432 416.3376 401.4770 259.9936 154.6568 176.9188 100.0278 68.1469 58.2391 40.5110 26.8995 59.3045 9.4811 3.8203 6.9670 12.4807 230.6772 168.1413 100.8453 64.8558 21.6592 1.4679 14.6845 6.9743 14.5589 1.8702 17.2667 420.3704 293.6219 183.5329 105.2453 59.9068 34.0779 19.7711 7.2688 11.2897 1.3049 23.4226 393.0663 263.3639 187.3069 98.2510 60.1656 50.2378 31.3537 20.0175 3.9173 -0.3789 27.4987 
0.0041 0.8393 1.4429 2.3925 1.7540 4.6756 2.3674 2.6855 2.8595 2.6005 2.0182 3.4502 2.1425 3.9105 1.9710 1.7765 1.4740 1.2822 0.9494 0.9285 1.0898 0.9916 1.0552 0.7576 0.2634 2.8660 0.0013 0.2383 0.4734 0.7694 0.9052 1.3021 1.0589 2.3157 1.4770 1.9810 1.6691 1.3765 1.5300 1.1861 1.0555 1.1242 1.0105 0.8700 0.8977 0.6806 0.8042 0.7730 0.6700 0.2406 0.2016 2.7753 0.0000 0.0582 0.2746 0.3480 1.5053 1.8952 3.1626 2.1615 2.4412 2.2323 2.6771 2.3276 2.8144 1.8529 2.0266 1.7579 1.4992 1.8678 0.9806 0.7453 1.2538 0.6068 0.6569 0.8275 0.6099 2.6923 0.0000 -0.0252 0.4668 0.1874 0.7628 0.7281 0.7589 0.7757 1.4211 0.8542 0.4284 1.4769 1.0625 1.6307 1.0404 0.8889 0.9406 0.6604 0.4831 1.1418 0.8417 0.4996 0.7150 0.0595 0.8688 1.4686 -0.8300 6.8961 174.6406 379.9217 468.6461 481.0520 461.8420 457.5584 349.8807 287.2934 187.3285 142.8151 117.8308 72.0171 50.9961 51.5673 20.9774 22.1874 11.2193 11.1543 0.2067 0.4473 1.6051 4.6568 -0.8248 7.1253 2.7241 41.0657 483.8161 723.9061 987.6754 987.3391 890.2442 809.1612 575.6130 454.6664 336.0254 262.2932 183.9413 162.7242 79.5486 60.2342 68.4590 42.7871 20.4698 21.7114 19.7912 13.8120 13.9538 10.3273 4.5468 2.2744 0.0000 0.3643 21.4867 224.7543 343.2343 434.1707 415.9817 515.7080 471.6388 357.5740 238.1098 235.5762 135.2820 69.0095 63.8216 82.1492 28.1182 6.9289 14.8374 2.1254 12.3622 2.8817 9.0129 -0.0849 2.4945 15.1878 1.5215 1.0293 148.9527 440.3273 935.4399 1133.3247 1263.4586 959.6082 819.9955 636.2798 543.5367 399.5449 320.2747 197.0342 138.0977 135.8228 90.4703 50.4670 50.6580 35.1914 26.2765 28.7668 5.1151 12.6827 15.3922 24.5189 240.6050 190.4631 116.2583 77.4214 35.7039 13.2381 7.9922 7.9283 7.6073 2.1812 14.1314 421.6612 317.9589 213.5686 116.5371 61.7130 27.9187 17.6265 6.9918 11.6542 10.4590 31.0495 434.6600 247.7333 195.3259 81.2453 60.8122 35.5327 25.1226 13.5743 5.6599 6.1877 32.3935 
0.0145 0.8023 0.9374 1.3562 0.9784 3.9808 1.2559 2.0031 2.2624 1.6298 1.7765 2.6315 2.0389 1.9710 2.8473 1.3078 0.5343 1.1470 0.7245 0.7680 1.3471 0.9423 1.0337 0.5859 0.1309 2.6731 0.0004 0.0703 0.3537 0.7183 0.7526 1.2217 0.8404 1.7871 1.0477 1.6643 1.5887 1.4823 1.4166 0.8540 0.9679 0.6617 1.0774 0.8594 0.7920 0.5241 0.6094 0.7687 0.7057 0.2692 -0.0386 2.3855 0.0000 0.0173 0.2296 0.1204 1.0415 1.5731 1.8707 1.7487 1.8700 1.6225 2.0497 1.6079 2.1998 1.9738 1.5050 1.4154 1.2894 1.8149 1.0187 0.5611 1.0968 0.4795 0.4431 0.8388 0.4821 2.7304 0.0000 -0.0321 0.5888 0.0654 0.2675 0.4887 0.4179 0.5663 0.7170 0.7461 0.2383 0.8961 0.8022 1.2475 1.2763 0.5648 0.7441 0.6918 -0.0048 1.1344 0.7794 0.2703 0.6949 0.2537 1.0431 1.5892 -2.5540 3.7834 142.1609 291.7140 348.7020 366.2634 411.1106 364.1616 297.3160 224.9198 145.1136 119.0441 101.7508 62.2561 41.3768 49.8770 13.1622 24.2364 10.3367 13.0958 -1.2541 0.4188 -0.6662 5.7390 -0.2934 5.8961 -1.5158 28.6453 422.7560 583.6893 803.1660 776.3229 749.9664 683.6077 469.9265 350.0064 269.8998 227.0928 154.9235 132.8254 77.3188 45.7153 65.8568 35.8498 22.6864 7.9889 20.5573 8.6817 13.3270 13.1509 -2.6203 -0.3917 0.0000 -0.6292 10.6365 176.2943 259.1625 346.7089 265.5017 418.0481 408.7339 307.9073 195.6729 208.2406 108.0956 50.3674 38.4823 81.5717 30.0310 9.2054 14.2627 0.7519 8.0538 2.9844 4.5199 3.2071 5.6074 20.2982 0.4809 -3.7046 115.2068 336.2180 680.3169 856.5604 1066.9309 721.1579 653.7696 550.1404 486.5479 344.3112 258.7433 160.7910 140.4065 132.6108 81.1424 56.0841 38.2360 33.3741 24.9622 31.8355 1.3425 7.6414 10.8685 32.8445 169.2545 128.8396 81.7012 42.5066 20.9333 9.8589 9.2096 7.7639 6.0806 3.5295 10.3730 298.4741 214.2281 148.3524 71.1329 40.0087 16.6960 17.2660 2.0018 3.7086 5.3429 23.9224 267.1727 184.0511 153.3598 51.3486 32.8385 22.4961 21.7658 8.1602 -0.8547 1.4947 22.3329 
0.0045 0.4171 0.9537 1.7021 1.4317 3.0950 1.6067 2.3508 1.3250 2.2935 2.2091 2.9367 1.6877 1.7765 1.3078 2.7710 1.0856 1.4576 0.6348 0.7132 0.2142 0.7300 1.0523 0.4578 0.4880 2.4181 0.0032 0.2495 0.5492 0.4373 0.2891 0.7606 0.5298 1.5245 1.2541 1.5252 1.1546 1.2643 1.2332 1.0077 0.6457 1.1690 0.6597 0.9391 0.7369 0.5657 0.8474 0.5515 0.3786 0.0922 0.1254 2.0503 0.0000 -0.0713 0.1534 -0.3558 0.7437 1.3661 3.7956 1.5543 1.9376 2.4296 1.5980 1.7530 2.2391 2.7425 1.3005 1.7589 1.4628 1.3079 0.4267 1.0766 1.0408 0.7469 0.2289 0.9151 0.7905 2.7725 0.0000 0.0915 0.6974 0.5257 0.3559 0.9626 1.0653 0.9531 1.2486 0.4660 1.0890 1.3014 0.7907 1.2877 0.7560 0.8497 0.4898 1.0749 0.2974 0.7418 0.7258 0.5164 0.3949 -0.0423 0.7151 1.5560 0.5469 3.8061 103.1743 250.8901 340.6583 362.2971 379.2450 402.0621 308.0408 157.1220 147.1308 161.0488 79.1429 74.8223 28.8970 58.0043 14.3347 11.0720 6.7091 16.4626 -0.9593 -2.1005 6.3706 2.8932 -0.6628 12.7263 4.0551 27.7246 339.1104 528.5188 741.9675 782.6844 729.4426 641.1874 407.3150 426.2270 306.2632 201.8225 157.9369 104.3704 54.1609 55.2035 52.4404 36.0096 14.8010 22.4152 18.7699 15.4814 12.4479 6.8816 11.3314 -2.2620 0.0000 0.8309 33.7277 163.8400 317.1286 292.2870 390.8333 410.4582 334.7470 341.5845 223.6682 172.4532 169.1194 102.8338 86.0830 60.7966 21.8802 8.1970 11.8055 -3.6673 15.8280 2.0146 14.6736 1.8928 3.5989 3.3644 4.7309 10.6742 113.1800 396.4482 743.4586 951.1115 893.7234 892.0110 772.1908 499.6495 442.9740 388.6779 305.3156 161.7472 120.2839 118.4649 86.0615 42.5448 28.3865 7.0194 23.4455 24.0308 3.6550 27.7782 15.7345 34.9919 187.4080 134.8368 112.2708 61.2081 39.2314 22.4292 5.1983 10.8146 0.0928 0.4624 11.4478 342.9844 228.6921 170.7910 89.3206 65.7634 21.3177 7.7713 4.4791 9.7656 8.0759 26.1436 292.7290 156.1504 121.5194 41.7062 41.5185 27.6052 8.8357 -3.8378 3.6382 3.7919 13.3599 
0.0028 0.6441 1.6499 2.7414 2.3024 3.6058 3.2126 1.8313 3.7584 2.0635 2.1264 1.4324 1.3199 1.4740 0.5343 1.0856 3.1473 0.0996 0.8724 0.7082 0.2395 0.2560 -0.3612 0.4683 -0.0071 0.7088 -0.0005 0.2560 0.4852 0.6061 0.7064 1.0161 1.7197 1.3951 1.3690 1.3992 1.8961 0.3804 0.8361 1.5576 0.8636 1.2368 0.1888 0.5079 0.9013 0.4421 0.6944 0.0361 0.2732 0.0604 0.2987 1.2335 0.0000 0.1827 0.4683 0.8015 1.5929 1.6255 3.3258 2.5896 1.8087 1.9281 2.3549 2.3460 1.0891 -0.0832 1.9462 1.0226 0.1157 1.1358 0.0707 0.2738 0.3247 -0.1991 0.9163 -0.0944 0.1198 -1.4695 0.0000 -0.0072 0.1931 -0.1164 1.1049 1.0271 0.2678 0.1676 0.6315 0.9125 -0.0776 0.4748 0.4674 0.5200 -0.5141 0.5220 0.6744 -0.3457 0.4532 0.5045 0.1684 0.1765 0.0221 -0.4215 -0.5193 -1.3535 3.1875 7.8136 138.2931 312.1293 398.4801 397.0431 318.1093 311.6040 236.5790 262.0007 147.7660 84.5520 74.7895 -7.0613 71.6725 -9.0548 22.0326 12.9145 12.4132 -4.6925 5.0498 -1.8566 3.0333 -0.1166 -1.0775 -5.3115 5.7781 52.2219 335.6218 616.6009 822.3379 806.8935 687.7863 542.4973 475.8810 311.7418 337.0397 144.3039 77.5855 153.5185 48.2345 82.9890 14.4952 -3.4074 -2.3201 31.3568 12.6996 1.0577 0.2673 -6.1955 13.2772 -6.6049 0.0000 2.8764 10.3326 172.3172 228.0606 339.3444 335.5685 382.7678 293.4743 240.6688 147.9055 148.8155 78.5424 1.3174 42.8962 -5.9596 10.5714 -4.6879 10.4837 -3.7808 6.8496 -2.8952 -1.4840 -6.9940 -4.8381 4.8585 -5.6763 18.7855 125.9709 302.3739 804.1585 791.7445 864.4931 751.1381 521.8237 379.7538 251.0489 54.2688 187.6159 84.4267 -13.1250 33.8814 7.6804 3.1822 24.1300 10.6786 7.1046 28.7914 4.3421 -21.3091 -4.1913 -51.5530 161.2497 133.5269 56.4808 67.8565 18.0517 -12.2743 10.6753 -4.4036 13.1985 -1.7770 16.0031 248.4783 235.2676 124.7534 88.4847 46.3665 24.9139 7.7758 2.0934 14.4538 2.8875 24.8476 309.9032 124.7646 105.3841 64.8429 56.6214 33.8038 11.3682 20.0983 6.9763 0.1805 22.3806 
-0.0157 -0.3994 -0.2285 -0.3964 0.5349 0.6279 0.0042 2.1932 -2.1795 2.7286 0.6642 3.2857 0.9651 1.2822 1.1470 1.4576 0.0996 3.6924 -0.0299 0.3584 -0.1907 0.9415 2.5005 0.3389 1.0849 2.6022 0.0074 0.2380 0.0749 -0.1651 -0.0066 -0.1087 -1.0350 0.9185 0.6626 0.8164 -1.2772 1.2982 1.3821 -0.4759 0.0064 0.9032 0.5468 1.0771 -0.0013 0.4457 0.7016 0.8659 0.2610 0.0878 0.3540 2.3691 0.0000 -0.2844 -0.4238 -0.8142 0.2068 0.5785 2.9205 0.2358 2.0204 2.6898 1.2983 1.0092 3.3192 4.7388 0.7396 2.2312 2.9746 0.4790 0.8465 1.8763 1.4971 2.3057 -0.6677 1.6537 1.1238 7.2902 0.0000 0.1250 0.6706 1.2246 -0.5051 0.4404 2.1491 2.1833 2.1854 -0.0117 2.5391 2.3156 1.1708 1.9123 1.9542 0.9095 0.3861 2.4391 0.7057 0.4110 1.2759 0.9999 0.6105 0.5228 1.5805 5.5713 -0.8916 -2.0970 22.8622 104.3455 131.8507 208.2229 211.2618 295.2618 210.0942 -35.4336 61.7082 145.8483 36.8098 135.8232 -67.7556 87.1547 -5.9031 2.0546 -9.6506 17.7502 -4.0384 5.5474 5.7875 4.4133 -1.1913 26.1734 7.3101 -7.3180 211.0256 220.8506 290.9090 380.4463 351.0187 409.7656 136.9493 354.4914 25.0359 131.5710 98.8278 -44.7355 -16.4270 -39.0832 54.0331 71.8887 20.5947 6.0585 -8.5525 29.2113 22.1993 11.3096 8.7759 20.8324 0.0000 -2.0410 53.0835 101.9339 408.9968 234.1374 555.2219 386.5618 327.6377 311.4028 250.8066 151.8221 180.9559 181.6188 106.0802 99.7075 1.5867 16.0102 -5.3999 10.0501 12.1077 6.2665 31.4468 6.9940 4.9114 -16.0525 15.5291 -1.1960 69.0486 572.0797 718.6790 1275.5847 850.7453 973.5659 998.0685 566.5556 501.9239 692.5594 312.4967 218.3186 203.4751 93.3929 111.4849 25.3541 6.6845 0.6231 24.3206 -31.7601 12.5245 68.1661 33.0809 116.4340 146.5239 76.7032 121.8285 44.5957 57.4751 64.6508 -9.2177 17.6291 -15.0092 0.3747 -5.9674 285.7780 133.3599 147.3074 77.4996 56.8684 12.7766 -0.7145 14.0663 4.1509 26.7017 18.0211 253.1003 114.9837 90.8961 7.1959 32.0292 8.5235 2.2091 -24.0293 4.2507 16.7388 7.1719 
0.0239 0.7253 0.9840 1.4207 1.3267 2.6584 1.6428 0.9444 2.7641 0.5446 1.7688 0.5239 1.1487 0.9494 0.7245 0.6348 0.8724 -0.0299 1.5304 0.4073 0.6085 0.2230 -0.5210 0.2453 -0.1104 0.8410 -0.0023 0.0989 0.2702 0.5495 0.5531 0.8138 1.2837 0.8126 0.8098 0.7158 1.6878 0.6723 0.6665 1.2769 0.7517 0.4328 0.3765 0.4001 0.7096 0.2020 0.4595 0.1432 0.3930 0.1482 -0.0597 0.8356 0.0000 0.1302 0.3550 0.8803 0.9545 1.5832 2.0142 2.5252 1.5428 1.9270 2.1708 2.0317 0.6604 0.6112 1.7285 1.0668 0.3172 1.5439 0.8223 0.4490 0.5034 -0.0618 1.0282 0.3631 0.1423 0.4845 0.0000 -0.0061 0.2547 -0.3314 0.6457 0.7571 0.0179 0.3132 0.4749 1.3571 0.2584 0.2994 0.7498 0.5941 0.2365 0.5687 0.7725 0.1498 0.4903 0.7591 0.2681 0.1624 0.1942 0.2778 -0.0965 0.1367 0.7125 3.4158 112.8816 215.5697 264.4416 230.8277 226.5359 174.6866 137.7100 183.0116 118.0809 65.9612 57.3488 -9.1951 70.1857 -5.8427 16.9035 7.0385 8.2492 -0.2566 2.8871 0.9136 -0.1479 -0.5169 0.1531 -9.4309 1.3760 27.4567 224.5646 387.2410 514.4857 490.7814 445.6293 333.8212 331.8110 198.9713 249.6312 114.6833 89.7627 121.0687 64.2576 67.6817 20.8190 -1.8509 9.7866 19.3243 15.0248 -4.4598 -3.5818 1.4453 2.3369 2.1705 0.0000 1.4722 -6.5696 109.6082 130.1031 269.5955 211.0561 303.2988 285.5783 254.6348 180.3876 176.4558 95.5131 43.5519 56.7053 26.7703 34.6870 10.8567 26.1905 3.3655 4.6254 1.9356 -7.3172 -1.0730 1.0507 13.8132 -5.3203 10.3227 81.0416 224.9669 546.6530 514.0672 742.2669 649.9233 503.2643 475.3891 375.9679 148.1376 230.8776 148.6421 67.1567 104.2382 55.4211 48.5657 44.5001 33.4624 23.9341 38.2926 12.9626 -12.9749 -7.1966 -8.1076 144.4162 124.4350 52.9166 44.4129 6.4083 -9.7018 14.7877 -0.2009 10.9326 0.5541 13.4806 246.8128 225.8979 125.9202 68.1037 36.6343 21.9601 20.4111 2.3740 8.9749 -1.1192 22.0099 193.4151 120.4173 84.9612 57.3170 32.2337 24.0499 11.7676 18.9239 2.7148 -4.8741 20.4371 
0.0003 0.3837 0.7525 1.3311 0.7803 2.0526 1.3110 1.1412 1.7093 0.9403 1.0951 1.0137 1.0869 0.9285 0.7680 0.7132 0.7082 0.3584 0.4073 1.5299 0.5830 0.2813 0.1764 0.3244 0.1179 1.3858 0.0000 0.0528 0.4162 0.2752 0.3749 0.6400 0.7225 0.9735 0.6037 1.0687 1.2125 0.5572 0.7787 0.7467 0.5358 0.5774 0.4013 0.4175 0.5078 0.3355 0.2951 0.1618 0.3537 0.2176 0.2608 1.4950 0.0000 0.0422 0.2848 0.2390 0.7461 0.8155 1.4087 1.2267 1.3501 0.9867 1.3095 1.0710 1.3101 0.5092 1.2814 0.6821 0.6326 1.0107 0.4994 0.2722 0.5925 0.1523 0.5184 0.1705 0.2854 0.9806 0.0000 -0.0128 0.2531 0.1428 0.4842 0.4976 0.3554 0.2852 0.6324 0.5146 0.2121 0.7868 0.4657 0.4314 0.5131 0.6736 0.6417 0.2444 0.3287 0.5598 0.2798 0.2940 0.3099 -0.0428 0.1329 0.9549 0.0408 1.9709 77.4289 173.6013 223.1584 202.3741 222.2156 196.7622 154.4085 141.0955 88.9506 49.9234 60.6569 24.8552 34.1858 16.8375 12.1110 14.5116 8.9759 4.4797 1.3006 -1.0833 0.6730 0.8525 0.6886 3.1839 -0.5910 27.0666 221.6187 375.7547 452.5198 443.6243 402.8572 348.5176 291.5010 185.4954 192.2513 130.2202 96.9942 82.0341 60.2137 48.1701 22.9871 13.1880 14.0080 6.4412 15.4083 2.9937 5.8573 1.6941 4.6222 3.3450 0.0000 0.6062 9.3926 104.4721 151.0500 235.0124 210.1022 274.0105 241.1120 186.5149 140.9068 115.7719 85.9096 26.9387 25.8544 30.7794 24.5009 10.7009 15.5232 6.6044 4.5960 1.2976 -0.3294 2.0455 1.4714 9.9620 -1.6295 4.5309 78.6024 256.2489 504.4346 579.0571 643.9321 535.9897 420.5173 381.7621 315.4887 181.8435 188.0702 130.2945 82.3170 72.7492 42.8267 39.9624 32.7396 18.6688 16.5752 30.6028 5.9953 1.5437 5.3602 8.4507 99.3431 89.0528 53.1415 34.8512 14.4999 -0.1348 5.2031 4.0371 5.6585 2.6477 14.3308 209.7126 158.7993 102.3297 56.2062 29.0297 19.8536 12.0272 4.0999 5.1573 -0.7951 14.0317 176.4446 125.7862 84.1962 49.5542 28.5074 17.8068 14.8520 7.3439 2.5998 2.9008 14.9177 
0.0194 0.6862 0.5402 0.9234 0.1698 2.8649 0.8045 0.4158 2.6609 -0.2805 0.6857 0.3998 1.4023 1.0898 1.3471 0.2142 0.2395 -0.1907 0.6085 0.5830 2.8951 0.3750 -0.2208 0.3248 -0.3394 1.3224 -0.0040 -0.1291 0.1138 0.5128 0.6820 0.9963 1.0914 1.0449 0.2487 0.9448 1.8201 0.6581 0.7834 0.8926 0.7894 0.0309 0.6878 0.2355 0.5531 0.1748 0.1455 0.3054 0.5987 0.3269 -0.0521 1.4555 0.0000 0.1128 0.3536 0.5897 0.7994 1.0408 -0.1583 1.6693 0.9089 0.2295 1.5521 1.0255 0.8649 -0.2485 1.3392 0.3636 0.0853 1.5612 1.0389 -0.1920 0.4862 -0.3148 0.9042 0.0451 -0.0408 0.1968 0.0000 -0.1094 0.1151 -0.4200 0.4528 0.1178 -0.4640 -0.3198 -0.0301 0.8446 -0.6784 0.4786 0.4557 0.2863 0.9716 0.3482 0.7618 0.0425 0.0653 0.9123 0.2447 0.0464 0.5519 0.4859 0.2572 0.4205 -2.5443 1.5650 82.1927 140.3632 148.9725 141.6937 196.8471 102.6146 121.9069 193.5146 84.4050 20.1260 72.6411 -4.5281 55.7289 -2.3359 12.2379 26.0130 17.2552 0.8298 3.0307 1.8904 -5.9482 2.8435 1.2520 -5.0172 -5.2617 20.8355 205.5835 320.2552 384.0492 347.8766 360.9327 321.5234 351.4665 112.5199 197.2495 137.3457 106.5625 132.0635 97.9554 54.6182 37.3828 3.1349 24.7723 2.9103 17.7871 -3.5089 5.6536 8.0387 -11.1996 4.8555 0.0000 -0.3767 -22.4901 73.3170 35.0425 199.8981 -12.4299 213.4346 264.4158 141.7876 117.5818 155.7059 36.2645 -4.2005 -11.2965 53.7332 45.3994 14.5124 22.4794 11.2741 -1.1644 1.4267 -11.4330 2.2329 2.8783 30.7344 -7.1457 -8.7487 62.6606 84.7097 317.4139 314.1075 713.2582 319.1615 259.8710 431.8466 365.4805 131.2720 178.2470 141.5987 102.5674 123.0881 38.7528 72.3827 43.9260 50.6593 17.9796 49.4246 9.2069 -20.5943 -3.7258 5.8472 95.3095 83.5260 20.1864 18.0684 -5.8483 -14.9846 15.5469 -1.8529 14.2740 4.8301 12.4551 199.6524 173.6071 90.8012 56.9309 19.1611 21.3533 25.0385 1.1452 1.9661 -6.5574 16.6883 105.1525 135.5238 106.4842 60.9481 23.2049 21.7802 29.8687 21.9476 -4.0184 -5.5711 23.5654 
