0.0519 0.0477 0.0526 0.0443 0.0280 0.0405 0.0117 -0.0100 0.0671 -0.0285 0.0525 -0.0118 0.0113 0.0041 0.0145 0.0045 0.0029 -0.0157 0.0239 0.0003 0.0194 -0.0065 -0.0331 -0.0052 -0.0171 -0.0174 -0.0001 -0.0024 0.0025 0.0257 0.0062 0.0247 0.0327 -0.0021 0.0104 -0.0098 0.0620 0.0142 0.0114 0.0398 0.0145 -0.0160 0.0057 0.0090 0.0223 -0.0096 0.0095 0.0011 0.0084 -0.0045 -0.0197 -0.0309 0.0000 0.0079 0.0233 0.0293 0.0050 0.0447 -0.0040 0.0622 -0.0169 0.0260 0.0166 0.0275 -0.0543 0.0029 -0.0098 0.0132 -0.0197 0.0332 0.0124 0.0022 0.0022 -0.0221 0.0284 0.0118 -0.0109 -0.0290 0.0000 0.0015 0.0058 -0.0285 0.0020 0.0158 -0.0286 -0.0150 -0.0237 0.0353 -0.0102 -0.0425 0.0001 -0.0056 -0.0214 -0.0069 0.0039 -0.0078 -0.0120 0.0215 -0.0010 -0.0239 -0.0079 0.0140 -0.0111 -0.0538 -0.0307 0.0423 4.0506 4.6252 3.6970 2.5892 4.5153 2.1398 1.5204 3.0861 2.3125 1.5071 1.2629 -0.9873 2.9285 -0.4575 0.4633 0.2026 0.1225 0.1166 0.0140 0.1159 0.0083 0.0527 0.0025 -0.6447 -0.1143 0.6717 6.2488 5.7151 9.8989 6.6801 8.1393 2.5836 2.9434 2.7649 6.7477 1.4992 2.3725 3.4496 2.2728 2.3551 0.7413 -0.7536 0.3040 0.4343 0.6316 -0.6858 -0.2349 0.0619 -0.0504 -0.3160 0.0000 0.0590 -0.5060 1.7485 -2.9290 0.2895 -5.6826 -0.7490 0.0836 3.6503 0.5700 3.1133 1.6224 0.1163 0.9215 0.0917 1.1682 0.5223 0.7058 -0.1429 0.1774 0.0660 -0.3632 -0.0543 0.2099 0.6970 -0.3247 0.4265 1.6401 -1.3446 -2.0678 -11.9792 -2.9605 -2.4932 -1.2683 1.4251 3.6550 -3.2088 3.6978 1.3086 0.6495 3.2029 0.9939 1.8291 0.8112 0.8232 0.9985 1.4433 0.4756 -0.9133 -0.8063 -0.5697 1.5476 1.7519 -0.1450 0.2797 -0.4905 -0.7953 0.5787 -0.1536 0.1952 0.0183 0.4099 1.4754 3.1029 1.0828 -0.0865 0.2996 0.0378 0.7313 -0.2879 0.0401 -0.3383 0.6506 -1.3538 0.6037 0.8755 0.4660 0.0461 0.1733 0.0281 0.3392 -0.2690 -0.5488 0.2963 
0.0477 5.0262 4.0428 4.5857 2.5682 4.5897 2.5765 0.9699 5.3439 0.1100 2.4366 0.5450 1.2455 1.1504 1.0685 0.5315 0.9854 -0.6879 1.0002 0.5498 0.9703 0.3032 -1.3451 0.0880 -0.7923 -0.2865 -0.0034 -0.0206 0.4354 1.3489 1.0305 1.9784 2.3017 1.3301 1.4661 1.5673 3.1212 0.5273 0.7409 1.8018 1.2064 0.4098 0.6188 0.3223 0.9024 0.0124 0.3722 0.2735 0.4293 0.0625 -0.8031 -0.7376 0.0000 0.6128 1.0224 1.9331 2.0171 2.1894 0.7938 2.6835 0.0536 0.4478 1.0428 1.3185 -1.5603 -1.7941 0.1686 -0.2984 -1.8086 1.1378 -0.6211 -1.2956 -0.2670 -1.8828 0.5609 -0.1727 -0.7100 -6.7133 0.0000 -0.0521 -0.3191 -1.1144 0.6294 0.7609 -1.1445 -1.3820 -1.5396 0.5174 -1.9217 -1.6760 -0.4524 -0.1747 -0.9500 -0.5826 -0.1505 -1.9273 -0.9328 0.7124 -0.5861 -1.0725 -0.2474 -0.4747 -0.7139 -6.6599 0.9185 9.0045 295.7234 436.4013 523.0229 457.0663 429.0991 304.7900 243.8738 322.0296 135.0584 38.5218 53.6328 -77.2737 107.8043 -29.8685 24.6505 16.3991 13.8280 -16.0874 1.2879 -1.7246 -2.0395 -0.2112 -1.2909 -14.8395 2.6694 65.9419 441.5064 742.3787 1014.9030 880.7766 785.7648 550.7134 438.6777 204.6833 346.1375 142.8326 74.0809 173.6566 64.8039 90.4867 2.4488 -17.4549 -9.4778 11.2635 26.4811 -24.2952 -16.6757 -2.7824 -10.1357 -54.8358 0.0000 4.1147 0.0844 225.1003 70.0339 253.6241 -95.4528 174.6247 109.8214 90.7142 -60.0823 22.3976 -105.6177 -113.8472 -29.4533 -67.1958 -2.3330 -23.7264 3.8668 -25.2607 -4.9683 -1.4651 -23.6550 -8.0224 2.0569 14.5262 -13.4401 15.3019 125.0943 -38.0554 185.6387 -234.6424 204.6749 -163.2138 -204.4068 -188.4234 -112.3144 -438.8825 -61.7248 -166.0725 -157.2983 -3.2754 -40.9068 -33.1870 3.7368 -9.3236 3.2942 50.3976 -15.3178 -64.7180 -31.6518 -131.1284 200.0897 176.5079 43.9709 55.7650 -13.7655 -45.3904 21.9325 -4.9527 21.0912 -2.1432 20.5406 230.5989 246.1599 108.7586 35.0363 29.2178 13.4080 14.8357 -9.8768 9.1797 -9.2102 16.0241 288.7525 155.6543 147.6032 63.8061 33.3381 36.4838 19.9935 33.0129 -2.3810 -10.9615 21.5737 
0.0526 4.0428 10.5230 7.5290 5.2413 5.7435 5.2226 3.0668 6.5776 2.2581 3.4843 2.0550 1.7829 1.9128 1.3050 1.3142 1.9499 0.0374 1.1576 0.9702 0.5799 0.4315 -0.7593 0.3312 -0.5074 0.0182 0.0002 0.2227 0.9338 1.7256 1.3971 2.3347 2.8635 2.0188 2.4459 2.2500 3.5086 0.5802 1.3878 2.0709 1.4109 1.2855 0.6630 0.6972 1.1560 0.2957 0.7793 0.2969 0.2970 -0.0725 -0.4731 -0.0609 0.0000 0.8304 2.2363 3.2651 4.1030 4.0238 3.1129 3.3916 1.0711 1.0665 1.1790 1.6361 -1.2021 -1.7524 -0.0322 -0.0184 -1.4928 0.5869 -1.1390 -1.0839 -0.2557 -1.6511 0.6016 -0.3465 -0.4552 -6.9477 0.0000 0.0428 -0.0101 -0.4644 1.1561 1.3850 -0.4232 -0.9697 -1.3949 0.3482 -1.6480 -1.4178 -0.6612 -0.1183 -1.4302 -0.3942 -0.0304 -1.9638 -0.8948 0.5535 -0.4895 -1.0431 -0.2877 -0.9139 -0.6741 -7.0774 3.5350 17.3519 555.2759 843.5156 935.4208 876.6042 754.0985 615.9588 470.8442 445.5693 211.8073 104.8727 86.8505 -43.2670 115.5520 -17.5661 30.3776 25.1018 17.3395 -13.0965 4.3527 -4.3394 2.2438 2.2982 -2.6600 -8.8505 8.6076 110.2687 849.9314 1269.1452 1609.0005 1409.2260 1169.0065 827.6403 603.3391 391.7931 455.9349 203.3660 99.5620 211.2835 57.9599 108.9238 19.9856 -7.5902 -17.3288 31.7656 26.7077 -13.8038 -8.8613 -6.5184 2.1730 -52.8405 0.0000 7.1314 62.8919 447.3203 440.3787 544.0364 254.5218 399.7646 180.1681 151.7235 -98.2086 0.3544 -133.3238 -135.9369 -34.0107 -98.9792 -29.6368 -30.2893 -17.9345 -29.8879 2.2617 -5.3580 -12.4328 -14.0021 -2.2315 2.0460 -11.3855 29.9072 285.5674 405.8443 706.7652 238.3328 339.6760 -62.3995 -168.2018 -356.3036 -294.7841 -498.6423 -105.9107 -237.1529 -206.8285 -61.5101 -62.3216 -55.1790 -14.4262 -27.9445 0.3860 29.8028 -21.4993 -61.9973 -26.7282 -146.6693 204.1876 148.3229 39.4972 70.4452 2.1722 -35.5719 19.7565 -4.7581 16.7111 -3.7671 18.9184 172.7062 195.2679 84.9723 46.6456 43.2024 14.2038 2.7964 -11.5430 11.9586 -1.6949 25.3052 478.6479 172.5463 190.4263 80.3565 66.3379 51.6027 19.9336 31.4630 1.0753 -3.8844 27.7949 
0.0443 4.5857 7.5290 12.3671 5.6114 7.5581 6.6493 3.3237 9.2971 2.4621 4.6138 2.5207 2.9209 2.6813 1.5935 1.8902 3.0168 -0.4526 1.6218 1.5118 1.0999 0.4735 -1.6146 0.4709 -0.7563 0.5308 -0.0021 0.2726 1.4572 1.8928 1.5840 3.3666 3.9982 2.9421 2.8994 3.6319 5.1848 0.7523 1.5556 3.3380 1.9061 1.8367 0.7944 0.7223 1.7291 0.4715 1.0457 0.2224 0.5104 0.0525 -0.4714 0.2074 0.0000 0.8650 1.8902 2.5302 3.9301 3.7094 2.8710 4.1806 1.1880 0.8335 1.7695 2.6774 -0.6891 -3.0340 1.2895 -0.2657 -2.5424 1.1807 -1.6952 -1.6868 -0.2614 -2.8154 0.9139 -0.8772 -0.6376 -11.3748 0.0000 0.0188 -0.5524 -0.6969 1.7522 1.7779 -0.9241 -1.8613 -1.2811 0.4748 -2.6371 -1.2010 -0.6242 -0.3907 -1.5602 -0.4905 0.0504 -2.6903 -1.1202 0.7939 -0.9912 -1.1204 -0.2839 -1.3838 -1.5691 -9.9724 4.4822 15.3978 508.9042 860.2922 1048.8184 1013.2384 902.4361 757.6671 614.2524 611.3132 306.4240 144.4635 130.6598 -83.1639 168.9612 -31.1483 47.6790 44.9499 32.8769 -20.5355 6.5910 -10.3876 2.7917 -0.9167 -1.9865 -7.8144 9.1389 141.3816 889.0304 1595.3544 2004.9938 1858.5603 1592.4978 1170.7012 976.9232 550.0582 720.3279 306.5265 185.3529 310.1492 123.4462 179.2388 7.9185 -26.0892 -16.9942 40.8937 44.2592 -16.7395 -15.9159 -10.0029 4.7028 -79.4269 0.0000 8.1684 37.0478 418.9231 380.2217 574.9920 206.1624 516.1346 288.3983 219.4590 -11.6557 50.1494 -107.3276 -163.2055 -37.8080 -119.6171 -14.4989 -40.4897 -5.0300 -35.6686 -3.2129 -11.2173 -22.3210 -14.2363 -3.5082 17.3600 -16.1904 37.6205 294.3607 282.9490 867.2327 300.9938 671.0015 233.9162 -47.3424 -171.1542 -169.0874 -573.4240 -19.7220 -221.1073 -244.2994 -29.7738 -81.3439 -60.9124 -4.4227 -32.2119 -14.0978 75.1038 -25.2110 -82.1153 -33.0942 -219.5276 281.0260 236.7112 62.5348 98.5875 -2.8228 -62.3741 26.6484 -10.8314 32.3423 -5.1381 33.0701 317.2431 325.2821 139.3308 82.5470 64.7147 27.5942 4.6212 -13.5404 20.0952 -13.9885 25.0465 629.5076 322.1692 280.9696 140.6924 98.3439 83.6438 39.0656 48.0815 2.7592 -11.5000 31.2388 
0.0280 2.5682 5.2413 5.6114 7.3250 6.6276 5.3140 3.4265 5.7752 3.1228 4.0592 2.5623 2.0878 1.8743 1.0241 1.5609 2.4353 0.6949 1.3624 0.8420 0.1144 0.5707 -0.4701 0.2787 0.0724 0.4638 0.0016 0.3923 0.8888 1.2979 1.4384 1.9252 2.5763 1.7049 2.4965 2.1066 2.3408 1.0319 1.6443 1.9797 1.3124 1.5390 0.4216 0.8621 0.9990 0.3741 1.1024 0.2512 0.4124 0.0373 -0.1562 0.2740 0.0000 0.5089 1.3218 3.0868 3.7328 4.1943 6.6640 5.2868 3.3102 4.3656 4.0537 3.8447 0.8512 1.1483 2.3120 1.8095 0.0978 1.5023 0.0169 0.5146 0.4633 -0.0933 0.6457 0.4629 -0.0386 -3.0098 0.0000 0.0730 0.5823 -0.0158 1.3244 1.8061 0.9146 0.8099 0.5833 1.4824 0.5549 0.2258 0.6715 1.0077 -0.5016 0.1513 0.5341 -0.5057 0.5133 0.4884 0.1262 -0.1503 -0.0762 -0.2257 -0.5906 -3.4993 5.1350 12.2034 403.9005 724.9951 856.7516 815.1176 668.5635 576.8102 420.7220 379.5896 232.6080 157.2765 78.8577 -14.4380 78.1507 -17.1535 20.2945 6.9633 9.2752 -13.4899 5.6838 2.0359 2.6992 -1.6287 -2.8201 -7.9428 15.1967 90.1656 751.0582 1212.3472 1508.4341 1379.7591 1132.2068 828.0640 656.7571 461.6528 414.6893 164.2132 58.8773 158.3920 10.5221 73.6359 5.3939 -1.3084 -13.5301 35.5089 4.8553 -6.6737 -11.2036 -10.3904 6.3299 -30.0901 0.0000 5.0935 47.2882 404.8502 645.0161 757.7601 756.4689 730.6676 519.6715 444.1294 207.8496 185.8042 34.4407 7.7155 67.5233 -52.8090 -15.7005 -21.9678 3.2280 -20.3061 2.9326 -4.7664 -8.1781 -11.9057 -6.4126 -14.9785 -6.4023 37.3353 275.9632 853.0912 1539.9584 1524.2916 1442.0334 1168.8329 874.8843 423.9312 216.4247 -33.3347 135.5601 -25.5353 -122.3330 -28.9012 -17.8979 -50.6106 -8.3155 -21.3943 4.3519 9.2107 -5.2296 -35.9545 -21.5805 -97.3705 251.1844 173.7927 75.2511 75.2245 16.8897 -12.3240 14.6752 -4.1475 14.7123 -6.8087 8.6577 264.6538 259.7106 120.9168 78.1762 53.4939 20.5863 -0.5962 -2.1368 14.5036 9.6019 19.5970 615.6513 240.2357 209.6640 110.0254 90.4887 58.8872 18.2067 28.8383 8.6379 1.0271 34.8620 
0.0405 4.5897 5.7435 7.5581 6.6276 29.8451 7.4634 5.8412 12.1378 4.2382 6.7016 5.2475 5.6289 4.7524 4.0505 3.1544 3.6318 0.7009 2.6837 2.0874 2.8947 1.9393 -0.4381 1.1845 -0.3226 4.2705 -0.0024 0.0226 1.4103 2.6271 3.0666 3.6176 4.8227 4.7690 3.8149 5.0709 5.8036 2.5626 3.1114 3.5053 2.8220 1.7814 1.7064 1.4932 2.0833 1.0152 1.2208 0.8999 1.4907 0.6049 -0.5435 3.4683 0.0000 0.7593 1.7096 3.6830 6.1282 7.3588 16.9917 10.3311 6.8307 7.9197 7.9823 7.3279 3.3273 2.9032 5.9397 3.4480 0.5678 5.8395 1.4155 -0.0803 1.7486 -0.6456 1.7780 0.8734 0.0878 -3.2441 0.0000 -0.0931 1.9680 -0.5706 2.5814 2.7404 0.8506 0.4892 0.9747 2.5906 -0.5662 1.5760 1.8082 2.3282 0.8300 0.5587 1.9503 -0.9087 0.9436 2.0189 0.8734 0.2942 0.7906 0.0668 -0.5090 -5.8642 3.0102 26.7544 514.8620 1068.5815 1403.2109 1174.9246 1107.9965 939.1346 745.9739 850.4264 471.5525 288.6573 254.2174 30.8509 164.8718 13.2880 38.4838 0.4577 42.4463 -0.3802 4.4112 9.6831 -4.6715 -0.1876 -2.1153 -6.4049 12.0775 129.4297 1285.8735 2132.1410 2748.2634 2553.9941 2236.3532 1845.4670 1458.3175 891.9086 879.4574 428.3802 273.6228 455.6213 146.6716 155.0276 77.5322 29.0229 23.9154 49.3444 43.6138 -15.0691 -1.9455 -0.5013 -21.3211 -70.2981 0.0000 4.8476 22.3827 780.4232 977.3830 1461.2904 1083.2789 1446.4020 1310.4920 991.8592 649.9559 570.9844 238.0742 65.1715 101.3078 89.6090 71.3145 -30.4661 71.7442 -22.7731 23.7131 4.0251 -29.9710 -15.3666 -2.4606 18.4187 -14.2651 21.9152 468.7621 1357.6688 3155.2873 3521.2330 4115.8155 2773.9767 1981.0747 1598.8390 1166.1104 318.9360 558.2485 196.8983 -37.3833 195.7500 55.9783 36.6468 69.8845 35.6429 37.2155 116.1367 -16.0067 -77.3810 -21.0187 -128.0274 436.9976 299.8228 128.9712 121.1168 12.9997 -44.1368 34.2181 -1.2163 41.1499 -2.6830 29.3503 608.7975 516.0641 246.5282 133.9964 82.5513 56.3682 28.0248 -4.1528 21.1851 -6.9280 32.1203 880.7401 440.8476 384.3336 196.3846 134.2529 109.2378 61.7422 61.1178 5.0701 -6.3710 71.9984 
0.0117 2.5765 5.2226 6.6493 5.3140 7.4634 8.6877 3.5290 8.3705 3.4199 4.2332 2.3852 2.8481 2.4023 1.2841 1.6128 3.2348 0.0101 1.6593 1.3304 0.8312 0.5753 -1.0911 0.6775 -0.2762 0.8936 -0.0014 0.2813 0.8670 1.5718 1.6770 2.3769 3.7063 2.7789 2.7247 3.1115 3.8887 0.8940 1.7887 2.6910 1.8021 2.0275 0.5032 0.8073 1.5327 0.6505 1.1748 0.1352 0.5455 0.1598 0.1317 1.2866 0.0000 0.7494 1.4144 2.6037 4.2296 3.5081 4.8399 4.9063 2.8399 2.7340 4.2459 3.9074 1.0106 -1.3327 3.3798 1.0788 -0.7615 1.7681 -0.3736 -0.3464 0.2887 -1.1293 1.2528 -0.4285 -0.1222 -6.1711 0.0000 -0.0584 -0.2060 -0.3478 1.8772 1.8743 0.0471 -0.1128 0.0462 1.4750 -0.9480 -0.0173 0.4890 0.5164 -1.0000 0.2881 0.9677 -1.5473 0.3545 0.6771 -0.2296 -0.1427 0.0374 -0.7273 -1.1436 -5.2678 5.8608 15.5967 384.4716 767.9151 937.4539 914.3265 734.7575 639.9926 512.9727 562.6550 298.6021 144.5829 127.4394 -48.1531 135.8986 -34.4205 39.7296 24.2656 23.9638 -22.1388 8.7682 -3.3121 1.7988 -2.3530 -2.1719 -11.0959 13.2209 115.8195 794.0796 1448.6144 1792.8735 1691.9612 1404.5547 1075.9642 970.8528 531.5042 595.5980 249.1147 112.5928 268.0502 73.2779 134.9031 3.1873 -15.6585 -18.4920 44.2341 20.4670 -6.0707 -12.3499 -11.8326 11.4643 -36.1514 0.0000 5.8511 22.4925 370.8613 489.4538 720.4613 593.0936 727.4015 525.9396 373.3343 189.7369 204.7670 10.8887 -64.3756 28.4469 -62.6720 -7.6839 -30.6937 8.5686 -18.2931 -1.5375 -7.0941 -15.4767 -13.6273 -9.7591 5.8010 -11.9822 35.0442 275.1150 628.4562 1500.1013 1323.5644 1529.7208 1130.1815 692.6050 457.1560 213.2711 -165.0081 142.5470 -4.7712 -144.8495 -21.8053 -39.2055 -52.4909 14.3824 -2.9738 -9.0578 41.2984 -10.1819 -60.1586 -22.4257 -152.7710 257.6158 179.4430 51.9195 101.9608 11.4273 -36.3543 21.8996 -10.4765 30.0154 -5.5335 21.7275 313.9164 294.9023 134.9635 109.0151 58.9064 33.0343 6.1671 -1.3703 22.0116 2.1089 28.7041 610.6351 227.8698 218.4180 134.3408 109.2145 76.8279 29.2122 48.2361 11.6794 -1.2498 42.4378 
-0.0100 0.9699 3.0668 3.3237 3.4265 5.8412 3.5290 6.0073 2.6260 4.1914 2.9615 4.4240 2.6528 2.7012 2.0224 2.3644 1.8101 2.2382 0.9315 1.1467 0.4168 1.1995 1.7233 0.7535 0.8211 3.4219 0.0055 0.4044 0.8300 0.6905 1.0211 1.2445 1.0485 2.4857 2.0683 2.5044 1.1660 1.7530 1.9987 0.9628 1.0237 1.7865 0.9324 1.3014 0.8504 0.8402 1.1183 0.8535 0.6312 0.2511 0.4440 3.1862 0.0000 -0.0521 0.5098 0.6427 2.6201 2.9726 6.4805 3.0684 4.0342 4.1131 3.5491 3.0668 3.9463 3.7142 2.7203 2.6581 2.4697 1.7683 0.8635 1.4735 1.6220 1.4421 0.2151 1.2463 1.0219 4.1153 0.0000 0.1169 1.0133 1.0540 0.8025 1.4206 2.0603 1.9496 2.1775 0.8216 1.7642 2.2348 1.3787 2.0747 1.3664 1.2051 0.9581 1.4338 0.8265 0.8999 1.0851 0.9219 0.6762 -0.0147 0.9853 2.6149 1.6838 8.2291 262.6947 571.0664 707.3404 707.4079 645.7515 649.1418 484.9988 304.8170 237.2754 213.4937 124.2137 114.8301 20.5418 72.9240 18.2110 13.5424 7.1486 11.4065 -0.0480 1.9721 5.6569 2.9527 -1.5244 18.6859 10.6283 57.8685 681.1155 1057.2336 1312.9405 1322.7214 1126.5276 1008.0565 681.9896 609.7720 364.0737 283.3817 177.8025 122.7636 47.7074 43.6518 60.3107 60.9198 16.3260 24.9959 11.9727 23.3770 15.5666 6.2771 11.9281 2.4470 0.0000 1.2489 64.3966 354.2286 699.4222 729.7439 902.2252 839.8737 679.7472 548.3056 379.0797 280.7499 206.1096 139.1044 112.8900 79.5298 13.3876 4.2573 10.9870 2.6110 14.8744 4.7553 17.6840 0.7667 1.0521 -6.1065 7.7231 14.3017 242.4806 976.7950 1653.7471 2083.5078 1861.8294 1649.1593 1367.9116 886.3994 681.6634 591.6910 398.8128 234.3700 144.4999 105.2575 100.9081 21.0508 32.7188 8.4879 24.5356 7.7899 2.7835 31.2034 22.3464 37.2208 269.7627 176.6572 144.8136 89.5157 56.3430 34.5049 2.5827 14.3029 2.3567 -0.5246 10.5174 444.3080 287.3289 211.7927 120.4515 77.3463 30.6351 4.9722 11.5735 13.8832 20.2314 27.6388 567.0157 259.6714 204.8799 84.0914 79.0268 45.1842 20.4409 3.7082 10.1291 14.9334 30.2994 
0.0671 5.3439 6.5776 9.2971 5.7752 12.1378 8.3705 2.6260 16.7268 1.2984 6.0540 0.5167 3.8480 2.8647 2.2647 1.3291 3.7656 -2.1814 2.7667 1.7140 2.6630 0.3922 -3.7386 0.7457 -1.8077 -0.0193 -0.0117 -0.0347 1.0879 2.8312 2.5517 4.4425 6.6849 3.7897 3.3565 4.0757 8.1724 1.1782 1.6898 4.9820 3.1892 1.6143 1.1522 0.7364 2.6738 0.5704 1.0716 -0.0757 1.1004 0.2990 -0.7664 0.4531 0.0000 1.5340 2.3772 4.1114 5.1693 4.9136 3.5807 7.9363 2.1750 1.9446 5.4870 5.1276 -1.5201 -4.8483 4.3304 0.2212 -3.3410 3.9655 -0.2026 -2.1338 -0.3203 -3.8368 2.9844 -1.3304 -1.1274 -13.6777 0.0000 -0.3158 -0.8561 -2.4102 2.7256 2.2765 -2.5240 -2.5087 -2.2590 2.9008 -4.0683 -2.1611 0.0511 -0.5139 -2.0829 -0.2334 1.6606 -4.1438 -0.6170 1.8543 -0.9713 -1.3835 -0.0727 -1.0053 -2.2841 -12.1223 4.4138 22.4602 511.1467 938.0261 1155.3115 1059.6420 949.1445 672.0875 582.6724 889.0281 390.7995 98.6281 191.8977 -183.6043 297.2516 -107.5032 64.2461 51.6459 51.1578 -34.1611 14.4418 -8.3784 -6.1047 -0.4800 -1.3554 -44.3028 2.5014 164.0742 1009.2325 1851.0228 2458.2996 2201.8724 1968.8162 1415.0608 1405.5973 541.1680 1006.4461 375.0294 194.5074 529.9063 202.1608 270.0286 9.2725 -79.9170 -17.6759 49.8824 61.2395 -46.6394 -30.6367 -15.0302 -7.3593 -77.9807 0.0000 8.4003 -50.4960 433.4675 208.4513 815.8984 125.3818 747.5680 617.4848 436.0586 131.2625 310.8106 -71.2341 -231.6118 -44.4409 -110.4854 39.4381 -35.0315 37.2148 -37.4060 -6.5894 -13.1158 -58.4180 -22.6696 -7.4688 51.7738 -38.6688 41.9192 317.8978 192.9344 1362.9754 636.1990 1795.5133 837.7902 372.1645 522.9565 287.0425 -652.4380 148.5363 -70.6420 -246.4008 52.8001 -88.2323 5.6717 56.5426 33.4612 0.5963 145.2208 -21.4356 -156.7264 -65.5270 -286.1884 345.0857 309.6629 24.3320 116.9131 -35.1704 -114.3760 57.0825 -27.2926 62.9199 -1.6593 51.9203 434.3304 523.8871 202.6198 134.2727 64.3835 51.7475 41.7584 -18.6942 24.3780 -29.7095 47.5139 659.2045 343.1873 326.5675 212.5645 120.9301 104.9511 56.8051 95.0787 1.5146 -27.4677 67.5335 
-0.0285 0.1100 2.2581 2.4621 3.1228 4.2382 3.4199 4.1914 1.2984 6.9764 1.8781 4.7273 1.9338 2.5992 1.6302 2.2932 2.0611 2.7266 0.5435 0.9432 -0.2773 1.1144 2.5112 1.0566 1.0351 2.8176 0.0079 0.6588 0.5219 0.4757 0.7813 0.8707 0.5125 2.2376 2.0967 2.1467 0.0282 1.1984 2.1871 0.1282 0.6911 2.0874 0.4893 1.5102 0.8263 0.9765 1.1879 0.9165 0.3343 -0.0273 0.8914 3.6995 0.0000 -0.0858 -0.0037 -0.1050 2.0581 2.0214 6.4643 1.6912 3.4830 3.6510 3.0822 2.6406 4.2373 3.5708 2.0512 2.8152 3.1685 0.9675 0.4111 1.7429 1.6607 2.0091 -0.0517 1.0965 0.9434 5.4673 0.0000 0.1057 0.9379 1.3287 0.4950 0.9309 2.3843 2.2014 2.6830 0.3631 1.9164 1.8687 1.2462 2.2569 0.6036 1.1243 1.1020 1.4330 0.8149 0.6105 1.4688 1.0403 0.4873 -0.4854 1.1343 3.6583 1.9018 9.9049 167.8062 469.9966 576.5523 637.7537 498.4640 642.6860 433.7769 249.2259 194.1055 195.1834 122.5193 146.0025 -7.2773 87.4599 14.3324 9.2936 -7.1327 10.9209 -2.7373 1.8896 9.9065 6.7196 -3.4816 18.4161 12.0202 48.3480 599.0320 826.8632 1158.9706 1207.5197 995.0113 950.2710 515.6577 623.6781 251.0046 248.6474 117.8961 78.8760 -12.4733 11.0000 60.1104 72.2945 0.1269 29.3477 -1.9115 30.6048 24.6677 2.3311 27.7494 13.4925 0.0000 0.2994 71.5797 317.4542 620.1035 591.5778 921.6467 730.0988 575.2144 449.0250 315.6239 256.2440 222.5661 115.3866 117.3439 87.2273 -22.1939 -3.5426 -12.4932 1.7989 18.5134 1.6732 36.3818 -3.4682 -2.2913 -17.6823 11.8295 10.5788 203.1991 852.9566 1521.1167 2045.4858 1568.6472 1496.5291 1263.2089 681.9880 544.5985 615.9457 352.6289 204.7113 120.2379 33.3168 83.8160 -27.6708 16.1351 1.2128 18.7306 -32.6052 7.1550 43.1224 33.8599 45.2354 237.3169 161.3122 144.9708 106.1774 74.3914 49.0828 -10.3345 12.6163 -7.2091 -2.7332 6.7098 335.8952 232.0655 187.5948 104.4237 62.1067 17.0485 -3.9615 13.0654 15.4431 33.0837 36.4266 585.0809 217.2386 181.1434 44.9826 80.1222 22.5065 2.4815 -9.5750 15.0913 24.0067 21.6151 
0.0525 2.4366 3.4843 4.6138 4.0592 6.7016 4.2332 2.9615 6.0540 1.8781 6.5822 2.4199 2.7551 2.0126 1.7686 2.2155 2.1270 0.6740 1.7673 1.0926 0.6714 0.6263 -0.7625 0.2711 -0.0394 1.6678 -0.0009 0.2357 0.9735 1.4880 1.0777 2.1078 2.8077 2.0883 2.4630 2.2431 3.8098 1.9589 1.7537 3.0046 1.6717 1.3575 0.9095 1.1917 1.5677 0.4646 1.3541 0.3536 0.7912 0.1821 -0.4864 0.7488 0.0000 0.3077 1.2324 1.6971 2.5021 4.1123 6.2504 5.9239 3.3430 4.9704 4.6810 4.3786 1.1875 2.6295 3.0568 2.5500 0.5468 3.0395 0.8623 1.0175 0.9470 -0.1950 1.2308 1.1000 0.4246 -0.9945 0.0000 0.1250 0.9756 -0.3663 1.2338 2.2995 0.6203 0.9190 0.7306 2.3830 0.8846 0.4496 1.2398 1.2614 -0.0244 0.7583 0.8856 0.1412 0.2992 1.2960 0.3997 -0.0534 0.1292 0.1244 -0.2584 -2.0955 3.1241 7.6819 310.1095 593.0749 744.8887 690.0390 706.7139 579.1247 431.4560 368.5453 273.1917 207.8849 110.2972 -8.5670 132.7758 7.5364 30.3854 15.6284 15.5523 3.7746 3.4420 -1.0466 4.3540 -0.8890 -0.9949 -10.7640 7.2876 79.4634 689.0011 1143.6954 1525.4111 1420.3815 1314.1136 960.5566 783.2539 553.7028 622.1006 262.7394 190.1924 238.7175 98.2815 139.3050 36.3612 -4.2573 7.8020 36.4456 33.3368 -13.1659 -10.3381 -1.7756 7.7582 -30.3234 0.0000 4.1326 17.2646 322.4543 495.3233 671.0281 600.6904 770.7198 614.2088 632.6522 341.5686 315.2424 185.4362 71.9031 118.4276 3.9959 43.8249 4.3866 39.4844 -19.7897 12.0462 -0.4996 -13.2888 -3.6053 2.9850 11.2731 -9.8876 41.9188 232.5755 728.7923 1481.2803 1449.4961 1703.0650 1537.4039 1231.9809 859.0884 665.9136 200.8582 403.8803 171.7002 35.4248 139.4993 78.8509 52.7158 43.1675 7.9820 37.1603 71.8544 4.8049 -23.6790 -23.0600 -53.2805 293.5185 222.2835 112.2975 82.6050 17.4850 -18.6412 27.1201 2.8187 18.5759 -2.0156 25.8168 451.8781 377.3494 211.7640 103.8222 80.6270 32.2409 22.4615 -4.5023 13.9658 -3.2477 34.9300 449.3031 223.1563 187.3598 102.3090 68.5523 57.8359 17.7634 25.4917 1.8114 -10.3422 32.8868 
-0.0118 0.5450 2.0550 2.5207 2.5623 5.2475 2.3852 4.4240 0.5167 4.7273 2.4199 7.8152 2.6512 3.4509 2.6333 2.9379 1.4326 3.2838 0.5252 1.0147 0.4012 1.6438 3.0358 0.7665 1.1032 4.2177 0.0092 0.4228 0.6474 0.6998 0.7102 1.1594 -0.0780 2.8373 2.0256 2.7176 0.2842 2.1705 2.2999 0.4014 0.7694 1.7316 1.1971 1.5781 0.6542 0.8286 1.2570 1.3874 0.6477 0.1404 0.2619 3.3098 0.0000 -0.4079 -0.1797 -1.2225 1.4626 2.0555 5.7091 1.3517 2.9657 3.3928 2.3968 1.9887 4.4148 5.0833 1.2138 2.7900 2.9870 1.1855 0.4142 1.6087 2.0105 1.8684 -0.8774 1.8590 1.1795 5.5054 0.0000 0.2137 1.1639 1.4009 0.1515 0.9860 2.3747 2.0420 2.3093 -0.2555 1.9461 2.3908 1.1639 2.6537 1.7256 0.8816 0.2015 1.9576 0.3174 0.8072 1.3743 0.7114 0.8277 0.0182 1.7474 2.9100 -0.7503 5.5366 183.9014 452.0009 579.6879 644.2706 620.5474 694.1102 510.2407 199.7807 193.2877 239.8811 115.8320 167.1068 -30.2948 123.4992 9.5929 13.9831 -1.4032 19.7571 -6.9781 3.8946 8.3363 6.7115 -2.5174 33.6978 10.8230 37.5668 647.8820 922.2993 1234.7972 1286.2632 1137.6805 1081.2808 556.3166 675.6187 275.1580 292.3003 191.9170 61.0071 17.5576 -0.3494 81.7871 92.2766 17.6265 11.6365 8.5354 29.5664 26.6450 13.0021 10.2319 -12.8402 0.0000 -0.9104 75.8428 306.3992 635.2205 511.3365 732.6743 668.4347 533.7578 452.0313 276.7416 194.7220 183.6661 143.6697 96.4439 97.0685 -9.9693 -6.5861 -11.1315 -8.7035 17.3442 6.1030 32.6789 3.8971 5.8914 -12.1951 15.4516 4.0111 194.6632 829.7016 1319.3435 1871.2748 1485.5186 1291.9774 1194.6661 597.5802 540.7201 627.7550 317.0977 141.0675 134.3739 84.0385 103.3051 -9.8968 -2.2418 -19.2299 18.0816 -15.4232 -7.8307 57.2811 33.5191 63.8813 260.9548 147.4395 159.5279 84.4851 67.9587 54.6406 -9.0238 21.6157 -9.2268 -0.9038 2.7059 421.7613 206.1488 195.5436 91.6779 73.5888 14.8321 -5.1866 9.5559 8.8129 27.8898 23.1309 554.5434 253.2657 226.2386 50.1176 72.8989 36.5498 17.4014 -16.6891 4.8708 19.6795 20.8289 
0.0113 1.2455 1.7829 2.9209 2.0878 5.6289 2.8481 2.6528 3.8480 1.9338 2.7551 2.6512 4.1259 2.1472 2.0458 1.6923 1.3137 0.9744 1.1455 1.0879 1.4046 0.9282 0.4175 0.6222 0.2557 3.2456 -0.0004 0.0583 0.6435 0.7556 0.9508 1.5201 1.6577 2.1478 1.3672 2.1522 2.2927 1.5771 1.4499 1.6142 1.1830 1.0961 0.9218 0.8986 1.0182 0.5950 0.8554 0.6160 0.8465 0.4518 0.1926 2.9037 0.0000 0.0485 0.5635 0.6798 2.0644 2.4166 4.1038 3.3069 3.0716 2.8236 3.2377 2.8887 2.9643 1.9348 2.9969 1.8216 1.1870 2.3446 1.1099 0.7224 1.3340 0.3018 0.8092 0.7350 0.6138 1.6311 0.0000 0.0190 0.7584 0.3730 0.9657 1.1727 0.7032 0.8101 1.3556 1.2203 0.6112 1.6821 1.2430 1.2604 1.4875 1.0648 1.0497 0.8924 0.5786 1.1363 0.5854 0.6395 0.7426 0.4068 0.3701 1.4756 -0.0882 5.1439 181.0915 400.2041 517.8203 495.1137 536.3587 461.9322 390.8476 332.3439 231.4034 161.5731 126.8452 49.8148 70.9105 40.1924 25.6537 23.0589 20.8700 6.1039 1.7273 1.0985 -0.1002 0.3205 0.9422 8.1324 2.9418 51.3145 493.1048 882.2932 1033.8277 1050.7358 942.4113 826.4443 710.8508 453.2045 418.2372 257.3914 202.2950 177.5251 122.1065 87.3261 53.1746 29.2251 27.2968 19.4918 27.1141 10.3901 7.9442 9.7811 1.6671 -2.5817 0.0000 1.0288 15.7487 236.6618 414.7345 552.8318 503.7722 668.9466 602.4818 457.8049 362.4355 285.5525 184.6418 97.6576 72.5885 84.0209 52.2167 11.1679 37.0711 10.3060 6.1874 5.8245 -1.7780 5.5830 3.3910 23.8959 0.0580 6.4162 178.3366 600.6903 1221.5306 1405.4781 1618.9933 1314.3157 997.2754 878.5057 701.0479 418.1696 401.7876 260.2577 155.4666 177.3858 100.4747 68.2466 58.2443 40.4585 26.9289 59.2660 9.4511 4.1649 7.1632 12.9952 230.6946 167.9784 101.1419 64.8419 21.8051 1.6951 14.6039 7.0909 14.4827 1.8860 17.2513 420.9089 293.1395 183.6728 105.1594 59.9794 34.0593 19.7379 7.3186 11.2694 1.3409 23.3831 392.7935 263.5719 187.4044 98.0533 60.0612 50.2115 31.3870 19.8556 3.8964 -0.3285 27.4156 
0.0041 1.1504 1.9128 2.6813 1.8743 4.7524 2.4023 2.7012 2.8647 2.5992 2.0126 3.4509 2.1472 3.9103 1.9709 1.7764 1.4743 1.2818 0.9495 0.9286 1.0901 0.9914 1.0549 0.7575 0.2633 2.8660 0.0013 0.2299 0.4574 0.7972 0.9160 1.3112 1.0676 2.3190 1.4747 1.9820 1.6666 1.3782 1.5304 1.1864 1.0554 1.1240 1.0105 0.8699 0.8979 0.6805 0.8041 0.7729 0.6701 0.2407 0.2016 2.7753 0.0000 0.1088 0.3289 0.3244 1.6560 1.9861 3.1709 2.1731 2.4337 2.2220 2.6735 2.3228 2.8194 1.8516 2.0261 1.7576 1.4969 1.8680 0.9808 0.7452 1.2536 0.6065 0.6572 0.8273 0.6097 2.6917 0.0000 -0.0163 0.3881 0.2352 0.7776 0.7254 0.7517 0.7785 1.4237 0.8523 0.4299 1.4772 1.0622 1.6305 1.0403 0.8889 0.9408 0.6602 0.4831 1.1419 0.8416 0.4996 0.7150 0.0596 0.8686 1.4684 -0.8301 6.8960 174.6445 379.9234 468.6445 481.0296 461.8390 457.5270 349.8668 287.3241 187.3389 142.7993 117.8403 72.0001 51.0160 51.5560 20.9814 22.1905 11.2237 11.1518 0.2079 0.4479 1.6037 4.6559 -0.8240 7.1216 2.7222 41.0705 483.8077 723.9284 987.6643 987.3239 890.2309 809.1346 575.6509 454.6386 336.0606 262.2977 183.9563 162.7469 79.5780 60.2534 68.4558 42.7781 20.4745 21.7102 19.7967 13.8074 13.9518 10.3268 4.5451 2.2751 0.0000 0.3646 21.4764 224.7470 343.1868 434.1831 415.9315 515.7121 471.6554 357.5739 238.1271 235.5942 135.2887 69.0012 63.8123 82.1497 28.1323 6.9341 14.8465 2.1309 12.3603 2.8828 9.0067 -0.0839 2.4951 15.1966 1.5185 1.0290 148.9575 440.3063 935.4402 1133.2567 1263.4935 959.6097 819.9574 636.3393 543.5870 399.5129 320.3002 197.0620 138.1091 135.8472 90.4709 50.4850 50.6709 35.2034 26.2801 28.7848 5.1194 12.6729 15.3873 24.5119 240.6024 190.4706 116.2493 77.4204 35.6955 13.2273 7.9961 7.9263 7.6115 2.1822 14.1364 421.6733 317.9793 213.5701 116.5389 61.7105 27.9232 17.6329 6.9918 11.6546 10.4536 31.0499 434.6317 247.7453 195.3256 81.2557 60.8117 35.5355 25.1273 13.5801 5.6587 6.1843 32.3952 
0.0145 1.0685 1.3050 1.5935 1.0241 4.0505 1.2841 2.0224 2.2647 1.6302 1.7686 2.6333 2.0458 1.9709 2.8471 1.3078 0.5348 1.1470 0.7245 0.7680 1.3470 0.9422 1.0338 0.5859 0.1309 2.6730 0.0004 0.0579 0.3300 0.7551 0.7624 1.2258 0.8485 1.7905 1.0453 1.6647 1.5857 1.4852 1.4169 0.8539 0.9676 0.6617 1.0774 0.8593 0.7920 0.5240 0.6094 0.7687 0.7056 0.2692 -0.0386 2.3853 0.0000 0.0354 0.2700 0.0385 1.1785 1.6675 1.8594 1.7713 1.8753 1.6140 2.0449 1.6035 2.2061 1.9738 1.5042 1.4154 1.2867 1.8146 1.0186 0.5610 1.0968 0.4794 0.4431 0.8387 0.4821 2.7301 0.0000 -0.0271 0.5103 0.0886 0.3070 0.4801 0.4141 0.5593 0.7222 0.7446 0.2406 0.8971 0.8015 1.2473 1.2762 0.5649 0.7441 0.6917 -0.0049 1.1344 0.7794 0.2702 0.6949 0.2536 1.0431 1.5890 -2.5539 3.7828 142.1642 291.7114 348.6939 366.2593 411.0934 364.1444 297.3074 224.9092 145.1047 119.0335 101.7431 62.2510 41.3751 49.8737 13.1624 24.2362 10.3358 13.0942 -1.2539 0.4184 -0.6658 5.7390 -0.2934 5.8963 -1.5158 28.6445 422.7390 583.6674 803.1352 776.2951 749.9342 683.5746 469.8948 349.9897 269.8857 227.0876 154.9193 132.8160 77.3163 45.7133 65.8528 35.8482 22.6842 7.9877 20.5572 8.6816 13.3262 13.1505 -2.6207 -0.3922 0.0000 -0.6291 10.6360 176.2725 259.1180 346.6651 265.4490 417.9894 408.6724 307.8595 195.6353 208.2100 108.0715 50.3601 38.4741 81.5589 30.0264 9.2048 14.2574 0.7511 8.0526 2.9840 4.5200 3.2064 5.6075 20.2972 0.4809 -3.7051 115.1971 336.1600 680.1795 856.3801 1066.7459 721.0103 653.6575 550.0472 486.4738 344.2677 258.7050 160.7624 140.3930 132.5985 81.1323 56.0784 38.2323 33.3705 24.9587 31.8317 1.3414 7.6400 10.8682 32.8407 169.2535 128.8407 81.7006 42.5068 20.9330 9.8589 9.2096 7.7636 6.0801 3.5296 10.3731 298.4711 214.2260 148.3530 71.1324 40.0092 16.6956 17.2657 2.0018 3.7087 5.3426 23.9224 267.1699 184.0502 153.3580 51.3488 32.8378 22.4956 21.7655 8.1601 -0.8547 1.4948 22.3327 
0.0045 0.5315 1.3142 1.8902 1.5609 3.1544 1.6128 2.3644 1.3291 2.2932 2.2155 2.9379 1.6923 1.7764 1.3078 2.7711 1.0857 1.4577 0.6348 0.7132 0.2142 0.7300 1.0524 0.4578 0.4880 2.4182 0.0032 0.2922 0.5847 0.4542 0.2967 0.7622 0.5311 1.5229 1.2546 1.5264 1.1519 1.2657 1.2335 1.0077 0.6455 1.1690 0.6597 0.9391 0.7369 0.5657 0.8474 0.5515 0.3786 0.0922 0.1255 2.0504 0.0000 -0.1549 0.2098 -0.5382 0.7113 1.4453 3.8636 1.5601 1.9358 2.4142 1.6081 1.7490 2.2446 2.7419 1.2998 1.7584 1.4631 1.3080 0.4268 1.0766 1.0404 0.7469 0.2290 0.9151 0.7906 2.7726 0.0000 0.1425 0.6917 0.5755 0.3385 0.9784 1.0651 0.9614 1.2451 0.4648 1.0910 1.3029 0.7907 1.2878 0.7561 0.8495 0.4899 1.0749 0.2974 0.7419 0.7259 0.5164 0.3949 -0.0423 0.7151 1.5561 0.5469 3.8064 103.1894 250.9164 340.6873 362.3233 379.2706 402.0832 308.0564 157.1340 147.1401 161.0556 79.1478 74.8257 28.8992 58.0058 14.3355 11.0728 6.7095 16.4631 -0.9592 -2.1004 6.3706 2.8933 -0.6628 12.7264 4.0553 27.7271 339.1392 528.5589 742.0119 782.7254 729.4757 641.2139 407.3358 426.2430 306.2753 201.8313 157.9429 104.3751 54.1642 55.2057 52.4425 36.0108 14.8020 22.4160 18.7704 15.4819 12.4482 6.8818 11.3316 -2.2613 0.0000 0.8309 33.7300 163.8550 317.1558 292.3194 390.8674 410.4904 334.7736 341.6052 223.6830 172.4646 169.1269 102.8386 86.0868 60.7994 21.8818 8.1980 11.8065 -3.6667 15.8284 2.0148 14.6738 1.8929 3.5989 3.3646 4.7310 10.6749 113.1914 396.4908 743.5205 951.1799 893.7879 892.0662 772.2346 499.6821 442.9991 388.6955 305.3296 161.7566 120.2902 118.4701 86.0651 42.5474 28.3885 7.0208 23.4469 24.0316 3.6557 27.7786 15.7348 34.9935 187.4178 134.8450 112.2756 61.2102 39.2325 22.4297 5.1987 10.8149 0.0929 0.4625 11.4483 342.9988 228.7045 170.7982 89.3241 65.7652 21.3186 7.7719 4.4794 9.7658 8.0762 26.1444 292.7495 156.1638 121.5273 41.7103 41.5206 27.6064 8.8366 -3.8374 3.6385 3.7921 13.3611 
0.0029 0.9854 1.9499 3.0168 2.4353 3.6318 3.2348 1.8101 3.7656 2.0611 2.1270 1.4326 1.3137 1.4743 0.5348 1.0857 3.1473 0.0991 0.8728 0.7083 0.2402 0.2560 -0.3617 0.4684 -0.0075 0.7089 -0.0005 0.2366 0.4651 0.6060 0.7049 1.0373 1.7269 1.4011 1.3692 1.3995 1.8947 0.3793 0.8360 1.5583 0.8645 1.2365 0.1891 0.5079 0.9020 0.4420 0.6944 0.0362 0.2733 0.0604 0.2983 1.2334 0.0000 0.3163 0.6145 1.0019 1.7304 1.6243 3.3451 2.5922 1.7484 1.9286 2.3518 2.3463 1.0766 -0.0883 1.9456 1.0209 0.1162 1.1364 0.0707 0.2733 0.3251 -0.1999 0.9168 -0.0945 0.1196 -1.4711 0.0000 -0.0094 0.0963 -0.0685 1.0807 1.0469 0.2477 0.1786 0.6292 0.9129 -0.0793 0.4723 0.4674 0.5195 -0.5145 0.5221 0.6745 -0.3463 0.4527 0.5049 0.1682 0.1760 0.0221 -0.4215 -0.5194 -1.3553 3.1862 7.8155 138.3506 312.1965 398.5511 397.0920 318.1999 311.6444 236.6217 262.0927 147.8035 84.5575 74.8184 -7.0877 71.7299 -9.0607 22.0435 12.9242 12.4201 -4.6896 5.0497 -1.8590 3.0321 -0.1150 -1.0771 -5.3209 5.7733 52.2335 335.7071 616.7099 822.5439 807.0518 687.9769 542.6166 475.9900 311.7694 337.1722 144.3616 77.6399 153.6033 48.2876 83.0357 14.5115 -3.4207 -2.3163 31.3599 12.7176 1.0481 0.2637 -6.1920 13.2729 -6.6163 0.0000 2.8771 10.3158 172.3379 227.9454 339.3199 335.3578 382.7155 293.4559 240.6673 147.8656 148.8400 78.5276 1.2758 42.8808 -5.9586 10.5900 -4.6860 10.4940 -3.7869 6.8509 -2.8950 -1.4933 -6.9947 -4.8343 4.8774 -5.6826 18.7856 125.9810 302.1916 803.9733 791.3341 864.3940 750.9150 521.6171 379.6980 251.0533 54.1363 187.6241 84.4112 -13.1276 33.9320 7.6900 3.2118 24.1498 10.6947 7.1151 28.8246 4.3409 -21.3307 -4.2016 -51.5792 161.2647 133.5547 56.4718 67.8583 18.0385 -12.2957 10.6858 -4.4060 13.2054 -1.7751 16.0127 248.5004 235.3113 124.7682 88.4800 46.3673 24.9154 7.7876 2.0870 14.4542 2.8776 24.8559 309.8793 124.7878 105.4108 64.8539 56.6182 33.8076 11.3732 20.1091 6.9722 0.1713 22.3858 
-0.0157 -0.6879 0.0374 -0.4526 0.6949 0.7009 0.0101 2.2382 -2.1814 2.7266 0.6740 3.2838 0.9744 1.2818 1.1470 1.4577 0.0991 3.6924 -0.0299 0.3584 -0.1907 0.9415 2.5006 0.3389 1.0849 2.6022 0.0074 0.3175 0.1665 -0.1470 0.0239 -0.1263 -1.0411 0.9070 0.6632 0.8185 -1.2764 1.2986 1.3827 -0.4762 0.0055 0.9029 0.5468 1.0771 -0.0018 0.4457 0.7016 0.8659 0.2610 0.0878 0.3540 2.3691 0.0000 -0.5199 -0.5120 -1.1442 0.0701 0.7309 3.0450 0.2436 2.0931 2.6641 1.3100 1.0009 3.3387 4.7428 0.7384 2.2321 2.9732 0.4790 0.8465 1.8763 1.4948 2.3057 -0.6677 1.6537 1.1238 7.2902 0.0000 0.1895 0.8355 1.2812 -0.5082 0.4509 2.1806 2.1941 2.1745 -0.0160 2.5400 2.3176 1.1702 1.9127 1.9542 0.9079 0.3861 2.4391 0.7057 0.4110 1.2759 0.9999 0.6105 0.5228 1.5805 5.5713 -0.8916 -2.0970 22.8622 104.3455 131.8507 208.2229 211.2618 295.2618 210.0942 -35.4336 61.7082 145.8483 36.8098 135.8232 -67.7556 87.1547 -5.9031 2.0546 -9.6506 17.7502 -4.0384 5.5474 5.7875 4.4133 -1.1913 26.1734 7.3101 -7.3180 211.0256 220.8506 290.9090 380.4463 351.0187 409.7656 136.9493 354.4914 25.0359 131.5710 98.8278 -44.7355 -16.4270 -39.0832 54.0331 71.8887 20.5947 6.0585 -8.5525 29.2113 22.1993 11.3096 8.7759 20.8324 0.0000 -2.0410 53.0835 101.9339 408.9968 234.1374 555.2219 386.5618 327.6377 311.4028 250.8066 151.8221 180.9559 181.6188 106.0802 99.7075 1.5867 16.0102 -5.3999 10.0501 12.1077 6.2665 31.4468 6.9940 4.9114 -16.0525 15.5291 -1.1960 69.0486 572.0797 718.6790 1275.5847 850.7453 973.5659 998.0685 566.5556 501.9239 692.5594 312.4967 218.3186 203.4751 93.3929 111.4849 25.3541 6.6845 0.6231 24.3206 -31.7601 12.5245 68.1661 33.0809 116.4340 146.5239 76.7032 121.8285 44.5957 57.4751 64.6508 -9.2177 17.6291 -15.0092 0.3747 -5.9674 285.7780 133.3599 147.3074 77.4996 56.8684 12.7766 -0.7145 14.0663 4.1509 26.7017 18.0211 253.1003 114.9837 90.8961 7.1959 32.0292 8.5235 2.2091 -24.0293 4.2507 16.7388 7.1719 
0.0239 1.0002 1.1576 1.6218 1.3624 2.6837 1.6593 0.9315 2.7667 0.5435 1.7673 0.5252 1.1455 0.9495 0.7245 0.6348 0.8728 -0.0299 1.5304 0.4073 0.6085 0.2230 -0.5210 0.2453 -0.1104 0.8410 -0.0023 0.0773 0.2432 0.5689 0.5533 0.8254 1.2911 0.8191 0.8105 0.7147 1.6867 0.6729 0.6663 1.2770 0.7523 0.4328 0.3765 0.4001 0.7099 0.2020 0.4595 0.1432 0.3930 0.1482 -0.0597 0.8356 0.0000 0.2226 0.4769 1.0770 1.0939 1.6042 2.0238 2.5553 1.5122 1.9381 2.1690 2.0354 0.6504 0.6090 1.7291 1.0664 0.3179 1.5439 0.8223 0.4490 0.5040 -0.0618 1.0282 0.3631 0.1423 0.4845 0.0000 -0.0182 0.1864 -0.3329 0.6567 0.7711 0.0094 0.3139 0.4797 1.3591 0.2589 0.2983 0.7497 0.5938 0.2365 0.5693 0.7725 0.1498 0.4903 0.7591 0.2681 0.1624 0.1942 0.2778 -0.0965 0.1367 0.7125 3.4158 112.8816 215.5697 264.4416 230.8277 226.5359 174.6866 137.7100 183.0116 118.0809 65.9612 57.3488 -9.1951 70.1857 -5.8427 16.9035 7.0385 8.2492 -0.2566 2.8871 0.9136 -0.1479 -0.5169 0.1531 -9.4309 1.3760 27.4567 224.5646 387.2410 514.4857 490.7814 445.6293 333.8212 331.8110 198.9713 249.6312 114.6833 89.7627 121.0687 64.2576 67.6817 20.8190 -1.8509 9.7866 19.3243 15.0248 -4.4598 -3.5818 1.4453 2.3369 2.1705 0.0000 1.4722 -6.5696 109.6082 130.1031 269.5955 211.0561 303.2988 285.5783 254.6348 180.3876 176.4558 95.5131 43.5519 56.7053 26.7703 34.6870 10.8567 26.1905 3.3655 4.6254 1.9356 -7.3172 -1.0730 1.0507 13.8132 -5.3203 10.3227 81.0416 224.9669 546.6530 514.0672 742.2669 649.9233 503.2643 475.3891 375.9679 148.1376 230.8776 148.6421 67.1567 104.2382 55.4211 48.5657 44.5001 33.4624 23.9341 38.2926 12.9626 -12.9749 -7.1966 -8.1076 144.4162 124.4350 52.9166 44.4129 6.4083 -9.7018 14.7877 -0.2009 10.9326 0.5541 13.4806 246.8128 225.8979 125.9202 68.1037 36.6343 21.9601 20.4111 2.3740 8.9749 -1.1192 22.0099 193.4151 120.4173 84.9612 57.3170 32.2337 24.0499 11.7676 18.9239 2.7148 -4.8741 20.4371 
0.0003 0.5498 0.9702 1.5118 0.8420 2.0874 1.3304 1.1467 1.7140 0.9432 1.0926 1.0147 1.0879 0.9286 0.7680 0.7132 0.7083 0.3584 0.4073 1.5299 0.5830 0.2813 0.1764 0.3244 0.1179 1.3858 0.0000 0.0409 0.4247 0.2819 0.3784 0.6502 0.7270 0.9757 0.6037 1.0695 1.2116 0.5575 0.7789 0.7468 0.5358 0.5775 0.4013 0.4175 0.5079 0.3355 0.2951 0.1618 0.3537 0.2176 0.2608 1.4950 0.0000 0.0784 0.3632 0.2955 0.8293 0.8535 1.4246 1.2381 1.3450 0.9869 1.3081 1.0706 1.3109 0.5085 1.2812 0.6815 0.6326 1.0107 0.4994 0.2722 0.5932 0.1523 0.5184 0.1705 0.2854 0.9806 0.0000 -0.0108 0.2168 0.1633 0.4910 0.5047 0.3534 0.2868 0.6358 0.5154 0.2125 0.7874 0.4659 0.4316 0.5131 0.6739 0.6417 0.2444 0.3287 0.5598 0.2798 0.2940 0.3099 -0.0428 0.1329 0.9549 0.0408 1.9709 77.4289 173.6013 223.1584 202.3741 222.2156 196.7622 154.4085 141.0955 88.9506 49.9234 60.6569 24.8552 34.1858 16.8375 12.1110 14.5116 8.9759 4.4797 1.3006 -1.0833 0.6730 0.8525 0.6886 3.1839 -0.5910 27.0666 221.6187 375.7547 452.5198 443.6243 402.8572 348.5176 291.5010 185.4954 192.2513 130.2202 96.9942 82.0341 60.2137 48.1701 22.9871 13.1880 14.0080 6.4412 15.4083 2.9937 5.8573 1.6941 4.6222 3.3450 0.0000 0.6062 9.3926 104.4721 151.0500 235.0124 210.1022 274.0105 241.1120 186.5149 140.9068 115.7719 85.9096 26.9387 25.8544 30.7794 24.5009 10.7009 15.5232 6.6044 4.5960 1.2976 -0.3294 2.0455 1.4714 9.9620 -1.6295 4.5309 78.6024 256.2489 504.4346 579.0571 643.9321 535.9897 420.5173 381.7621 315.4887 181.8435 188.0702 130.2945 82.3170 72.7492 42.8267 39.9624 32.7396 18.6688 16.5752 30.6028 5.9953 1.5437 5.3602 8.4507 99.3431 89.0528 53.1415 34.8512 14.4999 -0.1348 5.2031 4.0371 5.6585 2.6477 14.3308 209.7126 158.7993 102.3297 56.2062 29.0297 19.8536 12.0272 4.0999 5.1573 -0.7951 14.0317 176.4446 125.7862 84.1962 49.5542 28.5074 17.8068 14.8520 7.3439 2.5998 2.9008 14.9177 
0.0194 0.9703 0.5799 1.0999 0.1144 2.8947 0.8312 0.4168 2.6630 -0.2773 0.6714 0.4012 1.4046 1.0901 1.3470 0.2142 0.2402 -0.1907 0.6085 0.5830 2.8951 0.3750 -0.2207 0.3248 -0.3394 1.3224 -0.0040 -0.1946 0.0603 0.5308 0.6848 1.0064 1.1014 1.0532 0.2460 0.9439 1.8186 0.6600 0.7832 0.8928 0.7896 0.0310 0.6878 0.2355 0.5534 0.1748 0.1455 0.3054 0.5987 0.3269 -0.0521 1.4555 0.0000 0.2192 0.4229 0.7118 1.0153 1.0722 -0.2334 1.7024 0.8963 0.2398 1.5383 1.0273 0.8629 -0.2487 1.3397 0.3634 0.0829 1.5612 1.0389 -0.1920 0.4877 -0.3148 0.9042 0.0451 -0.0408 0.1968 0.0000 -0.1441 -0.0082 -0.4406 0.5041 0.1052 -0.4702 -0.3351 -0.0173 0.8464 -0.6776 0.4792 0.4555 0.2863 0.9716 0.3491 0.7618 0.0425 0.0653 0.9123 0.2447 0.0464 0.5519 0.4859 0.2572 0.4205 -2.5443 1.5650 82.1927 140.3632 148.9725 141.6937 196.8471 102.6146 121.9069 193.5146 84.4050 20.1260 72.6411 -4.5281 55.7289 -2.3359 12.2379 26.0130 17.2552 0.8298 3.0307 1.8904 -5.9482 2.8435 1.2520 -5.0172 -5.2617 20.8355 205.5835 320.2552 384.0492 347.8766 360.9327 321.5234 351.4665 112.5199 197.2495 137.3457 106.5625 132.0635 97.9554 54.6182 37.3828 3.1349 24.7723 2.9103 17.7871 -3.5089 5.6536 8.0387 -11.1996 4.8555 0.0000 -0.3767 -22.4901 73.3170 35.0425 199.8981 -12.4299 213.4346 264.4158 141.7876 117.5818 155.7059 36.2645 -4.2005 -11.2965 53.7332 45.3994 14.5124 22.4794 11.2741 -1.1644 1.4267 -11.4330 2.2329 2.8783 30.7344 -7.1457 -8.7487 62.6606 84.7097 317.4139 314.1075 713.2582 319.1615 259.8710 431.8466 365.4805 131.2720 178.2470 141.5987 102.5674 123.0881 38.7528 72.3827 43.9260 50.6593 17.9796 49.4246 9.2069 -20.5943 -3.7258 5.8472 95.3095 83.5260 20.1864 18.0684 -5.8483 -14.9846 15.5469 -1.8529 14.2740 4.8301 12.4551 199.6524 173.6071 90.8012 56.9309 19.1611 21.3533 25.0385 1.1452 1.9661 -6.5574 16.6883 105.1525 135.5238 106.4842 60.9481 23.2049 21.7802 29.8687 21.9476 -4.0184 -5.5711 23.5654 
