0.0519 0.0896 0.0972 0.0764 0.0281 0.0427 0.0128 -0.0117 0.0674 -0.0289 0.0527 -0.0114 0.0110 0.0042 0.0145 0.0045 0.0030 -0.0157 0.0239 0.0003 0.0194 -0.0065 -0.0331 -0.0052 -0.0171 -0.0174 -0.0001 -0.0024 -0.0006 0.0309 0.0067 0.0256 0.0334 -0.0013 0.0105 -0.0100 0.0619 0.0144 0.0113 0.0398 0.0146 -0.0160 0.0057 0.0090 0.0223 -0.0096 0.0095 0.0011 0.0084 -0.0045 -0.0197 -0.0309 0.0000 0.0163 0.0475 0.0493 0.0131 0.0455 -0.0058 0.0665 -0.0210 0.0275 0.0163 0.0283 -0.0559 0.0026 -0.0096 0.0131 -0.0195 0.0332 0.0124 0.0022 0.0023 -0.0221 0.0284 0.0118 -0.0109 -0.0290 0.0000 0.0012 0.0012 -0.0306 0.0043 0.0172 -0.0299 -0.0160 -0.0230 0.0357 -0.0100 -0.0426 0.0000 -0.0057 -0.0214 -0.0068 0.0039 -0.0078 -0.0120 0.0215 -0.0010 -0.0239 -0.0079 0.0140 -0.0111 -0.0538 -0.0307 0.0423 4.0506 4.6252 3.6970 2.5892 4.5153 2.1398 1.5204 3.0861 2.3125 1.5071 1.2629 -0.9873 2.9285 -0.4575 0.4633 0.2026 0.1225 0.1166 0.0140 0.1159 0.0083 0.0527 0.0025 -0.6447 -0.1143 0.6717 6.2488 5.7151 9.8989 6.6801 8.1393 2.5836 2.9434 2.7649 6.7477 1.4992 2.3725 3.4496 2.2728 2.3551 0.7413 -0.7536 0.3040 0.4343 0.6316 -0.6858 -0.2349 0.0619 -0.0504 -0.3160 0.0000 0.0590 -0.5060 1.7485 -2.9290 0.2895 -5.6826 -0.7490 0.0836 3.6503 0.5700 3.1133 1.6224 0.1163 0.9215 0.0917 1.1682 0.5223 0.7058 -0.1429 0.1774 0.0660 -0.3632 -0.0543 0.2099 0.6970 -0.3247 0.4265 1.6401 -1.3446 -2.0678 -11.9792 -2.9605 -2.4932 -1.2683 1.4251 3.6550 -3.2088 3.6978 1.3086 0.6495 3.2029 0.9939 1.8291 0.8112 0.8232 0.9985 1.4433 0.4756 -0.9133 -0.8063 -0.5697 1.5476 1.7519 -0.1450 0.2797 -0.4905 -0.7953 0.5787 -0.1536 0.1952 0.0183 0.4099 1.4754 3.1029 1.0828 -0.0865 0.2996 0.0378 0.7313 -0.2879 0.0401 -0.3383 0.6506 -1.3538 0.6037 0.8755 0.4660 0.0461 0.1733 0.0281 0.3392 -0.2690 -0.5488 0.2963 
0.0896 15.8395 14.0997 12.5350 5.4080 8.8442 5.5379 1.6857 10.4275 0.2108 4.3954 0.8442 2.2514 2.0843 1.8674 0.8751 2.0124 -1.5535 1.8249 1.0484 1.8226 0.4292 -2.6813 0.2072 -1.5838 -0.7948 -0.0070 -0.4518 0.3906 2.8298 1.8939 3.7266 4.5819 2.5972 2.7142 2.8662 5.9877 0.7048 1.2252 3.3933 2.2449 0.7866 1.0421 0.4492 1.7108 0.0359 0.6449 0.3462 0.6997 0.0486 -1.4120 -1.4490 0.0000 2.8707 4.0877 6.2333 6.1249 3.9614 0.5584 4.6937 -0.8406 0.0994 1.3992 2.1192 -3.4570 -4.3940 0.0848 -1.0259 -3.8531 1.7548 -1.4983 -2.7495 -0.8240 -3.8461 1.1471 -0.7406 -1.4177 -13.6980 0.0000 -0.2304 -1.9791 -2.1416 1.3318 1.3755 -2.7032 -3.0539 -3.2653 0.7769 -4.0782 -3.4296 -1.1541 -0.7473 -2.2460 -1.2914 -0.3506 -4.0041 -1.9131 1.1480 -1.2933 -2.0956 -0.5540 -1.1054 -1.5880 -13.2410 2.3194 19.2354 590.4867 865.6191 1013.7062 887.2026 812.1560 569.7533 465.0975 627.8458 251.0565 57.2305 101.1132 -156.2093 208.9056 -67.2781 47.0107 32.3231 29.3600 -31.0605 3.9443 -4.8971 -4.1636 -0.3672 -2.4825 -29.8090 4.3804 131.6244 865.6535 1442.2572 1926.9586 1648.0326 1449.2187 992.3508 822.8829 343.8864 642.9165 243.9625 121.7279 337.0212 121.2907 174.9943 1.8716 -43.0723 -22.5436 24.9799 49.5289 -45.0358 -30.6205 -7.4931 -17.7942 -102.2574 0.0000 8.5694 4.3358 436.1410 126.3023 458.7303 -232.0816 268.4444 131.2371 85.0336 -189.3307 -6.1743 -248.0443 -258.3896 -88.7238 -146.7516 -13.1062 -50.6041 1.1485 -48.7000 -9.9340 -4.9177 -45.6016 -17.4180 1.2006 28.7736 -26.4782 29.2414 250.8889 -100.5182 290.8356 -595.0338 206.5461 -526.4228 -631.3044 -537.2500 -388.5300 -965.4762 -208.3573 -370.2293 -341.6770 -43.5139 -106.4875 -71.9620 -1.3114 -20.1323 -2.2873 91.6944 -33.8597 -129.0411 -61.0583 -264.9336 282.9561 245.6942 25.1896 85.7353 -36.2195 -93.8728 40.0156 -13.8639 40.4537 -4.2487 35.7111 269.7849 331.5411 118.2186 36.6425 37.4809 18.9700 22.0652 -21.7696 15.6967 -20.4849 26.0232 427.3018 196.8680 223.2358 98.5043 54.2612 64.5692 33.2749 62.9985 -5.5106 -22.2235 35.9167 
0.0972 14.0997 34.8592 18.4861 11.3423 9.7689 8.4861 5.7117 9.1598 4.2737 5.5419 4.2639 2.7231 3.3218 2.4082 2.3963 2.8516 0.8352 1.6786 1.6231 0.6992 0.8613 -0.2304 0.5585 -0.4670 0.6124 0.0032 0.5088 1.9552 3.2078 2.4039 3.6970 3.9680 3.2005 3.9965 3.4371 4.9026 1.1391 2.4161 2.7824 2.0858 2.0964 1.2346 1.2892 1.6783 0.5550 1.2638 0.6705 0.4490 -0.1578 -0.6461 0.2564 0.0000 2.8543 7.7429 9.7492 9.4797 7.9214 5.3576 4.7726 1.5109 1.8563 1.1695 2.0322 -1.5877 -1.6990 -0.8827 0.1721 -1.6050 0.5037 -1.7350 -1.3244 -0.2049 -1.9443 0.5892 -0.1416 -0.5034 -8.4662 0.0000 0.2981 -0.0244 0.2496 1.7168 2.2244 -0.2420 -1.0534 -1.9100 0.1323 -1.9818 -2.0589 -1.1211 0.0745 -2.0184 -0.6070 -0.2946 -2.5155 -1.5640 0.8351 -0.4809 -1.5959 -0.4172 -1.4639 -0.3929 -9.5334 4.9407 28.1546 1002.2618 1489.5620 1608.4972 1508.6898 1316.5545 1099.1364 819.7199 678.4667 345.2405 204.0824 147.8120 -10.4684 157.2478 4.2185 43.0079 39.8700 21.2080 -10.3116 4.6420 -5.8075 5.3952 6.1977 -4.6586 -6.3997 13.8361 180.1670 1539.9505 2131.1575 2659.7261 2288.7700 1879.5065 1335.4342 869.8253 665.7074 653.4264 339.4603 172.1061 292.5197 75.7934 146.2526 51.9720 11.5288 -21.0384 46.2165 40.0592 -13.5171 -4.9785 -6.3420 5.6818 -73.9136 0.0000 11.6093 142.0700 805.9110 872.2621 944.1448 541.8738 662.7553 276.2894 251.7520 -179.9257 -27.8258 -206.8293 -188.6493 -45.8907 -144.5382 -57.4797 -41.5944 -39.2572 -46.5204 8.4431 -6.1850 -8.7441 -20.5181 -1.1644 -5.2615 -12.6817 47.1865 509.7793 883.6372 1179.9492 485.7563 387.9477 -209.6053 -298.8253 -704.5428 -543.6658 -712.1553 -201.2646 -391.3660 -290.6135 -109.2172 -80.1135 -85.8081 -29.9843 -52.3919 7.7415 24.0343 -34.3876 -75.1399 -31.7106 -188.1615 309.0401 217.6522 76.6898 103.3456 15.0623 -37.2034 23.5161 -1.0084 15.4936 -4.9580 24.6408 236.0506 259.8429 124.7793 58.8990 65.8888 14.6612 -0.3921 -17.2613 15.1203 4.2788 39.4791 740.3263 249.6342 284.0996 97.7202 90.0567 66.3922 24.3725 34.6125 0.4378 -0.1709 39.2590 
0.0764 12.5350 18.4861 21.7435 8.8999 10.7516 9.0880 4.3831 12.3695 3.1818 6.1247 3.2619 3.9818 3.5481 2.3052 2.4549 3.8448 -0.6212 2.2252 2.0538 1.6296 0.5907 -2.0817 0.6861 -1.0059 1.0604 -0.0036 0.0583 1.9151 2.7944 2.1816 4.5890 5.4082 3.9272 3.7444 4.5570 6.9955 1.0137 2.0129 4.3893 2.5335 2.2694 1.1008 0.9900 2.3881 0.6157 1.3413 0.2889 0.7521 0.1013 -0.5350 0.6642 0.0000 2.6840 5.2499 6.2054 7.5019 5.2548 3.3511 5.4583 0.9226 0.9756 2.0436 3.3780 -1.0443 -4.0925 1.6193 -0.3986 -3.2234 1.6577 -2.0044 -2.1768 -0.2419 -3.6774 1.4414 -1.1503 -0.8206 -13.9549 0.0000 0.1045 -1.7581 -0.6238 2.1823 2.4036 -1.5452 -2.4689 -1.6939 0.7079 -3.4526 -1.7076 -0.8147 -0.6372 -2.0550 -0.5376 0.1935 -3.3890 -1.5024 1.1735 -1.2352 -1.4750 -0.3563 -1.7264 -1.9858 -12.3097 5.3791 21.7417 727.8916 1206.4292 1432.7340 1358.7368 1231.5196 1021.3605 827.7932 830.7391 425.5605 197.4778 192.7375 -95.7930 236.8361 -34.8982 66.0004 59.0770 44.9034 -22.7988 8.5861 -12.3056 3.3791 -0.6134 -2.0964 -12.1150 9.6842 191.1873 1255.5406 2167.6557 2676.2445 2454.8814 2094.3695 1527.3376 1285.6735 722.0746 954.7272 411.5845 267.8180 421.2315 188.5736 246.2039 22.4738 -32.2731 -14.9074 54.1168 63.8307 -21.8563 -17.5314 -10.6978 6.9173 -95.4200 0.0000 11.1580 56.0600 589.9635 514.2594 790.1590 264.6384 680.0030 383.2119 289.5075 -10.0032 81.2848 -121.4838 -209.2768 -53.4661 -141.5191 -7.7034 -44.5093 0.0798 -40.1968 -2.3120 -11.0368 -29.2046 -17.1941 -2.7132 30.2354 -21.6079 48.0400 416.3588 439.0977 1153.2398 346.1574 832.9304 246.8580 -144.5108 -233.6669 -210.3263 -746.4266 -8.8671 -256.9370 -283.6062 -11.2883 -89.6488 -56.3613 8.4203 -27.5744 -8.5548 106.9364 -28.5151 -106.7153 -42.6641 -271.1559 345.1159 292.9425 70.5895 124.2476 -7.3198 -83.9711 35.9515 -13.6098 41.6318 -5.2968 45.7549 384.6906 400.1405 168.0080 96.6126 77.1200 35.1782 11.4279 -17.7432 25.5486 -20.7259 35.8381 748.8423 388.8541 339.7230 170.0020 117.2498 102.3653 48.7135 61.8122 1.7591 -16.5928 39.2004 
0.0281 5.4080 11.3423 8.8999 10.2566 7.6631 6.3857 4.2954 5.8809 4.1233 4.4832 3.3112 2.4322 2.2350 1.1612 1.9488 2.8330 1.1749 1.4698 1.0270 -0.0517 0.6887 -0.0715 0.4248 0.3466 1.0422 0.0032 0.5543 1.3198 1.4928 1.6847 2.0575 2.6787 1.9501 2.8066 2.3314 2.2087 1.1306 1.9145 1.9872 1.3406 1.9142 0.4165 1.0463 1.0858 0.5211 1.2953 0.3099 0.4177 0.0546 0.1005 0.9556 0.0000 1.0932 3.1100 5.5846 5.5682 5.2562 8.3314 5.6849 3.8152 5.0368 4.3189 4.2367 1.5132 1.6824 2.6662 2.1875 0.5693 1.4466 0.0533 0.8640 0.6837 0.2896 0.6565 0.5573 0.1647 -1.9636 0.0000 0.2037 0.7527 0.7072 1.4934 2.2029 1.4061 1.3293 1.1027 1.4674 1.0604 0.6931 0.8423 1.2343 -0.3616 0.3785 0.6555 -0.1218 0.7388 0.4657 0.2852 0.1077 -0.0387 -0.2754 -0.5111 -2.5338 6.0600 13.9954 475.5501 859.4418 1004.4410 961.5511 785.0397 704.4685 516.9731 426.5095 280.4653 202.9636 101.1978 16.2885 76.0039 -3.4106 23.6082 7.4382 9.9402 -10.9255 6.3836 2.5237 4.7440 -1.7041 -3.0402 -3.1400 18.2122 103.5882 892.5421 1416.2757 1702.7016 1578.9138 1268.4070 946.7864 739.3793 564.3388 450.5451 195.0635 82.0573 162.3440 14.0030 76.9368 13.8666 10.3164 -11.1031 43.8342 3.7474 2.2660 -6.8688 -10.2222 12.4904 -22.0944 0.0000 5.9021 71.6167 481.6261 809.5114 893.1187 967.1577 866.1273 608.4715 511.6513 270.9107 215.8265 73.7115 41.4696 90.3382 -42.0803 -17.7260 -19.5453 2.6218 -15.4186 5.8465 -3.6825 -1.0361 -11.7239 -7.4329 -19.3679 -2.8694 41.0051 335.5503 1094.3210 1845.0594 1890.7995 1647.2798 1417.9447 1046.6309 508.7125 266.8559 69.0081 187.8182 12.8270 -97.5273 -23.5115 -3.3463 -52.6070 -5.8227 -20.5857 6.9994 0.9480 -1.3732 -24.7889 -14.4098 -84.2789 278.7923 188.0682 94.8495 87.3789 27.9290 -2.2865 12.1888 -2.2304 12.3416 -7.7344 7.7063 300.6957 277.5014 137.2121 93.5574 62.6710 23.3458 -3.9827 1.0776 17.3382 14.5387 22.7154 701.7587 271.0187 225.3374 116.2854 102.4297 63.3064 17.8585 26.1925 11.7926 4.9139 35.9552 
0.0427 8.8442 9.7689 10.7516 7.6631 31.0924 7.9208 6.1636 12.2274 4.5309 6.8419 5.6386 5.9164 4.9827 4.2597 3.3326 3.7097 0.9201 2.7594 2.1919 2.9840 2.0523 -0.2399 1.2436 -0.2148 4.7163 -0.0019 -0.2981 1.2899 2.9796 3.2251 3.7961 4.9541 5.0057 3.8982 5.2133 5.7828 2.7349 3.2483 3.5268 2.8823 1.8747 1.7983 1.5743 2.1193 1.0761 1.2903 0.9798 1.5597 0.6594 -0.4698 3.8538 0.0000 1.6927 3.0518 5.5900 8.5394 8.4482 17.5480 10.8163 6.8887 8.2481 8.1539 7.5055 3.6675 3.2459 6.1655 3.6276 0.8010 5.9477 1.5697 0.0663 1.9220 -0.4662 1.7937 0.9840 0.1958 -2.5644 0.0000 -0.1024 1.0892 -0.2115 2.7568 2.9908 0.9326 0.6800 1.2357 2.6114 -0.3406 1.8667 1.9441 2.4867 1.0778 0.6918 2.0219 -0.6555 1.0395 2.0789 0.9685 0.4189 0.8729 0.1420 -0.3869 -5.2707 2.9649 27.1560 550.9034 1131.8582 1472.9971 1239.2887 1173.6162 996.4000 793.3444 876.9268 497.5469 311.1278 267.8110 47.0462 164.7446 22.0004 39.8976 1.8710 43.8160 1.3929 4.5751 10.3794 -4.5860 -0.1525 -1.9708 -3.7464 12.7235 134.6878 1360.2599 2238.8394 2845.0507 2650.2203 2309.4091 1913.3587 1510.8744 938.4299 898.7671 451.4065 294.0043 460.8565 156.2778 156.2664 84.6444 36.1135 28.2169 50.8069 44.4413 -11.4809 0.2894 1.1252 -21.0747 -66.6630 0.0000 4.9218 31.1913 816.1170 1054.4572 1535.0203 1170.8037 1520.0495 1372.0748 1034.8171 690.6424 594.7303 258.8118 85.6230 110.7841 101.4831 75.3882 -27.5188 74.1314 -19.4416 24.5456 5.2730 -28.2352 -14.2503 -1.9972 18.7807 -12.8260 21.8923 498.8675 1481.1974 3309.6232 3710.1832 4267.9894 2909.4677 2086.1899 1679.8668 1228.7526 386.5154 594.5323 226.5659 -12.8606 212.1471 68.6869 43.6912 74.3042 39.6331 40.2494 116.3219 -13.9805 -72.2328 -17.8870 -117.0442 454.6806 309.5117 139.5518 124.4829 16.7606 -39.7709 34.0567 0.4416 40.6443 -2.4644 29.1286 640.8346 531.8517 259.4684 141.8183 87.0497 58.7000 28.3686 -2.5859 21.7230 -5.5401 32.8840 917.6185 465.7589 398.3150 203.0261 138.4368 112.3851 64.3409 60.7246 5.6639 -5.0988 74.0528 
0.0128 5.5379 8.4861 9.0880 6.3857 7.9208 9.1856 3.5478 8.5778 3.5476 4.2559 2.4578 2.9223 2.5072 1.3689 1.6310 3.3015 0.0276 1.7089 1.3883 0.9114 0.5997 -1.0586 0.7289 -0.2642 1.0323 -0.0015 0.0872 0.7963 1.6671 1.7733 2.5659 3.8492 2.8927 2.7592 3.1561 3.9310 0.9199 1.8347 2.7136 1.8558 2.0606 0.5362 0.8227 1.5749 0.6855 1.1892 0.1433 0.5828 0.1872 0.1970 1.4941 0.0000 1.7848 2.5461 4.5255 5.7733 3.6782 4.8891 5.0374 2.6327 2.8215 4.3724 4.0145 1.0961 -1.3733 3.5461 1.1228 -0.6689 1.8462 -0.2611 -0.3056 0.3483 -1.0779 1.3468 -0.4431 -0.1058 -5.8991 0.0000 -0.1225 -0.8710 -0.1056 1.8795 1.9643 -0.0418 -0.0213 0.1483 1.5528 -0.9282 0.0531 0.5511 0.5529 -0.9379 0.3620 1.0695 -1.5080 0.4187 0.7258 -0.1887 -0.0896 0.0809 -0.7072 -1.1093 -4.9764 5.8035 16.0102 401.9401 799.9238 968.5491 942.6563 760.0026 660.1365 529.0973 583.1448 310.6768 149.0585 136.5179 -43.3176 139.9078 -33.5215 40.9378 26.0968 24.8462 -21.7897 9.1637 -3.1474 1.5399 -2.1709 -2.0894 -11.4307 13.0177 119.3339 831.0078 1496.0629 1838.3756 1731.8378 1433.1859 1101.5173 999.4028 544.0951 605.8811 260.2590 119.3911 275.9576 79.3752 137.8015 6.2835 -14.4291 -16.7120 45.0040 21.0107 -5.0236 -11.4528 -11.4195 11.8869 -32.7128 0.0000 5.8938 24.1904 386.3196 513.8733 757.6035 628.2589 760.3460 557.2022 388.7006 206.2389 220.9865 18.8861 -61.4376 30.3681 -57.2209 -5.0347 -28.6456 10.0736 -15.9657 -1.4157 -6.8851 -15.3614 -13.4907 -9.9426 7.3109 -12.1186 34.8044 288.8793 676.5854 1569.4175 1397.4346 1605.0242 1184.2485 729.4004 500.7187 243.8414 -142.2897 158.2040 13.1239 -132.5339 -15.3316 -35.1789 -47.8108 18.9401 1.9773 -7.5929 42.1737 -8.5876 -60.1862 -21.4785 -149.2279 263.7306 186.1123 54.1024 103.7700 12.0775 -36.1558 22.1818 -10.5353 30.5017 -5.1916 22.2792 324.3198 306.4805 140.9762 113.5249 58.9585 34.2732 7.3713 -0.7398 22.3143 2.3818 29.8597 629.2588 241.8304 225.8294 139.5922 111.6964 77.5150 30.6626 49.5879 12.2384 -0.7148 44.3915 
-0.0117 1.6857 5.7117 4.3831 4.2954 6.1636 3.5478 6.2455 2.3219 4.3010 2.8610 4.5653 2.7018 2.7483 2.0804 2.4053 1.7466 2.3732 0.8927 1.1633 0.4198 1.2372 1.9169 0.7888 0.9014 3.6567 0.0058 0.5229 1.0778 0.7434 1.0950 1.2003 0.9182 2.4791 2.0160 2.4884 0.9959 1.7875 2.0250 0.8409 0.9734 1.7874 0.9528 1.3251 0.8195 0.8679 1.1114 0.8913 0.6396 0.2677 0.5154 3.4289 0.0000 -0.2338 0.8895 0.6673 3.0366 3.5299 6.9112 2.9634 4.2012 4.0721 3.5058 2.9755 4.2256 3.9398 2.7303 2.7296 2.6803 1.7465 0.9523 1.5852 1.7208 1.6072 0.1837 1.3061 1.0986 4.8312 0.0000 0.2713 1.2031 1.4683 0.7729 1.4515 2.2255 2.1244 2.3279 0.7592 1.9228 2.4091 1.4379 2.1539 1.5302 1.2893 0.9975 1.6332 0.8921 0.9119 1.1676 1.0206 0.7337 0.0266 1.1117 3.2513 1.4220 7.8899 258.9139 567.9121 701.2365 702.2597 645.0167 655.3442 489.6253 296.8288 238.5373 218.7934 128.0085 127.4024 14.6675 80.1693 17.7386 13.6026 6.6338 13.5909 -0.4192 2.2502 5.8874 3.2534 -1.3971 20.7606 10.3641 55.5326 682.7630 1047.4935 1288.8553 1307.4421 1110.1843 1007.1953 673.0148 617.5929 350.8937 288.5989 185.1600 115.6424 49.6228 39.2542 64.7178 66.2368 19.1358 24.3553 11.7806 26.2889 17.8872 7.6198 12.6173 6.8737 0.0000 0.9875 67.8110 355.2188 714.7193 735.7120 927.5299 850.1078 692.4407 554.8907 394.5048 287.5907 220.8049 152.5153 117.5156 90.6325 15.5255 7.1826 11.5881 5.4981 15.7778 5.6602 20.1802 1.8670 1.5507 -5.9257 9.1924 12.4151 244.1074 1007.9972 1672.8071 2137.7303 1884.7343 1684.5808 1401.7609 917.3592 712.3076 644.6210 417.6899 256.1056 167.5772 115.0096 110.7436 26.8585 35.8778 11.5807 26.5013 5.7044 4.5522 37.4032 26.1519 50.3809 268.8540 175.5935 149.7781 89.1922 59.3211 39.0418 1.1342 15.7343 0.7499 -0.1000 10.0051 450.8726 285.1812 215.5797 121.9286 77.7134 30.8372 5.0316 12.9024 13.6607 21.3631 27.7679 568.8689 266.6024 205.6012 82.9059 78.3479 43.5803 20.4706 1.3412 10.4944 16.2630 29.8369 
0.0674 10.4275 9.1598 12.3695 5.8809 12.2274 8.5778 2.3219 16.7931 1.3128 5.9744 0.5345 3.8100 2.8805 2.2716 1.3412 3.7873 -2.1871 2.7744 1.7280 2.6693 0.3855 -3.7360 0.7611 -1.8076 0.0161 -0.0118 -0.5959 0.4398 2.9581 2.4345 4.6513 6.8051 3.9017 3.3407 4.0639 8.1658 1.1745 1.6871 4.9950 3.1981 1.6252 1.1513 0.7391 2.6975 0.5812 1.0729 -0.0825 1.1007 0.2990 -0.7462 0.5103 0.0000 3.5451 3.8647 6.4934 7.2699 4.4559 2.8968 7.9689 1.3986 1.9976 5.3630 5.1499 -1.6637 -4.9275 4.3499 0.2060 -3.3347 3.9705 -0.1994 -2.1304 -0.2999 -3.8437 3.0150 -1.3501 -1.1214 -13.6339 0.0000 -0.5944 -2.6594 -2.4531 2.7345 2.2924 -2.8284 -2.5797 -2.1842 2.9157 -4.0788 -2.1749 0.0504 -0.5323 -2.0910 -0.2028 1.6843 -4.1411 -0.6115 1.8664 -0.9689 -1.3745 -0.0689 -1.0171 -2.2871 -12.0657 4.4051 22.5349 511.9873 940.8057 1157.8252 1061.8753 951.7781 675.6967 585.9044 892.6729 393.4234 99.8315 194.2872 -182.5030 299.0953 -106.9112 64.8785 52.1084 51.4801 -33.6910 14.4996 -8.5621 -5.9796 -0.4064 -1.3152 -44.3518 2.3048 164.6146 1012.1289 1854.9466 2462.4751 2207.0095 1973.3561 1419.0056 1410.1979 544.8648 1011.6786 378.1590 197.9869 532.8566 205.0067 272.2260 10.3318 -79.9436 -17.2266 50.4640 61.9762 -46.2330 -30.2635 -14.9139 -6.8181 -77.1050 0.0000 8.4363 -50.3190 434.0918 206.4598 816.2810 125.0664 748.2930 618.1474 436.4147 133.2719 313.0903 -67.7073 -231.0934 -44.0095 -108.9902 40.5119 -34.2910 37.7223 -36.8292 -6.2540 -13.0554 -58.1236 -22.5948 -7.4265 52.5622 -38.6558 41.8711 318.9138 191.7036 1362.1872 631.6255 1792.8704 839.4292 369.3847 526.3997 291.1122 -648.3736 153.6167 -65.6957 -242.3304 55.8889 -86.6298 7.8356 58.2441 34.8542 1.1154 146.2089 -20.9516 -156.4171 -65.0249 -285.2946 344.9348 310.7781 24.7158 117.4822 -34.9104 -114.5055 57.1522 -27.3015 62.9549 -1.5328 52.4110 435.6765 525.7553 203.8270 135.1269 64.6355 52.0057 42.1376 -18.6201 24.5595 -29.9697 48.0837 659.8414 345.4870 327.0252 213.1172 121.2003 104.9177 56.8249 95.0823 1.6308 -27.5447 67.5263 
-0.0289 0.2108 4.2737 3.1818 4.1233 4.5309 3.5476 4.3010 1.3128 6.9525 1.8889 4.7164 1.9537 2.5955 1.6314 2.2924 2.0538 2.7207 0.5401 0.9519 -0.2679 1.1118 2.5127 1.0584 1.0382 2.8460 0.0079 0.8287 0.6833 0.5019 0.8689 0.8906 0.5088 2.2208 2.0810 2.1615 0.0271 1.1938 2.1796 0.1269 0.6866 2.0840 0.4915 1.5060 0.8246 0.9789 1.1819 0.9118 0.3372 -0.0199 0.9029 3.7301 0.0000 -0.1958 0.0304 -0.4769 2.1303 2.4905 6.8907 1.6509 3.5756 3.5443 3.0815 2.5910 4.3068 3.5611 2.0574 2.8039 3.1719 0.9708 0.4203 1.7407 1.6612 2.0089 -0.0459 1.0867 0.9496 5.4967 0.0000 0.2429 1.1575 1.8087 0.4229 0.9870 2.4051 2.2991 2.6504 0.3390 1.9194 1.8923 1.2485 2.2470 0.6242 1.1357 1.1107 1.4444 0.8210 0.6131 1.4663 1.0511 0.4945 -0.4831 1.1336 3.7099 1.8793 9.8369 166.7940 468.7340 575.2465 635.8634 498.4866 641.9817 434.0608 249.3447 194.4486 194.9088 123.1439 146.5619 -7.2908 87.7234 14.4087 9.5606 -6.8417 11.0958 -2.6933 1.8260 9.8728 6.6898 -3.4123 18.6450 11.8751 48.3695 597.8815 826.9756 1154.9405 1204.5251 992.4822 948.9150 517.0174 622.6515 251.5424 249.4796 119.4927 79.0012 -10.8338 11.4968 60.2617 72.3251 0.6424 29.1252 -1.6027 30.8045 24.8495 2.4111 27.7545 13.9215 0.0000 0.2868 71.5770 316.5894 619.8459 592.1366 921.4086 731.0553 576.4521 449.0357 317.6088 256.6110 224.0768 116.0372 116.8698 87.9846 -21.3745 -3.0321 -12.1036 2.2738 18.4999 1.7422 36.3408 -3.2822 -2.2479 -17.3173 11.8553 10.4016 203.4082 854.6037 1521.8398 2047.1427 1570.8691 1498.9847 1263.4158 686.7530 548.5397 619.1409 354.7893 207.6817 122.8172 34.9226 84.4278 -26.1940 16.8542 1.7325 18.8280 -31.8416 7.2920 43.4529 34.1560 46.1821 236.5077 161.1391 145.0644 105.8218 74.3223 49.0617 -10.3485 12.6896 -7.1772 -2.6171 6.9009 337.1786 232.2853 187.8886 104.7821 62.1023 17.3086 -3.8301 13.1849 15.3908 32.8058 36.2887 583.4406 218.5506 180.9544 45.4123 79.9429 22.5550 2.7674 -9.6355 15.0593 24.0157 21.5278 
0.0527 4.3954 5.5419 6.1247 4.4832 6.8419 4.2559 2.8610 5.9744 1.8889 6.6193 2.4440 2.7207 1.9958 1.7447 2.2345 2.1289 0.7035 1.7627 1.0851 0.6287 0.6191 -0.7419 0.2644 -0.0187 1.6682 -0.0008 0.2625 0.9483 1.6561 1.0520 2.1397 2.8157 2.0901 2.4712 2.2095 3.7587 1.9653 1.7540 2.9970 1.6564 1.3636 0.8955 1.2013 1.5650 0.4634 1.3644 0.3494 0.7804 0.1747 -0.4808 0.7404 0.0000 0.5853 2.2274 2.4640 3.0425 4.3188 6.5575 6.0841 3.1082 5.0427 4.7001 4.4024 1.1294 2.6989 3.0479 2.5826 0.5948 3.0278 0.8652 1.0644 0.9608 -0.1562 1.2231 1.1242 0.4431 -0.8677 0.0000 0.2049 0.6296 -0.3113 1.2154 2.4609 0.5972 0.9652 0.7740 2.3974 0.9567 0.4665 1.2519 1.2734 -0.0260 0.7788 0.8830 0.1870 0.3179 1.2877 0.4133 -0.0404 0.1221 0.1304 -0.2514 -2.0021 3.1849 7.5749 308.4237 590.6971 742.1515 687.5142 704.5108 579.5346 430.3482 363.0548 272.7323 210.0725 109.4078 -6.8928 131.7913 8.5041 30.2065 15.0004 15.1167 4.2576 3.3827 -1.0171 4.6288 -0.9237 -1.0100 -10.5521 7.4245 78.8148 685.9158 1136.9329 1517.8913 1414.8489 1309.2455 955.4637 776.4194 556.2394 620.9272 261.3252 190.4228 236.2796 97.1399 138.8984 36.4753 -3.8715 7.8877 36.8725 33.1298 -12.8471 -10.1947 -1.8406 8.3187 -29.7691 0.0000 4.1439 18.2764 321.9064 499.3512 670.0313 609.0187 772.0152 613.5633 637.0163 344.9470 316.0100 190.1633 75.9621 121.4266 4.6428 43.9553 4.9648 39.5983 -19.6911 12.4877 -0.4093 -12.6824 -3.5256 3.0501 10.6435 -9.6134 42.4053 232.3443 736.3697 1486.2008 1460.0236 1700.2801 1550.5130 1244.8077 863.3138 670.1143 210.0434 408.8035 175.0028 38.0466 140.6373 80.7564 53.4075 43.0972 7.5307 37.7760 71.1846 5.3252 -22.2435 -22.7164 -51.1191 293.4841 222.0167 113.6615 82.7841 18.2816 -17.6231 26.8839 3.0687 18.0507 -2.0865 25.6975 452.3632 376.8989 212.3560 103.8825 81.3040 32.1075 22.2619 -4.3929 14.0078 -2.9880 35.1034 448.8999 222.0845 185.7872 101.4129 68.5570 57.5363 17.0629 24.6634 1.9017 -10.2389 32.5006 
-0.0114 0.8442 4.2639 3.2619 3.3112 5.6386 2.4578 4.5653 0.5345 4.7164 2.4440 7.8151 2.6951 3.4530 2.6387 2.9413 1.4334 3.2781 0.5292 1.0177 0.4056 1.6415 3.0307 0.7688 1.0985 4.2189 0.0091 0.6382 0.8715 0.8347 0.8087 1.1368 -0.0679 2.8133 2.0238 2.7270 0.2926 2.1781 2.3059 0.4089 0.7702 1.7290 1.1997 1.5804 0.6610 0.8295 1.2577 1.3869 0.6497 0.1392 0.2604 3.3121 0.0000 -0.9684 -0.3456 -2.5054 1.3339 2.5978 6.0142 1.3393 3.0744 3.2617 2.4212 1.9467 4.4687 5.0814 1.2036 2.7914 2.9760 1.1941 0.4162 1.6073 2.0051 1.8611 -0.8681 1.8580 1.1778 5.5058 0.0000 0.4700 1.3207 1.6725 0.0856 1.0092 2.4020 2.0593 2.2693 -0.2713 1.9461 2.3850 1.1599 2.6520 1.7168 0.8796 0.2067 1.9517 0.3135 0.8146 1.3749 0.7062 0.8272 0.0151 1.7474 2.9015 -0.7681 5.5649 184.4004 452.8058 580.4636 644.5524 621.4882 694.9787 510.5571 200.6991 193.7607 239.9304 116.4139 167.0486 -29.4219 123.6006 9.7612 14.0973 -1.3795 19.8818 -6.9992 3.8441 8.3642 6.7524 -2.5143 33.5465 10.7250 37.7287 649.1491 923.0637 1237.4904 1288.3014 1140.2264 1082.7620 557.0261 676.3373 277.1475 293.2505 192.8285 62.1505 18.3128 0.4201 82.0788 92.1460 17.6872 11.6837 8.8511 29.4136 26.6580 13.0233 10.3077 -12.8669 0.0000 -0.9010 75.6847 306.7614 633.4117 511.0729 730.6516 668.0351 533.6330 452.5937 276.5386 195.4180 184.3772 143.2487 96.4903 97.2422 -9.6537 -6.4179 -10.9780 -8.7509 17.4584 6.1149 32.6346 3.8898 5.9560 -11.9366 15.3632 4.0608 194.7986 827.8282 1317.6557 1866.9154 1484.0640 1290.3730 1193.2283 597.6533 541.8904 627.0230 318.0880 141.6078 134.9363 84.8682 103.6976 -9.2637 -1.7784 -18.9612 18.3598 -14.9279 -7.7734 57.1195 33.4453 63.8147 261.0566 148.0120 159.6027 84.6498 67.9155 54.4009 -8.9325 21.6177 -9.1941 -0.8594 2.9446 422.1022 206.9217 195.9788 91.5888 73.5781 14.8417 -4.9589 9.4812 8.8214 27.7557 23.3458 554.3681 253.7464 226.5362 50.2088 72.8692 36.4649 17.3819 -16.6618 4.8362 19.5913 20.8844 
0.0110 2.2514 2.7231 3.9818 2.4322 5.9164 2.9223 2.7018 3.8100 1.9537 2.7207 2.6951 4.1606 2.1611 2.0663 1.7061 1.2948 1.0024 1.1360 1.0908 1.4115 0.9426 0.4546 0.6250 0.2665 3.2972 -0.0003 -0.0358 0.6706 0.8205 0.9864 1.5531 1.6638 2.1777 1.3600 2.1644 2.2651 1.5943 1.4566 1.5953 1.1759 1.0946 0.9330 0.9052 1.0123 0.5973 0.8542 0.6310 0.8505 0.4549 0.1937 2.9371 0.0000 0.0731 0.8434 0.7749 2.6812 2.6969 4.1783 3.3803 3.0337 2.8032 3.1925 2.8546 3.0030 1.9683 2.9782 1.8177 1.2028 2.3369 1.1068 0.7244 1.3538 0.3144 0.7856 0.7501 0.6251 1.6969 0.0000 0.0802 0.4838 0.4658 0.9847 1.2110 0.7216 0.8094 1.3906 1.1921 0.6245 1.7073 1.2449 1.2724 1.5189 1.0693 1.0403 0.9197 0.5708 1.1384 0.5926 0.6463 0.7521 0.4097 0.3927 1.5262 -0.1578 5.0499 179.9506 398.5970 516.7342 494.3556 537.3341 464.0016 392.9162 330.8823 231.4398 162.6150 127.2456 51.7100 69.6364 41.8252 25.5699 23.0800 20.8338 6.4015 1.5530 1.1327 -0.0560 0.3586 0.9640 8.7335 2.9149 50.8480 492.8055 881.7983 1031.9292 1050.9122 943.0837 829.7301 710.1561 455.5612 416.5564 258.9163 204.4299 176.1194 122.6054 86.4738 53.9244 30.3474 27.7132 19.0925 27.2902 10.8029 8.2970 10.1197 1.5572 -2.6873 0.0000 0.9750 16.2858 236.2215 415.1950 550.3949 502.3293 667.7674 601.8171 456.9585 362.8765 284.4695 185.4682 99.2058 72.5233 85.4334 52.2772 11.2578 36.9753 10.4558 6.2374 6.0263 -1.4206 5.8287 3.5916 23.9703 0.3422 5.9738 177.7972 600.5616 1216.9490 1405.5737 1615.8748 1311.7068 996.3543 877.4015 702.5618 423.6654 402.7195 261.0499 157.8960 178.7869 101.8154 68.5458 58.2598 40.3008 27.0171 59.1505 9.3612 5.1986 7.7518 14.5388 230.7470 167.4899 102.0319 64.8005 22.2428 2.3767 14.3620 7.4408 14.2542 1.9336 17.2050 422.5243 291.6922 184.0925 104.9017 60.1972 34.0035 19.6385 7.4680 11.2086 1.4489 23.2646 391.9748 264.1959 187.6968 97.4603 59.7478 50.1328 31.4868 19.3697 3.8337 -0.1773 27.1662 
0.0042 2.0843 3.3218 3.5481 2.2350 4.9827 2.5072 2.7483 2.8805 2.5955 1.9958 3.4530 2.1611 3.9099 1.9706 1.7761 1.4752 1.2806 0.9499 0.9288 1.0910 0.9911 1.0540 0.7575 0.2628 2.8659 0.0013 0.2044 0.4093 0.8806 0.9483 1.3388 1.0936 2.3292 1.4679 1.9849 1.6589 1.3833 1.5315 1.1873 1.0551 1.1233 1.0105 0.8697 0.8985 0.6803 0.8039 0.7727 0.6703 0.2409 0.2016 2.7754 0.0000 0.2610 0.4922 0.2544 2.1087 2.2588 3.1959 2.2081 2.4112 2.1910 2.6625 2.3082 2.8344 1.8479 2.0243 1.7567 1.4901 1.8687 0.9813 0.7446 1.2529 0.6056 0.6581 0.8268 0.6094 2.6900 0.0000 0.0104 0.1517 0.3782 0.8219 0.7175 0.7302 0.7867 1.4316 0.8468 0.4347 1.4780 1.0613 1.6297 1.0403 0.8890 0.9412 0.6598 0.4832 1.1422 0.8412 0.4995 0.7150 0.0599 0.8678 1.4677 -0.8305 6.8955 174.6565 379.9285 468.6399 480.9624 461.8300 457.4327 349.8251 287.4164 187.3700 142.7517 117.8688 71.9492 51.0757 51.5223 20.9936 22.1997 11.2370 11.1444 0.2115 0.4494 1.5994 4.6530 -0.8217 7.1106 2.7165 41.0847 483.7822 723.9951 987.6311 987.2780 890.1908 809.0548 575.7646 454.5551 336.1660 262.3114 184.0016 162.8148 79.6662 60.3109 68.4463 42.7512 20.4886 21.7068 19.8130 13.7935 13.9459 10.3250 4.5401 2.2772 0.0000 0.3656 21.4457 224.7253 343.0443 434.2203 415.7810 515.7247 471.7052 357.5736 238.1792 235.6483 135.3087 68.9761 63.7842 82.1512 28.1746 6.9500 14.8737 2.1474 12.3545 2.8859 8.9879 -0.0811 2.4968 15.2229 1.5093 1.0282 148.9722 440.2433 935.4412 1133.0526 1263.5984 959.6144 819.8432 636.5177 543.7377 399.4172 320.3768 197.1454 138.1434 135.9207 90.4727 50.5389 50.7095 35.2396 26.2909 28.8389 5.1325 12.6435 15.3727 24.4909 240.5944 190.4929 116.2224 77.4174 35.6706 13.1949 8.0080 7.9203 7.6240 2.1851 14.1515 421.7096 318.0406 213.5745 116.5444 61.7030 27.9369 17.6523 6.9919 11.6560 10.4373 31.0510 434.5467 247.7816 195.3250 81.2871 60.8100 35.5441 25.1412 13.5978 5.6549 6.1742 32.4003 
0.0145 1.8674 2.4082 2.3052 1.1612 4.2597 1.3689 2.0804 2.2716 1.6314 1.7447 2.6387 2.0663 1.9706 2.8464 1.3077 0.5362 1.1468 0.7244 0.7678 1.3468 0.9421 1.0341 0.5858 0.1308 2.6726 0.0004 0.0210 0.2591 0.8656 0.7917 1.2382 0.8726 1.8009 1.0381 1.6657 1.5769 1.4941 1.4177 0.8539 0.9666 0.6616 1.0775 0.8592 0.7921 0.5239 0.6092 0.7686 0.7054 0.2691 -0.0386 2.3848 0.0000 0.0899 0.3909 -0.2074 1.5894 1.9506 1.8256 1.8390 1.8912 1.5885 2.0307 1.5906 2.2252 1.9738 1.5020 1.4154 1.2784 1.8139 1.0182 0.5607 1.0968 0.4791 0.4430 0.8384 0.4820 2.7292 0.0000 -0.0121 0.2749 0.1583 0.4254 0.4540 0.4026 0.5382 0.7379 0.7400 0.2477 0.9002 0.7994 1.2468 1.2759 0.5651 0.7438 0.6915 -0.0051 1.1342 0.7791 0.2699 0.6947 0.2534 1.0431 1.5881 -2.5537 3.7811 142.1741 291.7035 348.6695 366.2468 411.0417 364.0926 297.2816 224.8775 145.0780 119.0015 101.7200 62.2358 41.3702 49.8637 13.1629 24.2356 10.3334 13.0897 -1.2533 0.4171 -0.6649 5.7390 -0.2934 5.8969 -1.5157 28.6423 422.6880 583.6016 803.0429 776.2119 749.8376 683.4754 469.8000 349.9393 269.8434 227.0720 154.9066 132.7879 77.3090 45.7074 65.8407 35.8436 22.6779 7.9843 20.5569 8.6813 13.3236 13.1495 -2.6218 -0.3938 0.0000 -0.6291 10.6347 176.2069 258.9845 346.5334 265.2910 417.8133 408.4879 307.7163 195.5227 208.1181 107.9991 50.3382 38.4494 81.5205 30.0124 9.2031 14.2414 0.7485 8.0489 2.9831 4.5202 3.2044 5.6079 20.2942 0.4808 -3.7066 115.1681 335.9860 679.7674 855.8390 1066.1908 720.5677 653.3212 549.7678 486.2514 344.1373 258.5899 160.6768 140.3522 132.5616 81.1017 56.0612 38.2211 33.3597 24.9483 31.8201 1.3381 7.6358 10.8672 32.8291 169.2504 128.8441 81.6989 42.5075 20.9322 9.8590 9.2096 7.7630 6.0788 3.5297 10.3733 298.4619 214.2197 148.3546 71.1306 40.0107 16.6943 17.2650 2.0018 3.7092 5.3417 23.9224 267.1612 184.0472 153.3529 51.3495 32.8358 22.4943 21.7647 8.1597 -0.8546 1.4949 22.3321 
0.0045 0.8751 2.3963 2.4549 1.9488 3.3326 1.6310 2.4053 1.3412 2.2924 2.2345 2.9413 1.7061 1.7761 1.3077 2.7715 1.0860 1.4578 0.6349 0.7133 0.2143 0.7301 1.0528 0.4579 0.4880 2.4184 0.0032 0.4204 0.6913 0.5049 0.3193 0.7671 0.5350 1.5182 1.2561 1.5301 1.1439 1.2700 1.2345 1.0077 0.6450 1.1688 0.6598 0.9392 0.7366 0.5658 0.8475 0.5516 0.3787 0.0923 0.1255 2.0506 0.0000 -0.4057 0.3791 -1.0850 0.6143 1.6831 4.0678 1.5775 1.9304 2.3678 1.6383 1.7371 2.2612 2.7401 1.2980 1.7569 1.4640 1.3082 0.4270 1.0768 1.0393 0.7471 0.2291 0.9152 0.7906 2.7731 0.0000 0.2955 0.6749 0.7250 0.2860 1.0258 1.0646 0.9864 1.2343 0.4613 1.0972 1.3074 0.7907 1.2882 0.7562 0.8487 0.4900 1.0751 0.2975 0.7419 0.7259 0.5165 0.3950 -0.0422 0.7152 1.5564 0.5470 3.8072 103.2346 250.9955 340.7743 362.4018 379.3476 402.1466 308.1032 157.1702 147.1682 161.0759 79.1623 74.8359 28.9058 58.0102 14.3376 11.0749 6.7107 16.4643 -0.9587 -2.1002 6.3707 2.8935 -0.6627 12.7268 4.0558 27.7349 339.2258 528.6794 742.1451 782.8485 729.5752 641.2932 407.3985 426.2910 306.3119 201.8574 157.9610 104.3892 54.1740 55.2120 52.4487 36.0144 14.8049 22.4182 18.7721 15.4833 12.4490 6.8824 11.3322 -2.2591 0.0000 0.8312 33.7368 163.9001 317.2374 292.4166 390.9698 410.5868 334.8533 341.6672 223.7271 172.4990 169.1496 102.8529 86.0984 60.8075 21.8863 8.2010 11.8096 -3.6648 15.8296 2.0153 14.6742 1.8931 3.5991 3.3652 4.7311 10.6768 113.2256 396.6187 743.7061 951.3850 893.9812 892.2318 772.3660 499.7799 443.0743 388.7481 305.3718 161.7846 120.3089 118.4857 86.0761 42.5550 28.3944 7.0251 23.4512 24.0341 3.6577 27.7796 15.7356 34.9984 187.4472 134.8696 112.2901 61.2167 39.2357 22.4313 5.1997 10.8160 0.0933 0.4627 11.4497 343.0422 228.7416 170.8198 89.3349 65.7705 21.3214 7.7734 4.4801 9.7666 8.0769 26.1466 292.8111 156.2039 121.5509 41.7225 41.5272 27.6102 8.8394 -3.8360 3.6392 3.7927 13.3646 
0.0030 2.0124 2.8516 3.8448 2.8330 3.7097 3.3015 1.7466 3.7873 2.0538 2.1289 1.4334 1.2948 1.4752 0.5362 1.0860 3.1471 0.0975 0.8738 0.7087 0.2420 0.2559 -0.3632 0.4685 -0.0089 0.7090 -0.0005 0.1781 0.4039 0.6060 0.7005 1.1008 1.7488 1.4192 1.3697 1.4003 1.8906 0.3762 0.8358 1.5606 0.8674 1.2354 0.1899 0.5079 0.9039 0.4419 0.6945 0.0363 0.2739 0.0603 0.2973 1.2329 0.0000 0.7183 1.0542 1.6035 2.1440 1.6203 3.4021 2.6001 1.5670 1.9302 2.3423 2.3474 1.0392 -0.1035 1.9437 1.0158 0.1177 1.1381 0.0708 0.2719 0.3264 -0.2025 0.9182 -0.0949 0.1190 -1.4761 0.0000 -0.0163 -0.1953 0.0749 1.0083 1.1063 0.1872 0.2113 0.6224 0.9140 -0.0845 0.4649 0.4676 0.5180 -0.5155 0.5228 0.6747 -0.3482 0.4513 0.5063 0.1676 0.1747 0.0221 -0.4217 -0.5198 -1.3606 3.1822 7.8210 138.5231 312.3982 398.7641 397.2387 318.4715 311.7656 236.7500 262.3684 147.9161 84.5741 74.9054 -7.1671 71.9020 -9.0784 22.0759 12.9530 12.4405 -4.6809 5.0494 -1.8665 3.0284 -0.1104 -1.0760 -5.3489 5.7591 52.2684 335.9631 617.0367 823.1619 807.5267 688.5490 542.9745 476.3169 311.8523 337.5696 144.5345 77.8030 153.8579 48.4468 83.1760 14.5606 -3.4605 -2.3048 31.3693 12.7717 1.0194 0.2530 -6.1815 13.2600 -6.6506 0.0000 2.8794 10.2654 172.4001 227.5998 339.2462 334.7258 382.5589 293.4006 240.6628 147.7459 148.9137 78.4833 1.1511 42.8344 -5.9554 10.6457 -4.6803 10.5249 -3.8052 6.8548 -2.8947 -1.5215 -6.9970 -4.8231 4.9340 -5.7015 18.7858 126.0114 301.6449 803.4178 790.1030 864.0967 750.2456 520.9975 379.5305 251.0664 53.7387 187.6488 84.3646 -13.1354 34.0840 7.7187 3.3005 24.2094 10.7429 7.1464 28.9243 4.3372 -21.3954 -4.2327 -51.6577 161.3097 133.6381 56.4448 67.8639 17.9986 -12.3601 10.7173 -4.4132 13.2260 -1.7693 16.0416 248.5669 235.4421 124.8128 88.4659 46.3697 24.9200 7.8232 2.0677 14.4553 2.8478 24.8808 309.8077 124.8574 105.4907 64.8871 56.6086 33.8191 11.3882 20.1415 6.9600 0.1438 22.4014 
-0.0157 -1.5535 0.8352 -0.6212 1.1749 0.9201 0.0276 2.3732 -2.1871 2.7207 0.7035 3.2781 1.0024 1.2806 1.1468 1.4578 0.0975 3.6924 -0.0299 0.3584 -0.1907 0.9415 2.5009 0.3389 1.0849 2.6022 0.0074 0.5559 0.4413 -0.0926 0.1154 -0.1789 -1.0593 0.8726 0.6651 0.8249 -1.2738 1.2996 1.3846 -0.4771 0.0027 0.9022 0.5468 1.0771 -0.0034 0.4457 0.7016 0.8659 0.2610 0.0878 0.3540 2.3691 0.0000 -1.2263 -0.7763 -2.1340 -0.3401 1.1880 3.4188 0.2670 2.3111 2.5870 1.3450 0.9757 3.3972 4.7546 0.7346 2.2349 2.9689 0.4790 0.8465 1.8763 1.4877 2.3057 -0.6677 1.6537 1.1238 7.2902 0.0000 0.3831 1.3301 1.4510 -0.5176 0.4823 2.2752 2.2264 2.1418 -0.0289 2.5425 2.3234 1.1685 1.9139 1.9542 0.9028 0.3861 2.4391 0.7057 0.4110 1.2759 0.9999 0.6105 0.5228 1.5805 5.5713 -0.8916 -2.0970 22.8622 104.3455 131.8507 208.2229 211.2618 295.2618 210.0942 -35.4336 61.7082 145.8483 36.8098 135.8232 -67.7556 87.1547 -5.9031 2.0546 -9.6506 17.7502 -4.0384 5.5474 5.7875 4.4133 -1.1913 26.1734 7.3101 -7.3180 211.0256 220.8506 290.9090 380.4463 351.0187 409.7656 136.9493 354.4914 25.0359 131.5710 98.8278 -44.7355 -16.4270 -39.0832 54.0331 71.8887 20.5947 6.0585 -8.5525 29.2113 22.1993 11.3096 8.7759 20.8324 0.0000 -2.0410 53.0835 101.9339 408.9968 234.1374 555.2219 386.5618 327.6377 311.4028 250.8066 151.8221 180.9559 181.6188 106.0802 99.7075 1.5867 16.0102 -5.3999 10.0501 12.1077 6.2665 31.4468 6.9940 4.9114 -16.0525 15.5291 -1.1960 69.0486 572.0797 718.6790 1275.5847 850.7453 973.5659 998.0685 566.5556 501.9239 692.5594 312.4967 218.3186 203.4751 93.3929 111.4849 25.3541 6.6845 0.6231 24.3206 -31.7601 12.5245 68.1661 33.0809 116.4340 146.5239 76.7032 121.8285 44.5957 57.4751 64.6508 -9.2177 17.6291 -15.0092 0.3747 -5.9674 285.7780 133.3599 147.3074 77.4996 56.8684 12.7766 -0.7145 14.0663 4.1509 26.7017 18.0211 253.1003 114.9837 90.8961 7.1959 32.0292 8.5235 2.2091 -24.0293 4.2507 16.7388 7.1719 
0.0239 1.8249 1.6786 2.2252 1.4698 2.7594 1.7089 0.8927 2.7744 0.5401 1.7627 0.5292 1.1360 0.9499 0.7244 0.6349 0.8738 -0.0299 1.5304 0.4073 0.6085 0.2230 -0.5207 0.2453 -0.1104 0.8410 -0.0023 0.0128 0.1624 0.6274 0.5540 0.8602 1.3134 0.8384 0.8128 0.7112 1.6833 0.6744 0.6658 1.2773 0.7540 0.4327 0.3765 0.4001 0.7106 0.2020 0.4595 0.1432 0.3930 0.1482 -0.0597 0.8356 0.0000 0.5001 0.8425 1.6672 1.5121 1.6671 2.0527 2.6455 1.4204 1.9715 2.1636 2.0467 0.6203 0.6025 1.7310 1.0650 0.3200 1.5439 0.8223 0.4490 0.5061 -0.0618 1.0282 0.3631 0.1423 0.4845 0.0000 -0.0544 -0.0185 -0.3374 0.6896 0.8130 -0.0159 0.3163 0.4939 1.3653 0.2607 0.2950 0.7493 0.5928 0.2365 0.5712 0.7725 0.1498 0.4903 0.7591 0.2681 0.1624 0.1942 0.2778 -0.0965 0.1367 0.7125 3.4158 112.8816 215.5697 264.4416 230.8277 226.5359 174.6866 137.7100 183.0116 118.0809 65.9612 57.3488 -9.1951 70.1857 -5.8427 16.9035 7.0385 8.2492 -0.2566 2.8871 0.9136 -0.1479 -0.5169 0.1531 -9.4309 1.3760 27.4567 224.5646 387.2410 514.4857 490.7814 445.6293 333.8212 331.8110 198.9713 249.6312 114.6833 89.7627 121.0687 64.2576 67.6817 20.8190 -1.8509 9.7866 19.3243 15.0248 -4.4598 -3.5818 1.4453 2.3369 2.1705 0.0000 1.4722 -6.5696 109.6082 130.1031 269.5955 211.0561 303.2988 285.5783 254.6348 180.3876 176.4558 95.5131 43.5519 56.7053 26.7703 34.6870 10.8567 26.1905 3.3655 4.6254 1.9356 -7.3172 -1.0730 1.0507 13.8132 -5.3203 10.3227 81.0416 224.9669 546.6530 514.0672 742.2669 649.9233 503.2643 475.3891 375.9679 148.1376 230.8776 148.6421 67.1567 104.2382 55.4211 48.5657 44.5001 33.4624 23.9341 38.2926 12.9626 -12.9749 -7.1966 -8.1076 144.4162 124.4350 52.9166 44.4129 6.4083 -9.7018 14.7877 -0.2009 10.9326 0.5541 13.4806 246.8128 225.8979 125.9202 68.1037 36.6343 21.9601 20.4111 2.3740 8.9749 -1.1192 22.0099 193.4151 120.4173 84.9612 57.3170 32.2337 24.0499 11.7676 18.9239 2.7148 -4.8741 20.4371 
0.0003 1.0484 1.6231 2.0538 1.0270 2.1919 1.3883 1.1633 1.7280 0.9519 1.0851 1.0177 1.0908 0.9288 0.7678 0.7133 0.7087 0.3584 0.4073 1.5299 0.5830 0.2813 0.1767 0.3244 0.1179 1.3858 0.0000 0.0051 0.4504 0.3020 0.3889 0.6810 0.7405 0.9824 0.6038 1.0718 1.2090 0.5584 0.7793 0.7470 0.5359 0.5777 0.4013 0.4175 0.5081 0.3355 0.2951 0.1618 0.3537 0.2176 0.2608 1.4950 0.0000 0.1868 0.5981 0.4648 1.0791 0.9676 1.4722 1.2724 1.3297 0.9876 1.3040 1.0693 1.3135 0.5066 1.2805 0.6795 0.6327 1.0107 0.4995 0.2722 0.5952 0.1523 0.5184 0.1705 0.2854 0.9806 0.0000 -0.0047 0.1079 0.2247 0.5113 0.5257 0.3473 0.2915 0.6463 0.5179 0.2139 0.7891 0.4667 0.4320 0.5131 0.6749 0.6417 0.2444 0.3287 0.5598 0.2798 0.2940 0.3099 -0.0428 0.1329 0.9549 0.0408 1.9709 77.4289 173.6013 223.1584 202.3741 222.2156 196.7622 154.4085 141.0955 88.9506 49.9234 60.6569 24.8552 34.1858 16.8375 12.1110 14.5116 8.9759 4.4797 1.3006 -1.0833 0.6730 0.8525 0.6886 3.1839 -0.5910 27.0666 221.6187 375.7547 452.5198 443.6243 402.8572 348.5176 291.5010 185.4954 192.2513 130.2202 96.9942 82.0341 60.2137 48.1701 22.9871 13.1880 14.0080 6.4412 15.4083 2.9937 5.8573 1.6941 4.6222 3.3450 0.0000 0.6062 9.3926 104.4721 151.0500 235.0124 210.1022 274.0105 241.1120 186.5149 140.9068 115.7719 85.9096 26.9387 25.8544 30.7794 24.5009 10.7009 15.5232 6.6044 4.5960 1.2976 -0.3294 2.0455 1.4714 9.9620 -1.6295 4.5309 78.6024 256.2489 504.4346 579.0571 643.9321 535.9897 420.5173 381.7621 315.4887 181.8435 188.0702 130.2945 82.3170 72.7492 42.8267 39.9624 32.7396 18.6688 16.5752 30.6028 5.9953 1.5437 5.3602 8.4507 99.3431 89.0528 53.1415 34.8512 14.4999 -0.1348 5.2031 4.0371 5.6585 2.6477 14.3308 209.7126 158.7993 102.3297 56.2062 29.0297 19.8536 12.0272 4.0999 5.1573 -0.7951 14.0317 176.4446 125.7862 84.1962 49.5542 28.5074 17.8068 14.8520 7.3439 2.5998 2.9008 14.9177 
0.0194 1.8226 0.6992 1.6296 -0.0517 2.9840 0.9114 0.4198 2.6693 -0.2679 0.6287 0.4056 1.4115 1.0910 1.3468 0.2143 0.2420 -0.1907 0.6085 0.5830 2.8951 0.3750 -0.2205 0.3248 -0.3394 1.3224 -0.0040 -0.3912 -0.0999 0.5845 0.6933 1.0367 1.1315 1.0780 0.2379 0.9415 1.8143 0.6658 0.7824 0.8934 0.7901 0.0315 0.6878 0.2355 0.5543 0.1748 0.1455 0.3054 0.5987 0.3269 -0.0521 1.4555 0.0000 0.5387 0.6311 1.0780 1.6630 1.1664 -0.4587 1.8020 0.8584 0.2708 1.4971 1.0329 0.8568 -0.2495 1.3413 0.3628 0.0758 1.5612 1.0389 -0.1920 0.4921 -0.3148 0.9042 0.0451 -0.0408 0.1968 0.0000 -0.2480 -0.3781 -0.5025 0.6581 0.0676 -0.4888 -0.3809 0.0214 0.8515 -0.6751 0.4809 0.4548 0.2865 0.9716 0.3517 0.7618 0.0425 0.0653 0.9123 0.2447 0.0464 0.5519 0.4859 0.2572 0.4205 -2.5443 1.5650 82.1927 140.3632 148.9725 141.6937 196.8471 102.6146 121.9069 193.5146 84.4050 20.1260 72.6411 -4.5281 55.7289 -2.3359 12.2379 26.0130 17.2552 0.8298 3.0307 1.8904 -5.9482 2.8435 1.2520 -5.0172 -5.2617 20.8355 205.5835 320.2552 384.0492 347.8766 360.9327 321.5234 351.4665 112.5199 197.2495 137.3457 106.5625 132.0635 97.9554 54.6182 37.3828 3.1349 24.7723 2.9103 17.7871 -3.5089 5.6536 8.0387 -11.1996 4.8555 0.0000 -0.3767 -22.4901 73.3170 35.0425 199.8981 -12.4299 213.4346 264.4158 141.7876 117.5818 155.7059 36.2645 -4.2005 -11.2965 53.7332 45.3994 14.5124 22.4794 11.2741 -1.1644 1.4267 -11.4330 2.2329 2.8783 30.7344 -7.1457 -8.7487 62.6606 84.7097 317.4139 314.1075 713.2582 319.1615 259.8710 431.8466 365.4805 131.2720 178.2470 141.5987 102.5674 123.0881 38.7528 72.3827 43.9260 50.6593 17.9796 49.4246 9.2069 -20.5943 -3.7258 5.8472 95.3095 83.5260 20.1864 18.0684 -5.8483 -14.9846 15.5469 -1.8529 14.2740 4.8301 12.4551 199.6524 173.6071 90.8012 56.9309 19.1611 21.3533 25.0385 1.1452 1.9661 -6.5574 16.6883 105.1525 135.5238 106.4842 60.9481 23.2049 21.7802 29.8687 21.9476 -4.0184 -5.5711 23.5654 
