0.0519 0.0570 0.0625 0.0515 0.0280 0.0410 0.0119 -0.0104 0.0671 -0.0286 0.0526 -0.0117 0.0112 0.0042 0.0145 0.0045 0.0029 -0.0157 0.0239 0.0003 0.0194 -0.0065 -0.0331 -0.0052 -0.0171 -0.0174 -0.0001 -0.0024 0.0018 0.0269 0.0063 0.0249 0.0328 -0.0019 0.0104 -0.0098 0.0620 0.0142 0.0114 0.0398 0.0146 -0.0160 0.0057 0.0090 0.0223 -0.0096 0.0095 0.0011 0.0084 -0.0045 -0.0197 -0.0309 0.0000 0.0097 0.0287 0.0337 0.0068 0.0449 -0.0044 0.0631 -0.0178 0.0264 0.0165 0.0277 -0.0547 0.0028 -0.0097 0.0132 -0.0197 0.0332 0.0124 0.0022 0.0022 -0.0221 0.0284 0.0118 -0.0109 -0.0290 0.0000 0.0014 0.0048 -0.0290 0.0025 0.0161 -0.0289 -0.0152 -0.0236 0.0354 -0.0102 -0.0425 0.0001 -0.0057 -0.0214 -0.0069 0.0039 -0.0078 -0.0120 0.0215 -0.0010 -0.0239 -0.0079 0.0140 -0.0111 -0.0538 -0.0307 0.0423 4.0506 4.6252 3.6970 2.5892 4.5153 2.1398 1.5204 3.0861 2.3125 1.5071 1.2629 -0.9873 2.9285 -0.4575 0.4633 0.2026 0.1225 0.1166 0.0140 0.1159 0.0083 0.0527 0.0025 -0.6447 -0.1143 0.6717 6.2488 5.7151 9.8989 6.6801 8.1393 2.5836 2.9434 2.7649 6.7477 1.4992 2.3725 3.4496 2.2728 2.3551 0.7413 -0.7536 0.3040 0.4343 0.6316 -0.6858 -0.2349 0.0619 -0.0504 -0.3160 0.0000 0.0590 -0.5060 1.7485 -2.9290 0.2895 -5.6826 -0.7490 0.0836 3.6503 0.5700 3.1133 1.6224 0.1163 0.9215 0.0917 1.1682 0.5223 0.7058 -0.1429 0.1774 0.0660 -0.3632 -0.0543 0.2099 0.6970 -0.3247 0.4265 1.6401 -1.3446 -2.0678 -11.9792 -2.9605 -2.4932 -1.2683 1.4251 3.6550 -3.2088 3.6978 1.3086 0.6495 3.2029 0.9939 1.8291 0.8112 0.8232 0.9985 1.4433 0.4756 -0.9133 -0.8063 -0.5697 1.5476 1.7519 -0.1450 0.2797 -0.4905 -0.7953 0.5787 -0.1536 0.1952 0.0183 0.4099 1.4754 3.1029 1.0828 -0.0865 0.2996 0.0378 0.7313 -0.2879 0.0401 -0.3383 0.6506 -1.3538 0.6037 0.8755 0.4660 0.0461 0.1733 0.0281 0.3392 -0.2690 -0.5488 0.2963 
0.0570 6.8084 5.7492 6.0325 3.1545 5.5105 3.2187 1.1458 6.4721 0.1335 2.8773 0.6101 1.4713 1.3578 1.2461 0.6078 1.2132 -0.8803 1.1835 0.6606 1.1597 0.3312 -1.6421 0.1145 -0.9682 -0.3994 -0.0042 -0.0864 0.4583 1.6538 1.2262 2.3545 2.8002 1.6049 1.7443 1.8570 3.7611 0.5660 0.8485 2.1554 1.4367 0.4935 0.7129 0.3505 1.0817 0.0176 0.4328 0.2896 0.4894 0.0594 -0.9384 -0.8957 0.0000 0.9708 1.5302 2.6593 2.7558 2.5929 0.7885 3.1331 -0.0908 0.3683 1.1284 1.4955 -1.9718 -2.3691 0.1499 -0.4594 -2.2626 1.2749 -0.8160 -1.6187 -0.3912 -2.3191 0.6911 -0.2989 -0.8673 -8.2654 0.0000 -0.0815 -0.5827 -1.3456 0.7858 0.8981 -1.4697 -1.7469 -1.9262 0.5750 -2.4013 -2.0648 -0.6082 -0.3016 -1.2380 -0.7408 -0.1949 -2.3888 -1.1507 0.8092 -0.7433 -1.2999 -0.3155 -0.6149 -0.9081 -8.1224 1.2298 11.2781 361.2263 531.7830 632.0636 552.6521 514.2228 363.6707 293.0346 389.9888 160.8358 42.6793 64.1840 -94.8149 130.2713 -38.1818 29.6195 19.9377 17.2795 -19.4147 1.8782 -2.4296 -2.5115 -0.2459 -1.5557 -18.1661 3.0497 80.5380 535.7613 897.9073 1217.5820 1051.2780 933.1990 648.8551 524.0566 235.6173 412.0884 165.3059 84.6691 209.9599 77.3565 109.2662 2.3206 -23.1477 -12.3813 14.3116 31.6028 -28.9043 -19.7746 -3.8292 -11.8376 -65.3739 0.0000 5.1046 1.0292 271.9982 82.5380 299.2033 -125.8148 195.4735 114.5804 89.4519 -88.8042 16.0483 -137.2680 -145.9677 -42.6245 -84.8749 -4.7271 -29.6992 3.2627 -30.4694 -6.0718 -2.2323 -28.5320 -10.1103 1.8667 17.6923 -16.3375 18.3996 153.0487 -51.9361 209.0158 -314.7294 205.0908 -243.9269 -299.2730 -265.9404 -173.6957 -555.9033 -94.3098 -211.4407 -198.2713 -12.2173 -55.4803 -41.8037 2.6150 -11.7256 2.0539 59.5746 -19.4382 -79.0120 -38.1866 -160.8629 218.5045 191.8826 39.7972 62.4251 -18.7553 -56.1643 25.9510 -6.9330 25.3940 -2.6111 23.9118 239.3069 265.1335 110.8608 35.3932 31.0540 14.6440 16.4423 -12.5196 10.6279 -11.7157 18.2461 319.5413 164.8129 164.4105 71.5168 37.9877 42.7250 22.9449 39.6763 -3.0765 -13.4642 24.7610 
0.0625 5.7492 14.5287 9.4989 6.3904 6.5481 5.9102 3.6439 7.1470 2.7070 3.9405 2.5449 1.9915 2.2260 1.5501 1.5546 2.1501 0.2147 1.2734 1.1153 0.6064 0.5270 -0.6419 0.3817 -0.4984 0.1502 0.0008 0.2676 1.1211 2.0072 1.6031 2.6257 3.1016 2.2793 2.7897 2.5136 3.8198 0.7035 1.6162 2.2290 1.5607 1.4657 0.7900 0.8287 1.2720 0.3533 0.8870 0.3799 0.3308 -0.0914 -0.5115 0.0096 0.0000 1.1868 3.1504 4.3873 5.1144 4.7831 3.5777 3.6962 1.1853 1.2470 1.1764 1.7258 -1.2861 -1.7397 -0.2209 0.0241 -1.5176 0.5684 -1.2715 -1.1373 -0.2438 -1.7163 0.5988 -0.3010 -0.4659 -7.2851 0.0000 0.0820 -0.0329 -0.3537 1.2633 1.5614 -0.3787 -0.9901 -1.5072 0.3013 -1.7228 -1.5601 -0.7633 -0.0752 -1.5609 -0.4415 -0.0891 -2.0864 -1.0435 0.6161 -0.4876 -1.1659 -0.3165 -1.0361 -0.6117 -7.6232 3.8474 19.7525 654.6061 987.0815 1084.9934 1017.0677 879.0888 723.3316 548.3722 497.3243 241.4591 126.9193 100.3975 -35.9784 124.8178 -12.7251 33.1843 28.3836 18.1992 -12.4776 4.4170 -4.6657 2.9441 3.1647 -3.1041 -8.3059 9.7695 125.8016 1003.2690 1460.7035 1842.4951 1604.6802 1326.8954 940.4834 662.5583 452.6629 499.8219 233.6092 115.6829 229.3360 61.9229 117.2191 27.0937 -3.3415 -18.1531 34.9769 29.6747 -13.7401 -7.9984 -6.4792 2.9528 -57.5234 0.0000 8.1265 80.4870 527.0071 536.3528 632.9494 318.3778 458.2070 201.5284 173.9521 -116.3680 -5.9079 -149.6584 -147.6508 -36.6507 -109.1034 -35.8241 -32.8015 -22.6729 -33.5840 3.6354 -5.5418 -11.6131 -15.4501 -1.9943 0.4222 -11.6735 33.7471 335.3923 512.0205 811.9172 293.3158 350.4030 -95.1119 -197.2292 -433.6901 -350.0911 -546.0896 -127.1004 -271.4225 -225.4474 -72.1117 -66.2754 -61.9855 -17.8835 -33.3773 2.0206 28.5209 -24.3634 -64.9178 -27.8354 -155.8898 227.4881 163.7294 47.7622 77.7564 5.0366 -35.9345 20.5920 -3.9248 16.4405 -4.0318 20.1900 186.7827 209.6179 93.8183 49.3685 48.2438 14.3055 2.0878 -12.8137 12.6612 -0.3674 28.4550 536.7986 189.6770 211.2426 84.2151 71.6088 54.8893 20.9200 32.1629 0.9336 -3.0592 30.3425 
0.0515 6.0325 9.4989 14.1203 6.2572 8.2276 7.1700 3.5595 9.9755 2.6213 4.9512 2.6844 3.1571 2.8738 1.7516 2.0157 3.2006 -0.4901 1.7559 1.6323 1.2176 0.4995 -1.7185 0.5187 -0.8118 0.6485 -0.0024 0.2340 1.5527 2.0753 1.7111 3.6277 4.3058 3.1573 3.0869 3.8375 5.5884 0.8100 1.6572 3.5715 2.0453 1.9328 0.8625 0.7818 1.8754 0.5035 1.1114 0.2372 0.5641 0.0634 -0.4855 0.3089 0.0000 1.1972 2.4883 3.1841 4.6089 4.0274 2.9809 4.4598 1.1513 0.8632 1.8328 2.8324 -0.7645 -3.2679 1.3627 -0.2946 -2.6939 1.2867 -1.7639 -1.7957 -0.2574 -3.0070 1.0311 -0.9379 -0.6783 -11.9481 0.0000 0.0347 -0.7832 -0.6984 1.8454 1.9115 -1.0549 -1.9956 -1.3753 0.5259 -2.8189 -1.3134 -0.6666 -0.4454 -1.6702 -0.5014 0.0822 -2.8456 -1.2051 0.8783 -1.0454 -1.1992 -0.3000 -1.4599 -1.6617 -10.4918 4.6815 16.8075 557.5681 937.2115 1134.1330 1090.0158 975.5657 816.2657 661.7060 660.0745 332.8988 156.2445 144.4549 -85.9704 184.0446 -31.9816 51.7505 48.0892 35.5494 -21.0385 7.0344 -10.8138 2.9222 -0.8493 -2.0109 -8.7701 9.2601 152.4495 970.4771 1722.5325 2154.1606 1991.0761 1704.0249 1249.9537 1045.5344 588.2840 772.4166 329.8727 203.6785 334.8341 137.9190 194.1199 11.1530 -27.4634 -16.5305 43.8322 48.6084 -17.8766 -16.2749 -10.1573 5.1949 -82.9809 0.0000 8.8328 41.2727 456.9321 410.0078 622.8069 219.1571 552.5498 309.4680 235.0253 -11.2885 57.0684 -110.4734 -173.4436 -41.2876 -124.4842 -12.9888 -41.3829 -3.8945 -36.6749 -3.0127 -11.1772 -23.8507 -14.8936 -3.3315 20.2212 -17.3943 39.9360 321.4714 317.6487 930.7898 311.0302 706.9857 236.7921 -68.9354 -185.0459 -178.2516 -611.8690 -17.3098 -229.0694 -253.0343 -25.6659 -83.1895 -59.9010 -1.5687 -31.1814 -12.8660 82.1777 -25.9452 -87.5819 -35.2208 -231.0005 295.2682 249.2070 64.3247 104.2898 -3.8222 -67.1734 28.7158 -11.4488 34.4066 -5.1733 35.8889 332.2314 341.9173 145.7035 85.6727 67.4714 29.2795 6.1338 -14.4744 21.3071 -15.4857 27.4446 656.0265 336.9881 294.0259 147.2056 102.5452 87.8041 41.2096 51.1327 2.5369 -12.6318 33.0081 
0.0280 3.1545 6.3904 6.2572 7.8812 6.8308 5.5404 3.6120 5.7965 3.3449 4.1517 2.7290 2.1642 1.9545 1.0546 1.6471 2.5237 0.8015 1.3863 0.8831 0.0775 0.5969 -0.3816 0.3112 0.1333 0.5923 0.0019 0.4188 0.9597 1.3366 1.4850 1.9518 2.5982 1.7599 2.5647 2.1560 2.3111 1.0541 1.7043 1.9814 1.3187 1.6224 0.4205 0.9030 1.0183 0.4067 1.1453 0.2642 0.4136 0.0411 -0.0991 0.4255 0.0000 0.6427 1.6684 3.5834 4.1145 4.3965 7.0059 5.3723 3.4163 4.5155 4.1110 3.9323 0.9967 1.2668 2.3908 1.8936 0.2024 1.4899 0.0250 0.5922 0.5124 -0.0082 0.6481 0.4839 0.0066 -2.7773 0.0000 0.0934 0.5921 0.1245 1.3617 1.8878 1.0196 0.9206 0.7001 1.4793 0.6673 0.3296 0.7094 1.0580 -0.4705 0.2019 0.5611 -0.4204 0.5634 0.4833 0.1616 -0.0929 -0.0678 -0.2367 -0.5729 -3.2848 5.3406 12.6017 419.8226 754.8722 889.5715 847.6584 694.4471 605.1787 442.1111 390.0162 243.2430 167.4292 83.8222 -7.6099 77.6736 -14.0995 21.0309 7.0688 9.4230 -12.9200 5.8393 2.1443 3.1536 -1.6455 -2.8690 -6.8755 15.8668 93.1484 782.4991 1257.6646 1551.6047 1424.0157 1162.4735 854.4467 675.1176 484.4719 422.6573 171.0688 64.0284 159.2703 11.2956 74.3694 7.2767 1.2749 -12.9908 37.3590 4.6091 -4.6871 -10.2403 -10.3530 7.6989 -28.3133 0.0000 5.2732 52.6945 421.9115 681.5706 787.8398 803.2887 760.7698 539.4048 459.1343 221.8631 192.4758 43.1675 15.2164 72.5933 -50.4249 -16.1506 -21.4294 3.0933 -19.2200 3.5801 -4.5256 -6.5910 -11.8653 -6.6394 -15.9540 -5.6172 38.1508 289.2047 906.6978 1607.7586 1605.7378 1487.6437 1224.1911 913.0502 442.7715 227.6317 -10.5919 147.1730 -17.0103 -116.8206 -27.7035 -14.6642 -51.0543 -7.7616 -21.2146 4.9403 7.3745 -4.3726 -33.4733 -19.9870 -94.4613 257.3195 176.9650 79.6063 77.9255 19.3429 -10.0935 14.1226 -3.7214 14.1855 -7.0144 8.4462 272.6631 263.6641 124.5380 81.5943 55.5332 21.1995 -1.3487 -1.4225 15.1335 10.6990 20.2900 634.7863 247.0764 213.1469 111.4165 93.1423 59.8692 18.1294 28.2503 9.3389 1.8909 35.1049 
0.0410 5.5105 6.5481 8.2276 6.8308 30.1019 7.5594 5.9084 12.1570 4.3028 6.7326 5.3345 5.6923 4.8036 4.0970 3.1940 3.6491 0.7496 2.7005 2.1107 2.9145 1.9644 -0.3941 1.1977 -0.2987 4.3696 -0.0023 -0.0507 1.3734 2.7013 3.0977 3.6564 4.8510 4.8216 3.8332 5.1024 5.7989 2.6008 3.1418 3.5101 2.8354 1.8022 1.7268 1.5113 2.0913 1.0287 1.2363 0.9177 1.5061 0.6170 -0.5271 3.5540 0.0000 0.9713 1.9870 4.0837 6.6452 7.5826 17.1056 10.4354 6.8390 7.9926 8.0201 7.3675 3.4018 2.9791 5.9898 3.4879 0.6198 5.8635 1.4498 -0.0477 1.7871 -0.6057 1.7815 0.8980 0.1118 -3.0930 0.0000 -0.0982 1.7623 -0.4959 2.6169 2.7941 0.8663 0.5310 1.0326 2.5953 -0.5161 1.6404 1.8384 2.3633 0.8851 0.5884 1.9662 -0.8524 0.9649 2.0322 0.8946 0.3219 0.8089 0.0835 -0.4819 -5.7323 3.0001 26.8436 522.8712 1082.6430 1418.7190 1189.2277 1122.5787 951.8602 756.5007 856.3154 477.3291 293.6508 257.2382 34.4499 164.8436 15.2241 38.7980 0.7718 42.7506 0.0138 4.4476 9.8378 -4.6525 -0.1798 -2.0832 -5.8141 12.2211 130.5982 1302.4038 2155.8518 2769.7717 2575.3777 2252.5879 1860.5540 1469.9968 902.2467 883.7484 433.4972 278.1520 456.7847 148.8063 155.3029 79.1127 30.5986 24.8713 49.6694 43.7977 -14.2717 -1.4489 -0.1398 -21.2664 -69.4903 0.0000 4.8641 24.3402 788.3551 994.5106 1477.6749 1102.7289 1462.7681 1324.1771 1001.4054 658.9974 576.2613 242.6825 69.7163 103.4136 92.2476 72.2198 -29.8112 72.2747 -22.0328 23.8981 4.3024 -29.5853 -15.1186 -2.3576 18.4991 -13.9453 21.9101 475.4522 1385.1196 3189.5842 3563.2219 4149.6319 2804.0858 2004.4337 1616.8452 1180.0309 333.9536 566.3115 203.4911 -31.9338 199.3938 58.8024 38.2122 70.8667 36.5296 37.8897 116.1779 -15.5564 -76.2370 -20.3228 -125.5867 440.9272 301.9759 131.3225 121.8648 13.8355 -43.1666 34.1823 -0.8479 41.0375 -2.6344 29.3010 615.9168 519.5725 249.4038 135.7346 83.5510 56.8864 28.1012 -3.8046 21.3046 -6.6195 32.2900 888.9353 446.3834 387.4406 197.8605 135.1827 109.9372 62.3197 61.0304 5.2021 -6.0883 72.4549 
0.0119 3.2187 5.9102 7.1700 5.5404 7.5594 8.7922 3.5316 8.4160 3.4481 4.2386 2.4013 2.8647 2.4256 1.3030 1.6168 3.2496 0.0139 1.6704 1.3432 0.8490 0.5807 -1.0839 0.6890 -0.2736 0.9244 -0.0014 0.2397 0.8495 1.5917 1.6968 2.4177 3.7375 2.8039 2.7323 3.1213 3.8980 0.8998 1.7989 2.6960 1.8140 2.0348 0.5105 0.8107 1.5421 0.6583 1.1780 0.1370 0.5538 0.1659 0.1462 1.3327 0.0000 0.9724 1.6532 3.0076 4.5570 3.5390 4.8486 4.9336 2.7924 2.7527 4.2744 3.9312 1.0294 -1.3417 3.4168 1.0886 -0.7409 1.7855 -0.3486 -0.3373 0.3019 -1.1179 1.2737 -0.4317 -0.1185 -6.1106 0.0000 -0.0710 -0.3555 -0.2970 1.8742 1.8939 0.0267 -0.0929 0.0685 1.4922 -0.9436 -0.0016 0.5028 0.5245 -0.9862 0.3045 0.9903 -1.5386 0.3688 0.6879 -0.2205 -0.1309 0.0470 -0.7228 -1.1360 -5.2030 5.8481 15.6886 388.3535 775.0281 944.3639 920.6220 740.3675 644.4690 516.5559 567.2083 301.2854 145.5775 129.4569 -47.0786 136.7895 -34.2207 39.9981 24.6725 24.1599 -22.0612 8.8561 -3.2755 1.7413 -2.3125 -2.1536 -11.1703 13.1757 116.6005 802.2859 1459.1585 1802.9851 1700.8226 1410.9172 1081.6427 977.1972 534.3022 597.8832 251.5913 114.1035 269.8074 74.6329 135.5472 3.8754 -15.3853 -18.0965 44.4052 20.5878 -5.8380 -12.1506 -11.7408 11.5582 -35.3873 0.0000 5.8606 22.8698 374.2965 494.8804 728.7151 600.9081 734.7225 532.8868 376.7490 193.4040 208.3713 12.6659 -63.7227 28.8738 -61.4606 -7.0952 -30.2386 8.9030 -17.7759 -1.5104 -7.0476 -15.4511 -13.5970 -9.7999 6.1366 -12.0125 34.9909 278.1738 639.1516 1515.5049 1339.9800 1546.4549 1142.1964 700.7817 466.8366 220.0645 -159.9596 146.0264 -0.7945 -142.1127 -20.3667 -38.3107 -51.4509 15.3952 -1.8736 -8.7323 41.4929 -9.8276 -60.1648 -22.2152 -151.9837 258.9747 180.9250 52.4046 102.3628 11.5718 -36.3102 21.9623 -10.4896 30.1234 -5.4575 21.8501 316.2283 297.4752 136.2996 110.0172 58.9180 33.3096 6.4347 -1.2302 22.0789 2.1695 28.9609 614.7737 230.9721 220.0650 135.5078 109.7660 76.9806 29.5345 48.5365 11.8036 -1.1309 42.8719 
-0.0104 1.1458 3.6439 3.5595 3.6120 5.9084 3.5316 6.0562 2.5580 4.2155 2.9390 4.4554 2.6632 2.7117 2.0353 2.3735 1.7960 2.2682 0.9228 1.1504 0.4175 1.2079 1.7663 0.7613 0.8389 3.4741 0.0055 0.4282 0.8799 0.7021 1.0358 1.2351 1.0198 2.4847 2.0566 2.5007 1.1280 1.7607 2.0046 0.9357 1.0126 1.7867 0.9369 1.3067 0.8436 0.8464 1.1168 0.8619 0.6331 0.2548 0.4598 3.2401 0.0000 -0.0831 0.5970 0.6562 2.7158 3.0885 6.5711 3.0443 4.0658 4.1043 3.5391 3.0467 4.0070 3.7641 2.7225 2.6740 2.5166 1.7634 0.8833 1.4983 1.6440 1.4788 0.2081 1.2596 1.0389 4.2744 0.0000 0.1495 1.0460 1.1431 0.7944 1.4274 2.0950 1.9879 2.2110 0.8078 1.7993 2.2734 1.3918 2.0922 1.4028 1.2239 0.9668 1.4781 0.8411 0.9026 1.1034 0.9439 0.6890 -0.0055 1.0134 2.7563 1.6256 8.1537 261.8545 570.3655 705.9840 706.2639 645.5882 650.5201 486.0269 303.0418 237.5558 214.6714 125.0570 117.6239 19.2364 74.5340 18.1060 13.5558 7.0342 11.8919 -0.1305 2.0339 5.7082 3.0195 -1.4961 19.1470 10.5696 57.3494 681.4816 1055.0691 1307.5882 1319.3260 1122.8958 1007.8651 679.9952 611.5100 361.1448 284.5411 179.4375 121.1811 48.1330 42.6746 61.2901 62.1013 16.9504 24.8535 11.9300 24.0241 16.0823 6.5755 12.0812 3.4307 0.0000 1.1908 65.1554 354.4486 702.8215 731.0702 907.8485 842.1480 682.5679 549.7690 382.5075 282.2700 209.3752 142.0846 113.9179 81.9970 13.8627 4.9074 11.1206 3.2526 15.0752 4.9564 18.2387 1.0112 1.1629 -6.0663 8.0496 13.8825 242.8421 983.7288 1657.9827 2095.5572 1866.9194 1657.0307 1375.4336 893.2794 688.4732 603.4532 403.0077 239.2002 149.6282 107.4246 103.0938 22.3414 33.4208 9.1752 24.9724 7.3265 3.1765 32.5811 23.1920 40.1452 269.5608 176.4209 145.9168 89.4438 57.0048 35.5131 2.2609 14.6210 1.9997 -0.4302 10.4036 445.7668 286.8517 212.6343 120.7798 77.4279 30.6800 4.9854 11.8688 13.8338 20.4829 27.6675 567.4275 261.2116 205.0402 83.8280 78.8760 44.8278 20.4475 3.1822 10.2103 15.2289 30.1966 
0.0671 6.4721 7.1470 9.9755 5.7965 12.1570 8.4160 2.5580 16.7411 1.3015 6.0363 0.5206 3.8395 2.8682 2.2662 1.3318 3.7705 -2.1827 2.7684 1.7171 2.6644 0.3907 -3.7380 0.7492 -1.8077 -0.0114 -0.0117 -0.1595 0.9434 2.8596 2.5256 4.4886 6.7116 3.8145 3.3529 4.0731 8.1709 1.1774 1.6892 4.9849 3.1912 1.6167 1.1520 0.7370 2.6791 0.5728 1.0719 -0.0772 1.1005 0.2990 -0.7619 0.4658 0.0000 1.9802 2.7059 4.6397 5.6356 4.8114 3.4283 7.9435 2.0023 1.9562 5.4594 5.1325 -1.5522 -4.8659 4.3347 0.2178 -3.3396 3.9666 -0.2019 -2.1330 -0.3157 -3.8384 2.9912 -1.3348 -1.1260 -13.6679 0.0000 -0.3778 -1.2567 -2.4208 2.7275 2.2799 -2.5916 -2.5247 -2.2425 2.9041 -4.0707 -2.1642 0.0509 -0.5180 -2.0847 -0.2266 1.6659 -4.1432 -0.6158 1.8570 -0.9708 -1.3815 -0.0718 -1.0079 -2.2847 -12.1097 4.4119 22.4768 511.3335 938.6437 1155.8701 1060.1383 949.7298 672.8896 583.3907 889.8381 391.3826 98.8955 192.4287 -183.3596 297.6613 -107.3717 64.3867 51.7487 51.2294 -34.0566 14.4546 -8.4193 -6.0769 -0.4637 -1.3464 -44.3137 2.4577 164.1943 1009.8762 1851.8947 2459.2275 2203.0139 1969.8251 1415.9374 1406.6197 541.9895 1007.6089 375.7249 195.2806 530.5619 202.7932 270.5169 9.5079 -79.9229 -17.5760 50.0117 61.4032 -46.5491 -30.5538 -15.0044 -7.2390 -77.7861 0.0000 8.4083 -50.4567 433.6062 208.0087 815.9834 125.3117 747.7291 617.6321 436.1377 131.7090 311.3172 -70.4503 -231.4966 -44.3451 -110.1532 39.6767 -34.8669 37.3276 -37.2778 -6.5149 -13.1024 -58.3526 -22.6529 -7.4594 51.9490 -38.6659 41.9085 318.1236 192.6609 1362.8003 635.1827 1794.9260 838.1544 371.5468 523.7217 287.9469 -651.5348 149.6653 -69.5429 -245.4962 53.4865 -87.8762 6.1526 56.9207 33.7707 0.7117 145.4404 -21.3280 -156.6576 -65.4154 -285.9898 345.0522 309.9107 24.4173 117.0396 -35.1127 -114.4048 57.0979 -27.2946 62.9277 -1.6312 52.0294 434.6295 524.3022 202.8881 134.4625 64.4395 51.8049 41.8427 -18.6777 24.4184 -29.7673 47.6405 659.3461 343.6984 326.6692 212.6873 120.9901 104.9437 56.8095 95.0795 1.5405 -27.4848 67.5319 
-0.0286 0.1335 2.7070 2.6213 3.3449 4.3028 3.4481 4.2155 1.3015 6.9709 1.8806 4.7249 1.9382 2.5984 1.6305 2.2930 2.0595 2.7253 0.5427 0.9451 -0.2752 1.1138 2.5115 1.0570 1.0358 2.8239 0.0079 0.6967 0.5570 0.4818 0.8007 0.8750 0.5117 2.2339 2.0932 2.1500 0.0279 1.1973 2.1854 0.1280 0.6901 2.0866 0.4898 1.5093 0.8259 0.9771 1.1866 0.9155 0.3349 -0.0256 0.8940 3.7063 0.0000 -0.1095 0.0037 -0.1875 2.0739 2.1253 6.5589 1.6821 3.5032 3.6272 3.0820 2.6295 4.2527 3.5686 2.0525 2.8127 3.1692 0.9682 0.4132 1.7425 1.6608 2.0091 -0.0504 1.0943 0.9448 5.4739 0.0000 0.1361 0.9865 1.4354 0.4788 0.9433 2.3887 2.2231 2.6757 0.3577 1.9171 1.8739 1.2467 2.2547 0.6081 1.1268 1.1039 1.4355 0.8163 0.6111 1.4682 1.0427 0.4889 -0.4849 1.1342 3.6698 1.8968 9.8898 167.5812 469.7161 576.2621 637.3336 498.4691 642.5295 433.8400 249.2523 194.1818 195.1224 122.6581 146.1268 -7.2803 87.5185 14.3494 9.3530 -7.0680 10.9598 -2.7275 1.8754 9.8990 6.7130 -3.4662 18.4669 11.9880 48.3528 598.7763 826.8882 1158.0750 1206.8542 994.4493 949.9697 515.9598 623.4500 251.1241 248.8324 118.2509 78.9038 -12.1090 11.1104 60.1440 72.3013 0.2415 29.2983 -1.8428 30.6492 24.7081 2.3489 27.7506 13.5878 0.0000 0.2966 71.5791 317.2620 620.0463 591.7020 921.5938 730.3114 575.4895 449.0274 316.0650 256.3255 222.9019 115.5312 117.2385 87.3956 -22.0118 -3.4291 -12.4066 1.9044 18.5104 1.6885 36.3727 -3.4269 -2.2817 -17.6012 11.8352 10.5394 203.2456 853.3226 1521.2774 2045.8540 1569.1410 1497.0748 1263.2549 683.0469 545.4743 616.6558 353.1090 205.3714 120.8111 33.6736 83.9520 -27.3426 16.2949 1.3283 18.7522 -32.4355 7.1854 43.1958 33.9257 45.4458 237.1370 161.2737 144.9916 106.0984 74.3761 49.0781 -10.3376 12.6326 -7.2020 -2.7074 6.7523 336.1804 232.1144 187.6601 104.5033 62.1057 17.1063 -3.9323 13.0919 15.4314 33.0219 36.3959 584.7164 217.5301 181.1014 45.0781 80.0824 22.5173 2.5450 -9.5885 15.0842 24.0087 21.5957 
0.0526 2.8773 3.9405 4.9512 4.1517 6.7326 4.2386 2.9390 6.0363 1.8806 6.5900 2.4253 2.7475 2.0089 1.7633 2.2197 2.1274 0.6806 1.7662 1.0909 0.6619 0.6247 -0.7580 0.2696 -0.0348 1.6679 -0.0009 0.2400 0.9664 1.5254 1.0718 2.1150 2.8096 2.0889 2.4648 2.2357 3.7984 1.9603 1.7538 3.0029 1.6683 1.3589 0.9064 1.1938 1.5671 0.4644 1.3564 0.3526 0.7888 0.1805 -0.4852 0.7469 0.0000 0.3726 1.4528 1.8695 2.6261 4.1571 6.3161 5.9593 3.2902 4.9866 4.6849 4.3838 1.1746 2.6449 3.0548 2.5572 0.5574 3.0369 0.8629 1.0279 0.9501 -0.1864 1.2291 1.1054 0.4287 -0.9663 0.0000 0.1418 0.8956 -0.3547 1.2302 2.3347 0.6148 0.9289 0.7405 2.3862 0.9006 0.4533 1.2425 1.2641 -0.0247 0.7628 0.8850 0.1514 0.3034 1.2941 0.4027 -0.0505 0.1276 0.1257 -0.2569 -2.0747 3.1377 7.6581 309.7349 592.5465 744.2805 689.4780 706.2243 579.2158 431.2098 367.3252 273.0896 208.3711 110.0995 -8.1949 132.5570 7.7515 30.3456 15.4888 15.4555 3.8820 3.4288 -1.0401 4.4150 -0.8967 -0.9983 -10.7169 7.3180 79.3192 688.3155 1142.1926 1523.7400 1419.1520 1313.0318 959.4248 781.7351 554.2665 621.8398 262.4251 190.2436 238.1757 98.0278 139.2147 36.3866 -4.1715 7.8210 36.5405 33.2908 -13.0951 -10.3063 -1.7900 7.8827 -30.2002 0.0000 4.1351 17.4894 322.3325 496.2184 670.8066 602.5411 771.0076 614.0654 633.6220 342.3193 315.4130 186.4867 72.8051 119.0941 4.1397 43.8539 4.5151 39.5097 -19.7678 12.1443 -0.4795 -13.1540 -3.5876 2.9994 11.1332 -9.8267 42.0269 232.5241 730.4762 1482.3738 1451.8356 1702.4461 1540.3170 1234.8313 860.0274 666.8471 202.8993 404.9744 172.4341 36.0074 139.7522 79.2743 52.8695 43.1519 7.8817 37.2971 71.7055 4.9205 -23.3600 -22.9836 -52.8002 293.5109 222.2242 112.6006 82.6448 17.6620 -18.4149 27.0676 2.8743 18.4592 -2.0314 25.7903 451.9859 377.2493 211.8956 103.8356 80.7774 32.2112 22.4171 -4.4780 13.9751 -3.1900 34.9685 449.2135 222.9181 187.0104 102.1099 68.5533 57.7693 17.6077 25.3077 1.8315 -10.3193 32.8010 
-0.0117 0.6101 2.5449 2.6844 2.7290 5.3345 2.4013 4.4554 0.5206 4.7249 2.4253 7.8151 2.6609 3.4514 2.6345 2.9386 1.4328 3.2826 0.5261 1.0154 0.4022 1.6433 3.0347 0.7670 1.1021 4.2179 0.0092 0.4707 0.6975 0.7296 0.7322 1.1543 -0.0757 2.8319 2.0252 2.7197 0.2861 2.1722 2.3012 0.4031 0.7696 1.7310 1.1977 1.5786 0.6557 0.8288 1.2572 1.3873 0.6482 0.1401 0.2616 3.3103 0.0000 -0.5330 -0.2172 -1.5077 1.4340 2.1761 5.7771 1.3489 2.9900 3.3636 2.4022 1.9793 4.4268 5.0829 1.2115 2.7903 2.9846 1.1874 0.4147 1.6084 2.0093 1.8668 -0.8753 1.8588 1.1791 5.5055 0.0000 0.2707 1.1992 1.4612 0.1368 0.9912 2.3809 2.0458 2.3004 -0.2591 1.9461 2.3895 1.1630 2.6533 1.7237 0.8811 0.2027 1.9563 0.3165 0.8089 1.3744 0.7102 0.8276 0.0176 1.7474 2.9081 -0.7543 5.5429 184.0122 452.1798 579.8603 644.3332 620.7565 694.3032 510.3110 199.9848 193.3928 239.8920 115.9613 167.0939 -30.1008 123.5217 9.6303 14.0085 -1.3980 19.7848 -6.9828 3.8833 8.3425 6.7206 -2.5167 33.6641 10.8012 37.6028 648.1636 922.4691 1235.3957 1286.7161 1138.2462 1081.6100 556.4743 675.7784 275.6002 292.5115 192.1196 61.2612 17.7254 -0.1784 81.8520 92.2476 17.6400 11.6470 8.6056 29.5325 26.6479 13.0068 10.2487 -12.8462 0.0000 -0.9083 75.8077 306.4797 634.8186 511.2779 732.2248 668.3459 533.7300 452.1563 276.6965 194.8767 183.8242 143.5762 96.4542 97.1071 -9.8991 -6.5487 -11.0974 -8.7140 17.3695 6.1056 32.6691 3.8955 5.9058 -12.1377 15.4319 4.0222 194.6933 829.2853 1318.9684 1870.3060 1485.1953 1291.6209 1194.3466 597.5965 540.9802 627.5923 317.3178 141.1875 134.4989 84.2228 103.3923 -9.7561 -2.1388 -19.1702 18.1435 -15.3131 -7.8180 57.2452 33.5027 63.8665 260.9774 147.5667 159.5445 84.5217 67.9491 54.5873 -9.0036 21.6161 -9.2195 -0.8940 2.7589 421.8370 206.3205 195.6403 91.6581 73.5864 14.8343 -5.1360 9.5393 8.8148 27.8600 23.1787 554.5044 253.3725 226.3048 50.1379 72.8923 36.5309 17.3971 -16.6830 4.8632 19.6599 20.8413 
0.0112 1.4713 1.9915 3.1571 2.1642 5.6923 2.8647 2.6632 3.8395 1.9382 2.7475 2.6609 4.1332 2.1503 2.0503 1.6953 1.3095 0.9806 1.1434 1.0885 1.4061 0.9314 0.4257 0.6228 0.2581 3.2571 -0.0004 0.0370 0.6489 0.7700 0.9586 1.5276 1.6591 2.1545 1.3656 2.1549 2.2865 1.5809 1.4513 1.6100 1.1814 1.0957 0.9243 0.9001 1.0169 0.5955 0.8552 0.6193 0.8474 0.4525 0.1928 2.9111 0.0000 0.0564 0.6281 0.7064 2.2031 2.4783 4.1204 3.3234 3.0625 2.8193 3.2276 2.8812 2.9726 1.9422 2.9928 1.8207 1.1906 2.3429 1.1092 0.7228 1.3384 0.3046 0.8039 0.7383 0.6163 1.6457 0.0000 0.0320 0.6968 0.3936 0.9701 1.1814 0.7071 0.8101 1.3634 1.2141 0.6141 1.6877 1.2434 1.2631 1.4945 1.0658 1.0476 0.8985 0.5769 1.1368 0.5870 0.6410 0.7447 0.4074 0.3751 1.4869 -0.1037 5.1230 180.8380 399.8470 517.5790 494.9453 536.5755 462.3920 391.3073 332.0191 231.4115 161.8046 126.9342 50.2360 70.6274 40.5552 25.6351 23.0636 20.8619 6.1701 1.6886 1.1061 -0.0904 0.3290 0.9470 8.2660 2.9358 51.2108 493.0383 882.1832 1033.4058 1050.7750 942.5607 827.1745 710.6965 453.7282 417.8637 257.7302 202.7694 177.2127 122.2174 87.1367 53.3412 29.4745 27.3893 19.4031 27.1532 10.4819 8.0226 9.8563 1.6426 -2.6052 0.0000 1.0169 15.8680 236.5639 414.8368 552.2902 503.4516 668.6846 602.3341 457.6168 362.5335 285.3119 184.8254 98.0016 72.5740 84.3348 52.2302 11.1879 37.0498 10.3392 6.1985 5.8693 -1.6986 5.6376 3.4356 23.9124 0.1212 6.3179 178.2168 600.6617 1220.5125 1405.4993 1618.3003 1313.7360 997.0707 878.2603 701.3843 419.3909 401.9947 260.4337 156.0065 177.6971 100.7726 68.3131 58.2477 40.4234 26.9485 59.2403 9.4311 4.3946 7.2940 13.3382 230.7063 167.8699 101.3397 64.8327 21.9024 1.8465 14.5502 7.1687 14.4319 1.8966 17.2410 421.2679 292.8179 183.7661 105.1021 60.0278 34.0469 19.7158 7.3518 11.2559 1.3649 23.3567 392.6115 263.7106 187.4694 97.9216 59.9915 50.1940 31.4092 19.7476 3.8825 -0.2949 27.3601 
0.0042 1.3578 2.2260 2.8738 1.9545 4.8036 2.4256 2.7117 2.8682 2.5984 2.0089 3.4514 2.1503 3.9102 1.9708 1.7763 1.4745 1.2815 0.9496 0.9287 1.0903 0.9914 1.0547 0.7575 0.2632 2.8660 0.0013 0.2242 0.4467 0.8157 0.9231 1.3174 1.0733 2.3213 1.4732 1.9826 1.6649 1.3793 1.5306 1.1866 1.0554 1.1238 1.0105 0.8699 0.8980 0.6805 0.8041 0.7729 0.6701 0.2407 0.2016 2.7754 0.0000 0.1426 0.3651 0.3087 1.7565 2.0467 3.1765 2.1809 2.4287 2.2151 2.6710 2.3195 2.8227 1.8508 2.0257 1.7574 1.4954 1.8682 0.9809 0.7450 1.2534 0.6063 0.6574 0.8272 0.6097 2.6914 0.0000 -0.0103 0.3356 0.2670 0.7874 0.7237 0.7469 0.7803 1.4255 0.8511 0.4310 1.4773 1.0620 1.6303 1.0403 0.8890 0.9409 0.6601 0.4831 1.1420 0.8415 0.4996 0.7150 0.0597 0.8684 1.4682 -0.8302 6.8958 174.6472 379.9246 468.6435 481.0146 461.8370 457.5060 349.8575 287.3446 187.3458 142.7887 117.8466 71.9888 51.0293 51.5485 20.9841 22.1925 11.2267 11.1502 0.2087 0.4482 1.6027 4.6552 -0.8235 7.1192 2.7209 41.0736 483.8020 723.9432 987.6569 987.3137 890.2220 809.1169 575.6762 454.6200 336.0840 262.3008 183.9664 162.7620 79.5976 60.2662 68.4537 42.7722 20.4776 21.7095 19.8003 13.8043 13.9505 10.3264 4.5440 2.2756 0.0000 0.3649 21.4696 224.7422 343.1551 434.1914 415.8980 515.7149 471.6665 357.5738 238.1387 235.6062 135.2931 68.9956 63.8061 82.1500 28.1417 6.9377 14.8526 2.1346 12.3590 2.8835 9.0025 -0.0833 2.4955 15.2024 1.5164 1.0288 148.9608 440.2923 935.4405 1133.2113 1263.5168 959.6108 819.9320 636.3789 543.6205 399.4917 320.3172 197.0805 138.1167 135.8635 90.4713 50.4970 50.6795 35.2115 26.2825 28.7968 5.1223 12.6664 15.3840 24.5072 240.6006 190.4755 116.2433 77.4197 35.6900 13.2201 7.9988 7.9250 7.6143 2.1829 14.1398 421.6814 317.9930 213.5710 116.5401 61.7088 27.9262 17.6372 6.9918 11.6549 10.4500 31.0501 434.6128 247.7534 195.3255 81.2627 60.8113 35.5374 25.1304 13.5841 5.6578 6.1821 32.3963 
0.0145 1.2461 1.5501 1.7516 1.0546 4.0970 1.3030 2.0353 2.2662 1.6305 1.7633 2.6345 2.0503 1.9708 2.8469 1.3077 0.5351 1.1469 0.7244 0.7679 1.3470 0.9422 1.0339 0.5859 0.1309 2.6729 0.0004 0.0497 0.3143 0.7797 0.7689 1.2286 0.8538 1.7928 1.0437 1.6649 1.5838 1.4872 1.4171 0.8539 0.9674 0.6617 1.0774 0.8593 0.7920 0.5240 0.6093 0.7687 0.7056 0.2692 -0.0386 2.3852 0.0000 0.0475 0.2969 -0.0161 1.2698 1.7305 1.8519 1.7863 1.8789 1.6083 2.0417 1.6007 2.2103 1.9738 1.5037 1.4154 1.2848 1.8145 1.0185 0.5609 1.0968 0.4793 0.4431 0.8386 0.4821 2.7299 0.0000 -0.0237 0.4580 0.1041 0.3333 0.4743 0.4115 0.5546 0.7257 0.7436 0.2422 0.8978 0.8010 1.2472 1.2761 0.5649 0.7440 0.6917 -0.0049 1.1344 0.7793 0.2701 0.6948 0.2536 1.0431 1.5888 -2.5539 3.7824 142.1664 291.7097 348.6885 366.2565 411.0819 364.1329 297.3017 224.9022 145.0988 119.0264 101.7380 62.2476 41.3740 49.8714 13.1625 24.2361 10.3353 13.0932 -1.2538 0.4181 -0.6656 5.7390 -0.2934 5.8965 -1.5158 28.6440 422.7277 583.6528 803.1147 776.2766 749.9127 683.5526 469.8738 349.9785 269.8763 227.0841 154.9165 132.8098 77.3147 45.7120 65.8501 35.8472 22.6828 7.9870 20.5571 8.6815 13.3256 13.1503 -2.6209 -0.3926 0.0000 -0.6291 10.6357 176.2579 259.0883 346.6358 265.4139 417.9503 408.6314 307.8277 195.6103 208.1895 108.0554 50.3553 38.4686 81.5503 30.0233 9.2044 14.2538 0.7505 8.0517 2.9838 4.5200 3.2059 5.6076 20.2965 0.4809 -3.7054 115.1907 336.1213 680.0880 856.2598 1066.6225 720.9120 653.5828 549.9851 486.4244 344.2387 258.6794 160.7434 140.3839 132.5903 81.1255 56.0746 38.2298 33.3681 24.9564 31.8291 1.3407 7.6391 10.8680 32.8381 169.2528 128.8415 81.7002 42.5070 20.9328 9.8589 9.2096 7.7635 6.0798 3.5296 10.3731 298.4690 214.2246 148.3533 71.1320 40.0095 16.6953 17.2656 2.0018 3.7088 5.3424 23.9224 267.1679 184.0495 153.3569 51.3490 32.8374 22.4953 21.7653 8.1600 -0.8547 1.4948 22.3326 
0.0045 0.6078 1.5546 2.0157 1.6471 3.1940 1.6168 2.3735 1.3318 2.2930 2.2197 2.9386 1.6953 1.7763 1.3077 2.7712 1.0858 1.4577 0.6348 0.7133 0.2142 0.7300 1.0525 0.4578 0.4880 2.4182 0.0032 0.3207 0.6084 0.4655 0.3017 0.7633 0.5320 1.5219 1.2549 1.5272 1.1502 1.2667 1.2338 1.0077 0.6454 1.1689 0.6597 0.9391 0.7368 0.5657 0.8475 0.5515 0.3786 0.0922 0.1255 2.0504 0.0000 -0.2106 0.2474 -0.6597 0.6897 1.4981 3.9090 1.5639 1.9346 2.4038 1.6148 1.7464 2.2483 2.7415 1.2994 1.7580 1.4633 1.3080 0.4268 1.0767 1.0402 0.7470 0.2290 0.9151 0.7906 2.7727 0.0000 0.1765 0.6880 0.6087 0.3268 0.9889 1.0650 0.9670 1.2427 0.4640 1.0924 1.3039 0.7907 1.2879 0.7561 0.8493 0.4899 1.0750 0.2974 0.7419 0.7259 0.5165 0.3949 -0.0423 0.7151 1.5562 0.5469 3.8066 103.1995 250.9340 340.7066 362.3407 379.2877 402.0973 308.0668 157.1421 147.1464 161.0601 79.1510 74.8280 28.9007 58.0068 14.3359 11.0733 6.7098 16.4633 -0.9591 -2.1004 6.3707 2.8934 -0.6627 12.7265 4.0554 27.7289 339.1585 528.5857 742.0415 782.7528 729.4978 641.2315 407.3498 426.2537 306.2835 201.8371 157.9469 104.3782 54.1664 55.2071 52.4439 36.0116 14.8026 22.4164 18.7708 15.4822 12.4484 6.8819 11.3317 -2.2608 0.0000 0.8310 33.7315 163.8650 317.1740 292.3410 390.8902 410.5118 334.7913 341.6190 223.6928 172.4723 169.1320 102.8417 86.0894 60.8012 21.8828 8.1987 11.8072 -3.6663 15.8287 2.0149 14.6739 1.8929 3.5990 3.3647 4.7310 10.6753 113.1990 396.5192 743.5618 951.2255 893.8309 892.1030 772.2638 499.7038 443.0158 388.7071 305.3390 161.7628 120.2944 118.4736 86.0675 42.5491 28.3898 7.0218 23.4479 24.0322 3.6561 27.7788 15.7350 34.9946 187.4244 134.8505 112.2788 61.2117 39.2332 22.4301 5.1989 10.8152 0.0930 0.4625 11.4486 343.0085 228.7127 170.8030 89.3265 65.7663 21.3192 7.7722 4.4795 9.7660 8.0763 26.1449 292.7632 156.1727 121.5325 41.7130 41.5221 27.6073 8.8373 -3.8371 3.6386 3.7922 13.3618 
0.0029 1.2132 2.1501 3.2006 2.5237 3.6491 3.2496 1.7960 3.7705 2.0595 2.1274 1.4328 1.3095 1.4745 0.5351 1.0858 3.1472 0.0987 0.8730 0.7084 0.2406 0.2560 -0.3620 0.4684 -0.0078 0.7089 -0.0005 0.2236 0.4515 0.6060 0.7040 1.0514 1.7318 1.4051 1.3693 1.3996 1.8938 0.3786 0.8360 1.5588 0.8651 1.2362 0.1892 0.5079 0.9024 0.4420 0.6944 0.0362 0.2735 0.0604 0.2981 1.2333 0.0000 0.4055 0.7121 1.1355 1.8222 1.6235 3.3578 2.5939 1.7081 1.9289 2.3497 2.3465 1.0683 -0.0916 1.9452 1.0198 0.1165 1.1368 0.0707 0.2730 0.3254 -0.2005 0.9171 -0.0946 0.1194 -1.4722 0.0000 -0.0109 0.0316 -0.0366 1.0646 1.0601 0.2343 0.1858 0.6277 0.9131 -0.0805 0.4707 0.4675 0.5192 -0.5147 0.5223 0.6745 -0.3467 0.4524 0.5052 0.1681 0.1757 0.0221 -0.4216 -0.5195 -1.3565 3.1853 7.8167 138.3890 312.2413 398.5984 397.1246 318.2602 311.6713 236.6502 262.1539 147.8286 84.5612 74.8378 -7.1054 71.7681 -9.0646 22.0507 12.9306 12.4246 -4.6877 5.0496 -1.8607 3.0313 -0.1140 -1.0769 -5.3271 5.7702 52.2413 335.7640 616.7825 822.6813 807.1573 688.1040 542.6962 476.0626 311.7879 337.2605 144.4000 77.6761 153.6599 48.3229 83.0669 14.5224 -3.4296 -2.3137 31.3620 12.7296 1.0418 0.2613 -6.1897 13.2701 -6.6239 0.0000 2.8776 10.3046 172.3518 227.8686 339.3035 335.2174 382.6807 293.4436 240.6663 147.8390 148.8564 78.5178 1.2481 42.8705 -5.9579 10.6024 -4.6847 10.5009 -3.7910 6.8518 -2.8950 -1.4996 -6.9952 -4.8318 4.8900 -5.6868 18.7856 125.9878 302.0701 803.8499 791.0605 864.3279 750.7662 521.4794 379.6608 251.0562 54.0479 187.6296 84.4008 -13.1293 33.9658 7.6963 3.2315 24.1631 10.7054 7.1220 28.8467 4.3401 -21.3450 -4.2085 -51.5966 161.2747 133.5732 56.4658 67.8596 18.0296 -12.3100 10.6928 -4.4076 13.2100 -1.7738 16.0191 248.5152 235.3403 124.7781 88.4768 46.3678 24.9164 7.7955 2.0827 14.4544 2.8710 24.8614 309.8634 124.8032 105.4285 64.8613 56.6161 33.8102 11.3766 20.1163 6.9695 0.1652 22.3893 
-0.0157 -0.8803 0.2147 -0.4901 0.8015 0.7496 0.0139 2.2682 -2.1827 2.7253 0.6806 3.2826 0.9806 1.2815 1.1469 1.4577 0.0987 3.6924 -0.0299 0.3584 -0.1907 0.9415 2.5006 0.3389 1.0849 2.6022 0.0074 0.3705 0.2276 -0.1349 0.0443 -0.1380 -1.0451 0.8994 0.6636 0.8199 -1.2758 1.2988 1.3831 -0.4764 0.0048 0.9028 0.5468 1.0771 -0.0022 0.4457 0.7016 0.8659 0.2610 0.0878 0.3540 2.3691 0.0000 -0.6769 -0.5707 -1.3641 -0.0211 0.8324 3.1281 0.2488 2.1416 2.6469 1.3178 0.9953 3.3517 4.7454 0.7375 2.2327 2.9722 0.4790 0.8465 1.8763 1.4932 2.3057 -0.6677 1.6537 1.1238 7.2902 0.0000 0.2326 0.9454 1.3189 -0.5103 0.4579 2.2017 2.2012 2.1673 -0.0188 2.5406 2.3188 1.1698 1.9129 1.9542 0.9068 0.3861 2.4391 0.7057 0.4110 1.2759 0.9999 0.6105 0.5228 1.5805 5.5713 -0.8916 -2.0970 22.8622 104.3455 131.8507 208.2229 211.2618 295.2618 210.0942 -35.4336 61.7082 145.8483 36.8098 135.8232 -67.7556 87.1547 -5.9031 2.0546 -9.6506 17.7502 -4.0384 5.5474 5.7875 4.4133 -1.1913 26.1734 7.3101 -7.3180 211.0256 220.8506 290.9090 380.4463 351.0187 409.7656 136.9493 354.4914 25.0359 131.5710 98.8278 -44.7355 -16.4270 -39.0832 54.0331 71.8887 20.5947 6.0585 -8.5525 29.2113 22.1993 11.3096 8.7759 20.8324 0.0000 -2.0410 53.0835 101.9339 408.9968 234.1374 555.2219 386.5618 327.6377 311.4028 250.8066 151.8221 180.9559 181.6188 106.0802 99.7075 1.5867 16.0102 -5.3999 10.0501 12.1077 6.2665 31.4468 6.9940 4.9114 -16.0525 15.5291 -1.1960 69.0486 572.0797 718.6790 1275.5847 850.7453 973.5659 998.0685 566.5556 501.9239 692.5594 312.4967 218.3186 203.4751 93.3929 111.4849 25.3541 6.6845 0.6231 24.3206 -31.7601 12.5245 68.1661 33.0809 116.4340 146.5239 76.7032 121.8285 44.5957 57.4751 64.6508 -9.2177 17.6291 -15.0092 0.3747 -5.9674 285.7780 133.3599 147.3074 77.4996 56.8684 12.7766 -0.7145 14.0663 4.1509 26.7017 18.0211 253.1003 114.9837 90.8961 7.1959 32.0292 8.5235 2.2091 -24.0293 4.2507 16.7388 7.1719 
0.0239 1.1835 1.2734 1.7559 1.3863 2.7005 1.6704 0.9228 2.7684 0.5427 1.7662 0.5261 1.1434 0.9496 0.7244 0.6348 0.8730 -0.0299 1.5304 0.4073 0.6085 0.2230 -0.5209 0.2453 -0.1104 0.8410 -0.0023 0.0630 0.2253 0.5819 0.5535 0.8331 1.2961 0.8234 0.8110 0.7139 1.6860 0.6732 0.6662 1.2771 0.7526 0.4328 0.3765 0.4001 0.7100 0.2020 0.4595 0.1432 0.3930 0.1482 -0.0597 0.8356 0.0000 0.2843 0.5581 1.2082 1.1868 1.6182 2.0302 2.5753 1.4918 1.9455 2.1678 2.0380 0.6437 0.6075 1.7295 1.0661 0.3184 1.5439 0.8223 0.4490 0.5045 -0.0618 1.0282 0.3631 0.1423 0.4845 0.0000 -0.0262 0.1409 -0.3339 0.6640 0.7804 0.0038 0.3145 0.4828 1.3605 0.2593 0.2976 0.7496 0.5935 0.2365 0.5697 0.7725 0.1498 0.4903 0.7591 0.2681 0.1624 0.1942 0.2778 -0.0965 0.1367 0.7125 3.4158 112.8816 215.5697 264.4416 230.8277 226.5359 174.6866 137.7100 183.0116 118.0809 65.9612 57.3488 -9.1951 70.1857 -5.8427 16.9035 7.0385 8.2492 -0.2566 2.8871 0.9136 -0.1479 -0.5169 0.1531 -9.4309 1.3760 27.4567 224.5646 387.2410 514.4857 490.7814 445.6293 333.8212 331.8110 198.9713 249.6312 114.6833 89.7627 121.0687 64.2576 67.6817 20.8190 -1.8509 9.7866 19.3243 15.0248 -4.4598 -3.5818 1.4453 2.3369 2.1705 0.0000 1.4722 -6.5696 109.6082 130.1031 269.5955 211.0561 303.2988 285.5783 254.6348 180.3876 176.4558 95.5131 43.5519 56.7053 26.7703 34.6870 10.8567 26.1905 3.3655 4.6254 1.9356 -7.3172 -1.0730 1.0507 13.8132 -5.3203 10.3227 81.0416 224.9669 546.6530 514.0672 742.2669 649.9233 503.2643 475.3891 375.9679 148.1376 230.8776 148.6421 67.1567 104.2382 55.4211 48.5657 44.5001 33.4624 23.9341 38.2926 12.9626 -12.9749 -7.1966 -8.1076 144.4162 124.4350 52.9166 44.4129 6.4083 -9.7018 14.7877 -0.2009 10.9326 0.5541 13.4806 246.8128 225.8979 125.9202 68.1037 36.6343 21.9601 20.4111 2.3740 8.9749 -1.1192 22.0099 193.4151 120.4173 84.9612 57.3170 32.2337 24.0499 11.7676 18.9239 2.7148 -4.8741 20.4371 
0.0003 0.6606 1.1153 1.6323 0.8831 2.1107 1.3432 1.1504 1.7171 0.9451 1.0909 1.0154 1.0885 0.9287 0.7679 0.7133 0.7084 0.3584 0.4073 1.5299 0.5830 0.2813 0.1765 0.3244 0.1179 1.3858 0.0000 0.0329 0.4304 0.2864 0.3807 0.6571 0.7300 0.9772 0.6038 1.0700 1.2111 0.5577 0.7790 0.7468 0.5358 0.5775 0.4013 0.4175 0.5079 0.3355 0.2951 0.1618 0.3537 0.2176 0.2608 1.4950 0.0000 0.1025 0.4154 0.3331 0.8848 0.8789 1.4352 1.2457 1.3416 0.9871 1.3072 1.0703 1.3115 0.5081 1.2810 0.6810 0.6326 1.0107 0.4994 0.2722 0.5936 0.1523 0.5184 0.1705 0.2854 0.9806 0.0000 -0.0095 0.1926 0.1769 0.4955 0.5093 0.3520 0.2878 0.6382 0.5159 0.2128 0.7878 0.4661 0.4317 0.5131 0.6741 0.6417 0.2444 0.3287 0.5598 0.2798 0.2940 0.3099 -0.0428 0.1329 0.9549 0.0408 1.9709 77.4289 173.6013 223.1584 202.3741 222.2156 196.7622 154.4085 141.0955 88.9506 49.9234 60.6569 24.8552 34.1858 16.8375 12.1110 14.5116 8.9759 4.4797 1.3006 -1.0833 0.6730 0.8525 0.6886 3.1839 -0.5910 27.0666 221.6187 375.7547 452.5198 443.6243 402.8572 348.5176 291.5010 185.4954 192.2513 130.2202 96.9942 82.0341 60.2137 48.1701 22.9871 13.1880 14.0080 6.4412 15.4083 2.9937 5.8573 1.6941 4.6222 3.3450 0.0000 0.6062 9.3926 104.4721 151.0500 235.0124 210.1022 274.0105 241.1120 186.5149 140.9068 115.7719 85.9096 26.9387 25.8544 30.7794 24.5009 10.7009 15.5232 6.6044 4.5960 1.2976 -0.3294 2.0455 1.4714 9.9620 -1.6295 4.5309 78.6024 256.2489 504.4346 579.0571 643.9321 535.9897 420.5173 381.7621 315.4887 181.8435 188.0702 130.2945 82.3170 72.7492 42.8267 39.9624 32.7396 18.6688 16.5752 30.6028 5.9953 1.5437 5.3602 8.4507 99.3431 89.0528 53.1415 34.8512 14.4999 -0.1348 5.2031 4.0371 5.6585 2.6477 14.3308 209.7126 158.7993 102.3297 56.2062 29.0297 19.8536 12.0272 4.0999 5.1573 -0.7951 14.0317 176.4446 125.7862 84.1962 49.5542 28.5074 17.8068 14.8520 7.3439 2.5998 2.9008 14.9177 
0.0194 1.1597 0.6064 1.2176 0.0775 2.9145 0.8490 0.4175 2.6644 -0.2752 0.6619 0.4022 1.4061 1.0903 1.3470 0.2142 0.2406 -0.1907 0.6085 0.5830 2.8951 0.3750 -0.2207 0.3248 -0.3394 1.3224 -0.0040 -0.2383 0.0247 0.5427 0.6867 1.0131 1.1081 1.0587 0.2442 0.9434 1.8177 0.6613 0.7830 0.8929 0.7897 0.0311 0.6878 0.2355 0.5536 0.1748 0.1455 0.3054 0.5987 0.3269 -0.0521 1.4555 0.0000 0.2902 0.4692 0.7932 1.1592 1.0932 -0.2835 1.7246 0.8879 0.2467 1.5292 1.0286 0.8616 -0.2489 1.3401 0.3633 0.0813 1.5612 1.0389 -0.1920 0.4886 -0.3148 0.9042 0.0451 -0.0408 0.1968 0.0000 -0.1672 -0.0904 -0.4543 0.5383 0.0969 -0.4743 -0.3453 -0.0087 0.8475 -0.6770 0.4796 0.4553 0.2864 0.9716 0.3497 0.7618 0.0425 0.0653 0.9123 0.2447 0.0464 0.5519 0.4859 0.2572 0.4205 -2.5443 1.5650 82.1927 140.3632 148.9725 141.6937 196.8471 102.6146 121.9069 193.5146 84.4050 20.1260 72.6411 -4.5281 55.7289 -2.3359 12.2379 26.0130 17.2552 0.8298 3.0307 1.8904 -5.9482 2.8435 1.2520 -5.0172 -5.2617 20.8355 205.5835 320.2552 384.0492 347.8766 360.9327 321.5234 351.4665 112.5199 197.2495 137.3457 106.5625 132.0635 97.9554 54.6182 37.3828 3.1349 24.7723 2.9103 17.7871 -3.5089 5.6536 8.0387 -11.1996 4.8555 0.0000 -0.3767 -22.4901 73.3170 35.0425 199.8981 -12.4299 213.4346 264.4158 141.7876 117.5818 155.7059 36.2645 -4.2005 -11.2965 53.7332 45.3994 14.5124 22.4794 11.2741 -1.1644 1.4267 -11.4330 2.2329 2.8783 30.7344 -7.1457 -8.7487 62.6606 84.7097 317.4139 314.1075 713.2582 319.1615 259.8710 431.8466 365.4805 131.2720 178.2470 141.5987 102.5674 123.0881 38.7528 72.3827 43.9260 50.6593 17.9796 49.4246 9.2069 -20.5943 -3.7258 5.8472 95.3095 83.5260 20.1864 18.0684 -5.8483 -14.9846 15.5469 -1.8529 14.2740 4.8301 12.4551 199.6524 173.6071 90.8012 56.9309 19.1611 21.3533 25.0385 1.1452 1.9661 -6.5574 16.6883 105.1525 135.5238 106.4842 60.9481 23.2049 21.7802 29.8687 21.9476 -4.0184 -5.5711 23.5654 
