0.0519 0.0710 0.0774 0.0622 0.0281 0.0417 0.0123 -0.0109 0.0672 -0.0287 0.0526 -0.0116 0.0111 0.0042 0.0145 0.0045 0.0029 -0.0157 0.0239 0.0003 0.0194 -0.0065 -0.0331 -0.0052 -0.0171 -0.0174 -0.0001 -0.0024 0.0008 0.0286 0.0065 0.0252 0.0331 -0.0016 0.0105 -0.0099 0.0619 0.0143 0.0114 0.0398 0.0146 -0.0160 0.0057 0.0090 0.0223 -0.0096 0.0095 0.0011 0.0084 -0.0045 -0.0197 -0.0309 0.0000 0.0125 0.0368 0.0404 0.0095 0.0452 -0.0050 0.0646 -0.0192 0.0269 0.0164 0.0279 -0.0552 0.0027 -0.0097 0.0132 -0.0196 0.0332 0.0124 0.0022 0.0022 -0.0221 0.0284 0.0118 -0.0109 -0.0290 0.0000 0.0013 0.0033 -0.0297 0.0033 0.0166 -0.0293 -0.0155 -0.0233 0.0355 -0.0101 -0.0426 0.0001 -0.0057 -0.0214 -0.0069 0.0039 -0.0078 -0.0120 0.0215 -0.0010 -0.0239 -0.0079 0.0140 -0.0111 -0.0538 -0.0307 0.0423 4.0506 4.6252 3.6970 2.5892 4.5153 2.1398 1.5204 3.0861 2.3125 1.5071 1.2629 -0.9873 2.9285 -0.4575 0.4633 0.2026 0.1225 0.1166 0.0140 0.1159 0.0083 0.0527 0.0025 -0.6447 -0.1143 0.6717 6.2488 5.7151 9.8989 6.6801 8.1393 2.5836 2.9434 2.7649 6.7477 1.4992 2.3725 3.4496 2.2728 2.3551 0.7413 -0.7536 0.3040 0.4343 0.6316 -0.6858 -0.2349 0.0619 -0.0504 -0.3160 0.0000 0.0590 -0.5060 1.7485 -2.9290 0.2895 -5.6826 -0.7490 0.0836 3.6503 0.5700 3.1133 1.6224 0.1163 0.9215 0.0917 1.1682 0.5223 0.7058 -0.1429 0.1774 0.0660 -0.3632 -0.0543 0.2099 0.6970 -0.3247 0.4265 1.6401 -1.3446 -2.0678 -11.9792 -2.9605 -2.4932 -1.2683 1.4251 3.6550 -3.2088 3.6978 1.3086 0.6495 3.2029 0.9939 1.8291 0.8112 0.8232 0.9985 1.4433 0.4756 -0.9133 -0.8063 -0.5697 1.5476 1.7519 -0.1450 0.2797 -0.4905 -0.7953 0.5787 -0.1536 0.1952 0.0183 0.4099 1.4754 3.1029 1.0828 -0.0865 0.2996 0.0378 0.7313 -0.2879 0.0401 -0.3383 0.6506 -1.3538 0.6037 0.8755 0.4660 0.0461 0.1733 0.0281 0.3392 -0.2690 -0.5488 0.2963 
0.0710 10.1469 8.8751 8.5452 4.0819 6.9181 4.1990 1.3916 8.1660 0.1675 3.5325 0.7093 1.8076 1.6691 1.5123 0.7223 1.5553 -1.1688 1.4584 0.8268 1.4438 0.3732 -2.0875 0.1542 -1.2320 -0.5689 -0.0054 -0.2173 0.4574 2.1371 1.5157 2.9319 3.5568 2.0244 2.1607 2.2905 4.7179 0.6248 1.0099 2.6858 1.7826 0.6191 0.8540 0.3928 1.3511 0.0255 0.5237 0.3139 0.5795 0.0548 -1.1414 -1.1328 0.0000 1.6619 2.4776 3.9944 4.0504 3.1878 0.7301 3.8044 -0.3657 0.2513 1.2498 1.7620 -2.5998 -3.2345 0.1219 -0.7016 -2.9439 1.4806 -1.1084 -2.1034 -0.5770 -2.9735 0.8865 -0.4882 -1.1032 -10.5937 0.0000 -0.1366 -1.0908 -1.6893 1.0201 1.1032 -1.9802 -2.3013 -2.5028 0.6615 -3.1204 -2.6489 -0.8421 -0.4923 -1.6700 -0.9774 -0.2617 -3.0811 -1.4774 0.9544 -0.9790 -1.6409 -0.4178 -0.8251 -1.1995 -10.3161 1.6967 14.6883 459.4808 674.8556 795.6247 696.0309 641.9085 451.9919 366.7759 491.9275 199.5018 48.9156 80.0108 -121.1268 163.9717 -50.6516 37.0729 25.2458 22.4569 -24.4058 2.7637 -3.4871 -3.2195 -0.2979 -1.9529 -23.1559 3.6200 102.4322 677.1436 1131.2001 1521.6005 1307.0299 1154.3503 796.0676 652.1250 282.0183 511.0147 199.0158 100.5514 264.4147 96.1855 137.4354 2.1282 -31.6868 -16.7366 18.8837 39.2854 -35.8178 -24.4228 -5.3995 -14.3904 -81.1811 0.0000 6.5896 2.4463 342.3451 101.2941 367.5720 -171.3577 226.7468 121.7190 87.5583 -131.8870 6.5243 -184.7436 -194.1485 -62.3814 -111.3934 -8.3181 -38.6585 2.3566 -38.2825 -7.7270 -3.3832 -35.8475 -13.2422 1.5812 22.4414 -20.6835 23.0461 194.9802 -72.7570 244.0814 -434.8598 205.7145 -364.9966 -441.5722 -382.2160 -265.7675 -731.4345 -143.1873 -279.4930 -259.7309 -25.6301 -77.3405 -54.7287 0.9322 -15.3284 0.1934 73.3403 -25.6188 -100.4530 -47.9888 -205.4646 246.1266 214.9447 33.5368 72.4152 -26.2400 -72.3251 31.9787 -9.9034 31.8482 -3.3129 28.9686 252.3689 293.5939 114.0142 35.9286 33.8084 16.4980 18.8521 -16.4839 12.8002 -15.4739 21.5792 365.7244 178.5508 189.6213 83.0829 44.9620 52.0868 27.3721 49.6716 -4.1197 -17.2182 29.5420 
0.0774 8.8751 22.0397 12.9520 8.3354 7.8514 6.9819 4.5209 8.0058 3.3793 4.6259 3.2808 2.3048 2.6957 1.9178 1.9152 2.4505 0.4806 1.4470 1.3329 0.6462 0.6703 -0.4657 0.4575 -0.4849 0.3483 0.0018 0.3550 1.4446 2.4808 1.9310 3.0748 3.4666 2.6723 3.3063 2.9092 4.2851 0.8894 1.9589 2.4662 1.7855 1.7360 0.9805 1.0261 1.4461 0.4397 1.0485 0.5044 0.3814 -0.1199 -0.5692 0.1154 0.0000 1.8214 4.8532 6.4121 6.8281 6.0365 4.3113 4.1556 1.3390 1.5124 1.1729 1.8585 -1.4139 -1.7215 -0.5043 0.0876 -1.5550 0.5407 -1.4701 -1.2175 -0.2266 -1.8140 0.5947 -0.2326 -0.4819 -7.7913 0.0000 0.1596 -0.0461 -0.1363 1.4427 1.8368 -0.3165 -1.0187 -1.6780 0.2297 -1.8344 -1.7737 -0.9165 -0.0108 -1.7570 -0.5125 -0.1771 -2.2703 -1.2666 0.7100 -0.4847 -1.3502 -0.3597 -1.2194 -0.5179 -8.4419 4.3159 23.3534 803.6014 1202.4303 1309.3521 1227.7628 1066.5741 884.3908 664.6641 574.9567 285.9369 159.9892 120.7180 -25.0456 138.7164 -5.4636 37.3944 33.3064 19.4887 -11.5493 4.5134 -5.1550 3.9946 4.4646 -3.7703 -7.4890 11.5123 149.1011 1233.2754 1748.0410 2192.7369 1897.8616 1563.7287 1109.7480 751.3870 543.9677 565.6524 278.9739 139.8642 256.4147 67.8674 129.6620 37.7558 3.0315 -19.3897 39.7939 34.1252 -13.6445 -6.7042 -6.4204 4.1223 -64.5477 0.0000 9.6191 106.8798 646.5373 680.3139 766.3189 414.1618 545.8705 233.5688 207.2949 -143.6070 -15.3013 -174.1602 -165.2216 -40.6107 -124.2897 -45.1051 -36.5699 -29.7804 -39.1282 5.6958 -5.8175 -10.3835 -17.6221 -1.6387 -2.0137 -12.1056 39.5068 410.1296 671.2848 969.6452 375.7903 366.4936 -144.1805 -240.7704 -549.7698 -433.0517 -617.2606 -158.8851 -322.8268 -253.3757 -88.0141 -72.2060 -72.1952 -23.0696 -41.5264 4.4724 26.5981 -28.6595 -69.2987 -29.4962 -169.7205 262.4390 186.8392 60.1597 88.7232 9.3333 -36.4783 21.8452 -2.6749 16.0347 -4.4287 22.0975 207.8975 231.1429 107.0873 53.4530 55.8060 14.4579 1.0250 -14.7198 13.7151 1.6238 33.1796 624.0248 215.3729 242.4670 90.0030 79.5150 59.8191 22.3997 33.2127 0.7211 -1.8214 34.1638 
0.0622 8.5452 12.9520 17.1042 7.3170 9.2748 7.9738 3.9128 10.9978 2.8609 5.4556 2.9310 3.5110 3.1628 1.9889 2.2039 3.4765 -0.5463 1.9570 1.8129 1.3942 0.5386 -1.8742 0.5905 -0.8950 0.8250 -0.0029 0.1664 1.7027 2.3682 1.9080 4.0307 4.7734 3.4841 3.3684 4.1460 6.1925 0.8969 1.8097 3.9219 2.2543 2.0770 0.9646 0.8711 2.0950 0.5516 1.2099 0.2594 0.6447 0.0796 -0.5067 0.4612 0.0000 1.7727 3.5446 4.3393 5.7503 4.5316 3.1423 4.8837 1.0723 0.9098 1.9251 3.0656 -0.8815 -3.6201 1.4726 -0.3386 -2.9210 1.4457 -1.8670 -1.9590 -0.2511 -3.2943 1.2070 -1.0289 -0.7393 -12.8082 0.0000 0.0620 -1.1692 -0.6817 1.9878 2.1177 -1.2588 -2.1978 -1.5139 0.6033 -3.0909 -1.4823 -0.7302 -0.5275 -1.8351 -0.5173 0.1299 -3.0785 -1.3325 1.0048 -1.1267 -1.3174 -0.3242 -1.5741 -1.8006 -11.2709 4.9805 18.9222 630.5639 1052.5905 1262.1048 1205.1819 1085.2602 904.1634 732.8862 733.2164 372.6109 173.9159 165.1474 -90.1801 206.6695 -33.2316 57.8576 52.7983 39.5583 -21.7929 7.6994 -11.4532 3.1180 -0.7482 -2.0475 -10.2036 9.4419 169.0514 1092.6472 1913.2996 2377.9109 2189.8498 1871.3154 1368.8325 1148.4511 645.6228 850.5497 364.8921 231.1669 371.8616 159.6281 216.4416 16.0048 -29.5247 -15.8349 48.2399 55.1322 -19.5822 -16.8134 -10.3889 5.9331 -88.3120 0.0000 9.8293 47.6101 513.9455 454.6870 694.5292 238.6491 607.1726 341.0725 258.3748 -10.7377 67.4468 -115.1922 -188.8007 -46.5069 -131.7849 -10.7236 -42.7228 -2.1913 -38.1843 -2.7124 -11.1170 -26.1452 -15.8795 -3.0665 24.5130 -19.2001 43.4092 362.1374 369.6983 1026.1255 326.0847 760.9620 241.1061 -101.3249 -205.8835 -191.9979 -669.5366 -13.6915 -241.0126 -266.1365 -19.5041 -85.9578 -58.3840 2.7123 -29.6355 -11.0184 92.7886 -27.0466 -95.7819 -38.4108 -248.2100 316.6315 267.9508 67.0096 112.8431 -5.3211 -74.3724 31.8168 -12.3749 37.5031 -5.2263 40.1172 354.7139 366.8701 155.2626 90.3612 71.6065 31.8075 8.4027 -15.8753 23.1249 -17.7315 31.0418 695.8047 359.2164 313.6104 156.9755 108.8472 94.0446 44.4255 55.7096 2.2035 -14.3294 35.6619 
0.0281 4.0819 8.3354 7.3170 8.8176 7.1645 5.8926 3.8983 5.8308 3.6782 4.2922 2.9787 2.2790 2.0747 1.1003 1.7764 2.6564 0.9615 1.4221 0.9447 0.0221 0.6362 -0.2487 0.3599 0.2247 0.7851 0.0025 0.4687 1.0928 1.3995 1.5636 1.9947 2.6319 1.8419 2.6678 2.2308 2.2670 1.0872 1.7944 1.9839 1.3281 1.7475 0.4188 0.9644 1.0473 0.4558 1.2096 0.2838 0.4154 0.0469 -0.0136 0.6527 0.0000 0.8391 2.2427 4.3909 4.7151 4.7361 7.5494 5.5037 3.5820 4.7396 4.1987 4.0632 1.2166 1.4447 2.5089 2.0196 0.3594 1.4714 0.0371 0.7087 0.5860 0.1194 0.6517 0.5154 0.0743 -2.4286 0.0000 0.1332 0.6368 0.3568 1.4179 2.0173 1.1816 1.0917 0.8739 1.4744 0.8359 0.4853 0.7663 1.1335 -0.4238 0.2777 0.6016 -0.2924 0.6385 0.4758 0.2146 -0.0069 -0.0553 -0.2533 -0.5464 -2.9629 5.6489 13.1990 443.7058 799.6878 938.8013 896.4695 733.2725 647.7315 474.1948 405.6562 259.1954 182.6582 91.2689 2.6323 76.9580 -9.5186 22.1354 7.2271 9.6446 -12.0652 6.0726 2.3069 3.8352 -1.6706 -2.9424 -5.2746 16.8719 97.6226 829.6604 1325.6408 1616.3605 1490.4006 1207.8736 894.0209 702.6583 518.7006 434.6092 181.3522 71.7551 160.5876 12.4559 75.4698 10.1009 5.1498 -12.1818 40.1341 4.2398 -1.7072 -8.7954 -10.2970 9.7524 -25.6481 0.0000 5.5427 60.8040 447.5035 736.4024 832.9593 873.5183 805.9230 569.0048 481.6416 242.8835 202.4832 56.2578 26.4678 80.1983 -46.8486 -16.8258 -20.6220 2.8912 -17.5908 4.5514 -4.1643 -4.2103 -11.8047 -6.9795 -17.4171 -4.4395 39.3741 309.0671 987.1077 1709.4590 1727.9071 1556.0592 1307.2284 970.2991 471.0319 244.4421 23.5224 164.5924 -4.2229 -108.5520 -25.9069 -9.8136 -51.7197 -6.9306 -20.9451 5.8228 4.6203 -3.0872 -29.7514 -17.5968 -90.0974 266.5221 181.7235 86.1391 81.9769 23.0227 -6.7476 13.2939 -3.0824 13.3952 -7.3230 8.1291 284.6771 269.5944 129.9697 86.7213 58.5923 22.1194 -2.4775 -0.3510 16.0784 12.3446 21.3295 663.4887 257.3374 218.3714 113.5032 97.1226 61.3423 18.0133 27.3684 10.3905 3.1865 35.4694 
0.0417 6.9181 7.8514 9.2748 7.1645 30.5089 7.7095 6.0140 12.1865 4.4003 6.7794 5.4649 5.7878 4.8803 4.1667 3.2534 3.6750 0.8227 2.7258 2.1455 2.9443 2.0021 -0.3280 1.2174 -0.2627 4.5182 -0.0022 -0.1585 1.3290 2.8171 3.1487 3.7155 4.8945 4.9005 3.8608 5.1498 5.7919 2.6582 3.1874 3.5173 2.8555 1.8333 1.7575 1.5383 2.1034 1.0490 1.2594 0.9443 1.5291 0.6352 -0.5026 3.6825 0.0000 1.2844 2.4255 4.7095 7.4409 7.9379 17.2869 10.5957 6.8563 8.1021 8.0771 7.4268 3.5148 3.0932 6.0651 3.5477 0.6975 5.8996 1.5012 0.0011 1.8449 -0.5459 1.7867 0.9349 0.1478 -2.8665 0.0000 -0.1027 1.4648 -0.3783 2.6738 2.8767 0.8926 0.5943 1.1195 2.6022 -0.4409 1.7372 1.8837 2.4162 0.9677 0.6327 1.9901 -0.7680 0.9969 2.0522 0.9262 0.3634 0.8363 0.1086 -0.4412 -5.5345 2.9850 26.9775 534.8850 1103.7352 1441.9810 1210.6824 1144.4519 970.9487 772.2909 865.1489 485.9939 301.1410 261.7694 39.8483 164.8011 18.1282 39.2693 1.2429 43.2072 0.6048 4.5023 10.0700 -4.6240 -0.1681 -2.0350 -4.9280 12.4364 132.3509 1327.1993 2191.4179 2802.0341 2607.4531 2276.9398 1883.1846 1487.5158 917.7538 890.1850 441.1726 284.9458 458.5298 152.0084 155.7158 81.4834 32.9621 26.3051 50.1569 44.0735 -13.0757 -0.7039 0.4023 -21.1842 -68.2786 0.0000 4.8888 27.2764 800.2531 1020.2020 1502.2515 1131.9038 1487.3172 1344.7047 1015.7247 672.5595 584.1766 249.5951 76.5335 106.5724 96.2057 73.5777 -28.8287 73.0704 -20.9223 24.1756 4.7184 -29.0067 -14.7464 -2.2032 18.6198 -13.4656 21.9025 485.4873 1426.2958 3241.0295 3626.2054 4200.3566 2849.2495 2039.4721 1643.8545 1200.9116 356.4801 578.4061 213.3803 -23.7596 204.8595 63.0386 40.5604 72.3399 37.8597 38.9010 116.2396 -14.8810 -74.5209 -19.2789 -121.9256 446.8215 305.2055 134.8493 122.9869 15.0891 -41.7113 34.1285 -0.2952 40.8690 -2.5616 29.2271 626.5959 524.8350 253.7172 138.3419 85.0504 57.6636 28.2158 -3.2823 21.4839 -6.1569 32.5446 901.2281 454.6872 392.1010 200.0744 136.5773 110.9863 63.1859 60.8993 5.4000 -5.6643 73.1397 
0.0123 4.1990 6.9819 7.9738 5.8926 7.7095 8.9556 3.5372 8.4848 3.4906 4.2463 2.4255 2.8894 2.4606 1.3312 1.6229 3.2719 0.0198 1.6869 1.3626 0.8757 0.5888 -1.0731 0.7061 -0.2695 0.9707 -0.0015 0.1756 0.8252 1.6229 1.7282 2.4802 3.7848 2.8417 2.7438 3.1362 3.9120 0.9084 1.8143 2.7036 1.8319 2.0459 0.5216 0.8158 1.5561 0.6699 1.1828 0.1397 0.5663 0.1750 0.1680 1.4019 0.0000 1.3144 2.0250 3.6383 5.0648 3.5927 4.8640 4.9765 2.7227 2.7815 4.3168 3.9668 1.0578 -1.3553 3.4722 1.1032 -0.7100 1.8115 -0.3111 -0.3237 0.3217 -1.1007 1.3050 -0.4366 -0.1131 -6.0200 0.0000 -0.0917 -0.5779 -0.2176 1.8735 1.9237 -0.0032 -0.0626 0.1024 1.5181 -0.9370 0.0218 0.5235 0.5367 -0.9655 0.3292 1.0243 -1.5255 0.3902 0.7042 -0.2069 -0.1132 0.0616 -0.7162 -1.1245 -5.1059 5.8290 15.8264 394.1763 785.6977 954.7290 930.0653 748.7826 651.1836 521.9308 574.0382 305.3103 147.0694 132.4830 -45.4667 138.1259 -33.9211 40.4008 25.2829 24.4540 -21.9449 8.9879 -3.2206 1.6550 -2.2518 -2.1260 -11.2819 13.1080 117.7719 814.5953 1474.9747 1818.1524 1714.1148 1420.4609 1090.1604 986.7139 538.4992 601.3109 255.3060 116.3696 272.4432 76.6653 136.5134 4.9074 -14.9755 -17.5031 44.6618 20.7691 -5.4890 -11.8515 -11.6031 11.6991 -34.2411 0.0000 5.8748 23.4358 379.4493 503.0202 741.0959 612.6299 745.7040 543.3077 381.8711 198.9047 213.7778 15.3317 -62.7434 29.5142 -59.6436 -6.2121 -29.5558 9.4047 -17.0001 -1.4698 -6.9780 -15.4127 -13.5514 -9.8611 6.6398 -12.0580 34.9110 282.7618 655.1947 1538.6103 1364.6034 1571.5560 1160.2188 713.0469 481.3575 230.2546 -152.3868 151.2454 5.1705 -138.0075 -18.2088 -36.9685 -49.8908 16.9144 -0.2232 -8.2440 41.7847 -9.2962 -60.1739 -21.8995 -150.8026 261.0129 183.1482 53.1323 102.9659 11.7885 -36.2440 22.0564 -10.5092 30.2856 -5.3436 22.0340 319.6961 301.3346 138.3039 111.5205 58.9354 33.7226 6.8361 -1.0200 22.1798 2.2605 29.3461 620.9816 235.6257 222.5354 137.2582 110.5933 77.2096 30.0180 48.9871 11.9899 -0.9525 43.5232 
-0.0109 1.3916 4.5209 3.9128 3.8983 6.0140 3.5372 6.1338 2.4565 4.2519 2.9054 4.5025 2.6793 2.7274 2.0546 2.3871 1.7749 2.3132 0.9099 1.1559 0.4184 1.2204 1.8308 0.7731 0.8657 3.5523 0.0057 0.4667 0.9602 0.7196 1.0597 1.2206 0.9764 2.4826 2.0391 2.4952 1.0712 1.7722 2.0133 0.8951 0.9958 1.7870 0.9437 1.3146 0.8333 0.8556 1.1145 0.8745 0.6359 0.2603 0.4836 3.3210 0.0000 -0.1397 0.7248 0.6678 2.8560 3.2708 6.7125 3.0090 4.1190 4.0908 3.5245 3.0164 4.0995 3.8391 2.7259 2.6978 2.5868 1.7562 0.9128 1.5356 1.6769 1.5338 0.1977 1.2795 1.0645 4.5130 0.0000 0.2002 1.1052 1.2800 0.7839 1.4378 2.1492 2.0459 2.2611 0.7870 1.8522 2.3314 1.4116 2.1186 1.4574 1.2520 0.9800 1.5445 0.8630 0.9065 1.1309 0.9768 0.7081 0.0082 1.0556 2.9685 1.5384 8.0406 260.5943 569.3140 703.9494 704.5478 645.3432 652.5876 487.5691 300.3791 237.9764 216.4380 126.3219 121.8147 17.2783 76.9491 17.9485 13.5759 6.8626 12.6201 -0.2542 2.1266 5.7850 3.1198 -1.4537 19.8385 10.4815 56.5708 682.0308 1051.8224 1299.5598 1314.2329 1117.4480 1007.5780 677.0036 614.1169 356.7515 286.2801 181.8900 118.8074 48.7715 41.2087 62.7591 63.8737 17.8870 24.6400 11.8660 24.9947 16.8558 7.0230 12.3110 4.9062 0.0000 1.1037 66.2935 354.7787 707.9206 733.0595 916.2834 845.5593 686.7991 551.9640 387.6492 284.5503 214.2736 146.5549 115.4598 85.6979 14.5753 5.8825 11.3210 4.2150 15.3763 5.2580 19.0708 1.3780 1.3291 -6.0060 8.5394 13.2536 243.3844 994.1295 1664.3360 2113.6314 1874.5543 1668.8379 1386.7168 903.5993 698.6879 621.0965 409.3001 246.4453 157.3206 110.6753 106.3723 24.2773 34.4738 10.2061 25.6277 6.6313 3.7661 34.6478 24.4606 44.5320 269.2579 176.0663 147.5716 89.3360 57.9975 37.0254 1.7780 15.0981 1.4641 -0.2887 10.2328 447.9550 286.1358 213.8966 121.2721 77.5503 30.7474 5.0052 12.3118 13.7596 20.8601 27.7105 568.0453 263.5219 205.2806 83.4328 78.6497 44.2932 20.4574 2.3932 10.3320 15.6721 30.0424 
0.0672 8.1660 8.0058 10.9978 5.8308 12.1865 8.4848 2.4565 16.7629 1.3063 6.0097 0.5265 3.8269 2.8735 2.2686 1.3358 3.7777 -2.1846 2.7709 1.7218 2.6665 0.3884 -3.7371 0.7543 -1.8077 0.0004 -0.0117 -0.3466 0.7272 2.9020 2.4864 4.5581 6.7516 3.8518 3.3477 4.0691 8.1687 1.1761 1.6883 4.9892 3.1942 1.6203 1.1517 0.7379 2.6870 0.5764 1.0723 -0.0795 1.1006 0.2990 -0.7552 0.4849 0.0000 2.6503 3.2009 5.4333 6.3355 4.6587 3.2001 7.9543 1.7434 1.9738 5.4181 5.1400 -1.6001 -4.8923 4.3412 0.2128 -3.3375 3.9683 -0.2008 -2.1319 -0.3090 -3.8407 3.0014 -1.3414 -1.1241 -13.6533 0.0000 -0.4707 -1.8578 -2.4355 2.7304 2.2852 -2.6931 -2.5485 -2.2176 2.9090 -4.0742 -2.1688 0.0507 -0.5241 -2.0874 -0.2164 1.6737 -4.1423 -0.6139 1.8610 -0.9700 -1.3785 -0.0706 -1.0119 -2.2857 -12.0909 4.4090 22.5017 511.6137 939.5703 1156.7080 1060.8827 950.6076 674.0926 584.4680 891.0530 392.2572 99.2966 193.2252 -182.9925 298.2759 -107.1743 64.5975 51.9028 51.3369 -33.8999 14.4739 -8.4805 -6.0352 -0.4391 -1.3330 -44.3300 2.3922 164.3744 1010.8416 1853.2027 2460.6193 2204.7263 1971.3384 1417.2523 1408.1532 543.2218 1009.3530 376.7681 196.4404 531.5453 203.7418 271.2494 9.8610 -79.9318 -17.4263 50.2055 61.6488 -46.4136 -30.4294 -14.9656 -7.0586 -77.4942 0.0000 8.4203 -50.3977 433.8143 207.3449 816.1109 125.2066 747.9708 617.8529 436.2564 132.3788 312.0771 -69.2748 -231.3238 -44.2013 -109.6547 40.0347 -34.6201 37.4967 -37.0855 -6.4031 -13.0822 -58.2544 -22.6280 -7.4453 52.2118 -38.6616 41.8925 318.4622 192.2506 1362.5375 633.6582 1794.0450 838.7008 370.6202 524.8694 289.3035 -650.1800 151.3587 -67.8941 -244.1394 54.5161 -87.3420 6.8739 57.4879 34.2351 0.8847 145.7698 -21.1667 -156.5546 -65.2480 -285.6918 345.0019 310.2825 24.5452 117.2293 -35.0260 -114.4479 57.1212 -27.2976 62.9393 -1.5890 52.1929 435.0782 524.9250 203.2905 134.7473 64.5235 51.8909 41.9691 -18.6530 24.4788 -29.8541 47.8305 659.5583 344.4649 326.8217 212.8716 121.0802 104.9325 56.8161 95.0807 1.5792 -27.5104 67.5295 
-0.0287 0.1675 3.3793 2.8609 3.6782 4.4003 3.4906 4.2519 1.3063 6.9628 1.8842 4.7212 1.9448 2.5971 1.6309 2.2928 2.0571 2.7233 0.5416 0.9480 -0.2721 1.1130 2.5120 1.0576 1.0368 2.8334 0.0079 0.7535 0.6106 0.4906 0.8298 0.8816 0.5104 2.2283 2.0880 2.1549 0.0276 1.1958 2.1829 0.1275 0.6886 2.0855 0.4905 1.5079 0.8253 0.9779 1.1846 0.9139 0.3359 -0.0232 0.8978 3.7165 0.0000 -0.1459 0.0150 -0.3114 2.0978 2.2815 6.7010 1.6686 3.5339 3.5916 3.0818 2.6130 4.2758 3.5654 2.0546 2.8089 3.1704 0.9693 0.4162 1.7417 1.6609 2.0090 -0.0485 1.0910 0.9468 5.4837 0.0000 0.1818 1.0596 1.5954 0.4547 0.9620 2.3955 2.2557 2.6648 0.3497 1.9181 1.8818 1.2475 2.2514 0.6150 1.1306 1.1068 1.4394 0.8183 0.6120 1.4674 1.0463 0.4913 -0.4841 1.1339 3.6870 1.8893 9.8671 167.2438 469.2952 575.8268 636.7035 498.4766 642.2947 433.9346 249.2919 194.2961 195.0309 122.8663 146.3133 -7.2848 87.6063 14.3748 9.4419 -6.9710 11.0181 -2.7128 1.8542 9.8878 6.7030 -3.4431 18.5432 11.9396 48.3600 598.3928 826.9256 1156.7316 1205.8560 993.6062 949.5177 516.4131 623.1078 251.3034 249.1098 118.7831 78.9455 -11.5625 11.2760 60.1945 72.3115 0.4133 29.2241 -1.7399 30.7158 24.7687 2.3756 27.7523 13.7308 0.0000 0.2924 71.5782 316.9737 619.9604 591.8882 921.5144 730.6302 575.9020 449.0309 316.7266 256.4479 223.4054 115.7481 117.0805 87.6480 -21.7387 -3.2590 -12.2768 2.0627 18.5059 1.7115 36.3590 -3.3649 -2.2672 -17.4795 11.8438 10.4803 203.3153 853.8716 1521.5184 2046.4063 1569.8816 1497.8933 1263.3238 684.6352 546.7881 617.7208 353.8291 206.3616 121.6708 34.2089 84.1559 -26.8504 16.5346 1.5015 18.7847 -32.1810 7.2311 43.3060 34.0244 45.7613 236.8673 161.2160 145.0228 105.9798 74.3530 49.0711 -10.3423 12.6570 -7.1914 -2.6687 6.8160 336.6082 232.1876 187.7580 104.6228 62.1042 17.1930 -3.8885 13.1318 15.4140 32.9293 36.3500 584.1696 217.9675 181.0384 45.2213 80.0226 22.5334 2.6403 -9.6086 15.0735 24.0117 21.5666 
0.0526 3.5325 4.6259 5.4556 4.2922 6.7794 4.2463 2.9054 6.0097 1.8842 6.6022 2.4333 2.7360 2.0033 1.7553 2.2261 2.1281 0.6904 1.7647 1.0884 0.6477 0.6223 -0.7511 0.2673 -0.0279 1.6680 -0.0009 0.2482 0.9573 1.5814 1.0632 2.1258 2.8124 2.0895 2.4675 2.2245 3.7813 1.9625 1.7539 3.0004 1.6632 1.3609 0.9017 1.1970 1.5662 0.4640 1.3598 0.3513 0.7852 0.1780 -0.4833 0.7442 0.0000 0.4666 1.7841 2.1260 2.8080 4.2254 6.4173 6.0126 3.2117 5.0107 4.6911 4.3918 1.1552 2.6680 3.0519 2.5681 0.5734 3.0330 0.8639 1.0436 0.9547 -0.1735 1.2265 1.1135 0.4349 -0.9241 0.0000 0.1680 0.7789 -0.3367 1.2243 2.3883 0.6069 0.9442 0.7550 2.3910 0.9247 0.4590 1.2465 1.2681 -0.0253 0.7697 0.8842 0.1666 0.3096 1.2913 0.4073 -0.0462 0.1252 0.1277 -0.2545 -2.0436 3.1579 7.6224 309.1730 591.7539 743.3680 688.6364 705.4899 579.3524 430.8406 365.4950 272.9365 209.1002 109.8031 -7.6369 132.2288 8.0740 30.2860 15.2795 15.3103 4.0430 3.4090 -1.0302 4.5067 -0.9083 -1.0033 -10.6463 7.3637 79.1031 687.2871 1139.9385 1521.2334 1417.3078 1311.4091 957.7272 779.4570 555.1120 621.4487 261.9537 190.3204 237.3631 97.6473 139.0791 36.4246 -4.0430 7.8496 36.6828 33.2218 -12.9888 -10.2584 -1.8117 8.0696 -30.0155 0.0000 4.1389 17.8267 322.1499 497.5610 670.4743 605.3172 771.4395 613.8502 635.0767 343.4455 315.6688 188.0624 74.1581 120.0937 4.3553 43.8973 4.7078 39.5477 -19.7349 12.2914 -0.4494 -12.9519 -3.5610 3.0211 10.9233 -9.7353 42.1890 232.4470 733.0019 1484.0139 1455.3447 1701.5178 1544.6867 1239.1069 861.4359 668.2474 205.9611 406.6154 173.5350 36.8813 140.1315 79.9095 53.1001 43.1284 7.7313 37.5023 71.4823 5.0940 -22.8815 -22.8691 -52.0797 293.4994 222.1353 113.0553 82.7045 17.9275 -18.0756 26.9889 2.9576 18.2841 -2.0550 25.7505 452.1476 377.0992 212.0929 103.8557 81.0031 32.1668 22.3506 -4.4415 13.9891 -3.1034 35.0263 449.0791 222.5608 186.4862 101.8112 68.5549 57.6694 17.3742 25.0316 1.8616 -10.2848 32.6723 
-0.0116 0.7093 3.2808 2.9310 2.9787 5.4649 2.4255 4.5025 0.5265 4.7212 2.4333 7.8151 2.6756 3.4521 2.6363 2.9398 1.4330 3.2807 0.5274 1.0164 0.4037 1.6425 3.0330 0.7678 1.1005 4.2184 0.0091 0.5425 0.7723 0.7746 0.7650 1.1468 -0.0724 2.8239 2.0246 2.7228 0.2889 2.1747 2.3032 0.4056 0.7699 1.7301 1.1986 1.5794 0.6580 0.8291 1.2574 1.3871 0.6488 0.1397 0.2611 3.3111 0.0000 -0.7201 -0.2728 -1.9353 1.3911 2.3569 5.8788 1.3447 3.0262 3.3199 2.4103 1.9653 4.4448 5.0823 1.2081 2.7908 2.9809 1.1903 0.4153 1.6079 2.0075 1.8644 -0.8722 1.8584 1.1786 5.5056 0.0000 0.3562 1.2517 1.5518 0.1148 0.9989 2.3900 2.0516 2.2870 -0.2643 1.9461 2.3876 1.1617 2.6528 1.7207 0.8805 0.2044 1.9543 0.3152 0.8113 1.3746 0.7085 0.8274 0.0165 1.7474 2.9052 -0.7602 5.5523 184.1786 452.4481 580.1189 644.4272 621.0701 694.5927 510.4165 200.2909 193.5505 239.9085 116.1553 167.0745 -29.8098 123.5556 9.6864 14.0465 -1.3901 19.8264 -6.9898 3.8665 8.3518 6.7342 -2.5157 33.6137 10.7685 37.6567 648.5859 922.7240 1236.2935 1287.3955 1139.0949 1082.1037 556.7108 676.0179 276.2633 292.8282 192.4234 61.6423 17.9772 0.0781 81.9492 92.2041 17.6602 11.6627 8.7108 29.4815 26.6522 13.0139 10.2740 -12.8551 0.0000 -0.9052 75.7550 306.6004 634.2156 511.1901 731.5506 668.2127 533.6884 452.3438 276.6288 195.1086 184.0612 143.4358 96.4697 97.1650 -9.7939 -6.4927 -11.0462 -8.7298 17.4076 6.1096 32.6543 3.8931 5.9273 -12.0515 15.4025 4.0387 194.7384 828.6608 1318.4058 1868.8529 1484.7104 1291.0861 1193.8673 597.6208 541.3703 627.3483 317.6479 141.3676 134.6863 84.4994 103.5231 -9.5451 -1.9843 -19.0806 18.2362 -15.1480 -7.7989 57.1913 33.4781 63.8443 261.0114 147.7576 159.5694 84.5766 67.9347 54.5074 -8.9731 21.6168 -9.2086 -0.8791 2.8385 421.9507 206.5782 195.7854 91.6284 73.5829 14.8374 -5.0601 9.5144 8.8176 27.8153 23.2503 554.4460 253.5328 226.4039 50.1683 72.8824 36.5026 17.3906 -16.6739 4.8516 19.6305 20.8597 
0.0111 1.8076 2.3048 3.5110 2.2790 5.7878 2.8894 2.6793 3.8269 1.9448 2.7360 2.6756 4.1446 2.1549 2.0572 1.6999 1.3032 0.9900 1.1402 1.0895 1.4084 0.9362 0.4381 0.6238 0.2617 3.2743 -0.0003 0.0054 0.6576 0.7916 0.9704 1.5387 1.6612 2.1646 1.3632 2.1590 2.2773 1.5866 1.4536 1.6037 1.1791 1.0952 0.9281 0.9023 1.0149 0.5963 0.8548 0.6243 0.8487 0.4535 0.1932 2.9223 0.0000 0.0656 0.7224 0.7405 2.4094 2.5715 4.1452 3.3479 3.0495 2.8126 3.2125 2.8699 2.9854 1.9533 2.9865 1.8194 1.1958 2.3403 1.1082 0.7235 1.3450 0.3088 0.7961 0.7434 0.6201 1.6677 0.0000 0.0521 0.6050 0.4245 0.9765 1.1943 0.7131 0.8099 1.3750 1.2047 0.6186 1.6960 1.2440 1.2671 1.5049 1.0673 1.0445 0.9076 0.5743 1.1375 0.5894 0.6432 0.7479 0.4084 0.3827 1.5038 -0.1269 5.0917 180.4577 399.3113 517.2169 494.6925 536.9006 463.0818 391.9968 331.5319 231.4236 162.1519 127.0677 50.8677 70.2027 41.0995 25.6072 23.0706 20.8499 6.2692 1.6305 1.1175 -0.0756 0.3417 0.9543 8.4663 2.9268 51.0553 492.9385 882.0183 1032.7730 1050.8338 942.7849 828.2698 710.4649 454.5138 417.3034 258.2385 203.4810 176.7441 122.3837 86.8526 53.5912 29.8486 27.5281 19.2700 27.2119 10.6194 8.1402 9.9692 1.6060 -2.6404 0.0000 0.9989 16.0471 236.4172 414.9903 551.4779 502.9706 668.2915 602.1125 457.3347 362.6805 284.9509 185.1009 98.5177 72.5523 84.8056 52.2503 11.2178 37.0179 10.3892 6.2152 5.9366 -1.5795 5.7195 3.5024 23.9372 0.2159 6.1704 178.0369 600.6188 1218.9853 1405.5312 1617.2608 1312.8663 996.7637 877.8923 701.8890 421.2228 402.3053 260.6978 156.8163 178.1642 101.2195 68.4128 58.2529 40.3709 26.9779 59.2018 9.4011 4.7392 7.4902 13.8528 230.7238 167.7070 101.6364 64.8189 22.0483 2.0737 14.4695 7.2853 14.3558 1.9124 17.2256 421.8064 292.3354 183.9060 105.0162 60.1004 34.0283 19.6827 7.4016 11.2356 1.4009 23.3172 392.3387 263.9186 187.5669 97.7239 59.8871 50.1678 31.4424 19.5856 3.8616 -0.2445 27.2770 
0.0042 1.6691 2.6957 3.1628 2.0747 4.8803 2.4606 2.7274 2.8735 2.5971 2.0033 3.4521 2.1549 3.9101 1.9707 1.7762 1.4748 1.2811 0.9497 0.9287 1.0906 0.9912 1.0544 0.7575 0.2630 2.8659 0.0013 0.2157 0.4307 0.8435 0.9339 1.3265 1.0820 2.3247 1.4709 1.9836 1.6623 1.3810 1.5310 1.1869 1.0553 1.1236 1.0105 0.8698 0.8982 0.6804 0.8040 0.7728 0.6702 0.2408 0.2016 2.7754 0.0000 0.1933 0.4195 0.2853 1.9074 2.1376 3.1848 2.1925 2.4212 2.2048 2.6674 2.3147 2.8277 1.8495 2.0251 1.7571 1.4931 1.8684 0.9811 0.7449 1.2532 0.6060 0.6577 0.8271 0.6095 2.6908 0.0000 -0.0014 0.2568 0.3147 0.8022 0.7210 0.7398 0.7831 1.4281 0.8493 0.4326 1.4776 1.0617 1.6301 1.0403 0.8890 0.9410 0.6600 0.4832 1.1421 0.8414 0.4995 0.7150 0.0597 0.8681 1.4680 -0.8303 6.8957 174.6512 379.9263 468.6419 480.9923 461.8340 457.4746 349.8436 287.3754 187.3562 142.7728 117.8561 71.9718 51.0492 51.5373 20.9882 22.1956 11.2311 11.1477 0.2099 0.4487 1.6013 4.6543 -0.8227 7.1155 2.7190 41.0784 483.7935 723.9655 987.6459 987.2984 890.2086 809.0902 575.7141 454.5922 336.1192 262.3053 183.9815 162.7846 79.6270 60.2854 68.4505 42.7632 20.4823 21.7083 19.8057 13.7997 13.9485 10.3258 4.5423 2.2763 0.0000 0.3652 21.4594 224.7349 343.1076 434.2038 415.8479 515.7191 471.6831 357.5737 238.1560 235.6243 135.2998 68.9873 63.7967 82.1505 28.1558 6.9429 14.8616 2.1401 12.3571 2.8845 8.9963 -0.0824 2.4960 15.2112 1.5134 1.0285 148.9657 440.2713 935.4408 1133.1433 1263.5518 959.6123 819.8940 636.4384 543.6707 399.4597 320.3427 197.1083 138.1282 135.8880 90.4719 50.5149 50.6923 35.2235 26.2861 28.8149 5.1267 12.6566 15.3792 24.5002 240.5980 190.4830 116.2344 77.4187 35.6817 13.2093 8.0027 7.9230 7.6184 2.1838 14.1448 421.6935 318.0134 213.5725 116.5419 61.7063 27.9308 17.6437 6.9918 11.6554 10.4445 31.0505 434.5845 247.7655 195.3253 81.2732 60.8107 35.5403 25.1350 13.5899 5.6566 6.1787 32.3980 
0.0145 1.5123 1.9178 1.9889 1.1003 4.1667 1.3312 2.0546 2.2686 1.6309 1.7553 2.6363 2.0572 1.9707 2.8467 1.3077 0.5356 1.1469 0.7244 0.7679 1.3469 0.9422 1.0340 0.5858 0.1308 2.6728 0.0004 0.0374 0.2906 0.8165 0.7787 1.2327 0.8619 1.7963 1.0413 1.6652 1.5808 1.4902 1.4173 0.8539 0.9671 0.6617 1.0775 0.8593 0.7921 0.5240 0.6093 0.7686 0.7055 0.2691 -0.0386 2.3850 0.0000 0.0657 0.3372 -0.0981 1.4068 1.8248 1.8406 1.8089 1.8842 1.5999 2.0370 1.5963 2.2167 1.9738 1.5030 1.4154 1.2821 1.8142 1.0184 0.5608 1.0968 0.4792 0.4431 0.8385 0.4820 2.7296 0.0000 -0.0188 0.3795 0.1273 0.3728 0.4656 0.4077 0.5476 0.7309 0.7420 0.2445 0.8988 0.8003 1.2471 1.2761 0.5650 0.7439 0.6916 -0.0050 1.1343 0.7792 0.2700 0.6948 0.2535 1.0431 1.5885 -2.5538 3.7819 142.1697 291.7070 348.6803 366.2523 411.0647 364.1156 297.2931 224.8916 145.0899 119.0157 101.7303 62.2426 41.3724 49.8681 13.1626 24.2359 10.3345 13.0917 -1.2536 0.4176 -0.6653 5.7390 -0.2934 5.8966 -1.5158 28.6433 422.7107 583.6309 803.0840 776.2489 749.8805 683.5195 469.8421 349.9617 269.8622 227.0790 154.9123 132.8004 77.3123 45.7100 65.8460 35.8456 22.6807 7.9859 20.5570 8.6815 13.3247 13.1500 -2.6213 -0.3931 0.0000 -0.6291 10.6353 176.2360 259.0438 346.5919 265.3612 417.8916 408.5699 307.7799 195.5728 208.1589 108.0313 50.3480 38.4604 81.5375 30.0186 9.2039 14.2485 0.7496 8.0505 2.9835 4.5201 3.2053 5.6077 20.2955 0.4809 -3.7059 115.1810 336.0633 679.9506 856.0795 1066.4375 720.7644 653.4707 549.8920 486.3502 344.1953 258.6410 160.7148 140.3703 132.5780 81.1153 56.0689 38.2261 33.3645 24.9529 31.8252 1.3396 7.6377 10.8677 32.8342 169.2518 128.8426 81.6997 42.5072 20.9325 9.8590 9.2096 7.7633 6.0794 3.5296 10.3732 298.4660 214.2225 148.3539 71.1314 40.0100 16.6949 17.2653 2.0018 3.7090 5.3421 23.9224 267.1651 184.0485 153.3552 51.3492 32.8367 22.4949 21.7651 8.1599 -0.8546 1.4949 22.3324 
0.0045 0.7223 1.9152 2.2039 1.7764 3.2534 1.6229 2.3871 1.3358 2.2928 2.2261 2.9398 1.6999 1.7762 1.3077 2.7713 1.0859 1.4577 0.6349 0.7133 0.2142 0.7301 1.0526 0.4578 0.4880 2.4183 0.0032 0.3634 0.6439 0.4824 0.3092 0.7649 0.5333 1.5203 1.2554 1.5284 1.1475 1.2681 1.2341 1.0077 0.6452 1.1689 0.6598 0.9391 0.7367 0.5657 0.8475 0.5516 0.3787 0.0922 0.1255 2.0505 0.0000 -0.2943 0.3038 -0.8420 0.6574 1.5774 3.9770 1.5697 1.9328 2.3884 1.6249 1.7424 2.2538 2.7409 1.2988 1.7575 1.4636 1.3081 0.4269 1.0767 1.0398 0.7470 0.2290 0.9152 0.7906 2.7729 0.0000 0.2275 0.6824 0.6585 0.3093 1.0047 1.0648 0.9753 1.2391 0.4629 1.0944 1.3054 0.7907 1.2880 0.7561 0.8491 0.4899 1.0750 0.2974 0.7419 0.7259 0.5165 0.3949 -0.0423 0.7151 1.5563 0.5470 3.8068 103.2145 250.9604 340.7356 362.3669 379.3134 402.1184 308.0824 157.1541 147.1557 161.0669 79.1558 74.8314 28.9028 58.0082 14.3366 11.0740 6.7102 16.4638 -0.9589 -2.1003 6.3707 2.8934 -0.6627 12.7267 4.0556 27.7314 339.1873 528.6259 742.0859 782.7938 729.5310 641.2579 407.3706 426.2697 306.2956 201.8458 157.9530 104.3830 54.1697 55.2092 52.4459 36.0128 14.8036 22.4172 18.7714 15.4827 12.4487 6.8821 11.3319 -2.2600 0.0000 0.8311 33.7338 163.8801 317.2012 292.3734 390.9243 410.5439 334.8179 341.6396 223.7075 172.4837 169.1395 102.8465 86.0933 60.8039 21.8843 8.1997 11.8082 -3.6656 15.8291 2.0150 14.6740 1.8930 3.5990 3.3649 4.7311 10.6759 113.2104 396.5619 743.6236 951.2938 893.8953 892.1582 772.3076 499.7364 443.0408 388.7247 305.3531 161.7721 120.3006 118.4788 86.0712 42.5516 28.3918 7.0232 23.4493 24.0330 3.6568 27.7791 15.7352 34.9962 187.4342 134.8587 112.2837 61.2138 39.2343 22.4306 5.1992 10.8155 0.0931 0.4626 11.4490 343.0229 228.7251 170.8102 89.3301 65.7681 21.3202 7.7727 4.4797 9.7662 8.0766 26.1456 292.7837 156.1861 121.5404 41.7171 41.5243 27.6085 8.8382 -3.8366 3.6389 3.7924 13.3630 
0.0029 1.5553 2.4505 3.4765 2.6564 3.6750 3.2719 1.7749 3.7777 2.0571 2.1281 1.4330 1.3032 1.4748 0.5356 1.0859 3.1472 0.0982 0.8733 0.7085 0.2412 0.2560 -0.3625 0.4684 -0.0083 0.7090 -0.0005 0.2042 0.4312 0.6060 0.7025 1.0726 1.7391 1.4111 1.3695 1.3999 1.8924 0.3776 0.8359 1.5596 0.8661 1.2359 0.1895 0.5079 0.9030 0.4420 0.6944 0.0363 0.2736 0.0604 0.2977 1.2331 0.0000 0.5394 0.8586 1.3360 1.9600 1.6221 3.3769 2.5966 1.6477 1.9295 2.3465 2.3469 1.0558 -0.0967 1.9445 1.0181 0.1170 1.1374 0.0707 0.2725 0.3258 -0.2014 0.9176 -0.0948 0.1192 -1.4739 0.0000 -0.0132 -0.0655 0.0112 1.0404 1.0799 0.2141 0.1968 0.6254 0.9135 -0.0822 0.4682 0.4675 0.5187 -0.5151 0.5225 0.6746 -0.3474 0.4519 0.5057 0.1679 0.1753 0.0221 -0.4216 -0.5196 -1.3582 3.1840 7.8186 138.4465 312.3086 398.6694 397.1735 318.3508 311.7117 236.6930 262.2458 147.8661 84.5667 74.8667 -7.1318 71.8255 -9.0705 22.0615 12.9402 12.4314 -4.6848 5.0495 -1.8632 3.0300 -0.1125 -1.0765 -5.3364 5.7655 52.2529 335.8493 616.8915 822.8872 807.3156 688.2947 542.8155 476.1716 311.8155 337.3930 144.4576 77.7305 153.7448 48.3760 83.1137 14.5388 -3.4428 -2.3099 31.3651 12.7477 1.0322 0.2577 -6.1862 13.2658 -6.6353 0.0000 2.8784 10.2878 172.3725 227.7534 339.2789 335.0067 382.6285 293.4252 240.6648 147.7991 148.8810 78.5030 1.2065 42.8550 -5.9568 10.6210 -4.6828 10.5111 -3.7971 6.8531 -2.8949 -1.5090 -6.9960 -4.8281 4.9088 -5.6931 18.7857 125.9979 301.8879 803.6647 790.6502 864.2288 750.5431 521.2729 379.6050 251.0606 53.9154 187.6378 84.3853 -13.1319 34.0165 7.7059 3.2611 24.1829 10.7214 7.1325 28.8800 4.3388 -21.3666 -4.2189 -51.6228 161.2897 133.6010 56.4568 67.8614 18.0163 -12.3315 10.7033 -4.4100 13.2169 -1.7719 16.0288 248.5373 235.3839 124.7930 88.4722 46.3686 24.9179 7.8074 2.0763 14.4548 2.8610 24.8697 309.8395 124.8264 105.4552 64.8723 56.6129 33.8140 11.3815 20.1271 6.9654 0.1560 22.3945 
-0.0157 -1.1688 0.4806 -0.5463 0.9615 0.8227 0.0198 2.3132 -2.1846 2.7233 0.6904 3.2807 0.9900 1.2811 1.1469 1.4577 0.0982 3.6924 -0.0299 0.3584 -0.1907 0.9415 2.5008 0.3389 1.0849 2.6022 0.0074 0.4499 0.3192 -0.1167 0.0748 -0.1555 -1.0512 0.8879 0.6643 0.8221 -1.2750 1.2991 1.3838 -0.4767 0.0039 0.9025 0.5468 1.0771 -0.0027 0.4457 0.7016 0.8659 0.2610 0.0878 0.3540 2.3691 0.0000 -0.9124 -0.6588 -1.6941 -0.1578 0.9848 3.2527 0.2566 2.2142 2.6213 1.3294 0.9869 3.3712 4.7494 0.7363 2.2337 2.9708 0.4790 0.8465 1.8763 1.4908 2.3057 -0.6677 1.6537 1.1238 7.2902 0.0000 0.2971 1.1103 1.3755 -0.5134 0.4684 2.2332 2.2120 2.1564 -0.0231 2.5414 2.3208 1.1693 1.9133 1.9542 0.9051 0.3861 2.4391 0.7057 0.4110 1.2759 0.9999 0.6105 0.5228 1.5805 5.5713 -0.8916 -2.0970 22.8622 104.3455 131.8507 208.2229 211.2618 295.2618 210.0942 -35.4336 61.7082 145.8483 36.8098 135.8232 -67.7556 87.1547 -5.9031 2.0546 -9.6506 17.7502 -4.0384 5.5474 5.7875 4.4133 -1.1913 26.1734 7.3101 -7.3180 211.0256 220.8506 290.9090 380.4463 351.0187 409.7656 136.9493 354.4914 25.0359 131.5710 98.8278 -44.7355 -16.4270 -39.0832 54.0331 71.8887 20.5947 6.0585 -8.5525 29.2113 22.1993 11.3096 8.7759 20.8324 0.0000 -2.0410 53.0835 101.9339 408.9968 234.1374 555.2219 386.5618 327.6377 311.4028 250.8066 151.8221 180.9559 181.6188 106.0802 99.7075 1.5867 16.0102 -5.3999 10.0501 12.1077 6.2665 31.4468 6.9940 4.9114 -16.0525 15.5291 -1.1960 69.0486 572.0797 718.6790 1275.5847 850.7453 973.5659 998.0685 566.5556 501.9239 692.5594 312.4967 218.3186 203.4751 93.3929 111.4849 25.3541 6.6845 0.6231 24.3206 -31.7601 12.5245 68.1661 33.0809 116.4340 146.5239 76.7032 121.8285 44.5957 57.4751 64.6508 -9.2177 17.6291 -15.0092 0.3747 -5.9674 285.7780 133.3599 147.3074 77.4996 56.8684 12.7766 -0.7145 14.0663 4.1509 26.7017 18.0211 253.1003 114.9837 90.8961 7.1959 32.0292 8.5235 2.2091 -24.0293 4.2507 16.7388 7.1719 
0.0239 1.4584 1.4470 1.9570 1.4221 2.7258 1.6869 0.9099 2.7709 0.5416 1.7647 0.5274 1.1402 0.9497 0.7244 0.6349 0.8733 -0.0299 1.5304 0.4073 0.6085 0.2230 -0.5208 0.2453 -0.1104 0.8410 -0.0023 0.0415 0.1983 0.6014 0.5537 0.8447 1.3035 0.8298 0.8118 0.7127 1.6848 0.6737 0.6660 1.2772 0.7532 0.4327 0.3765 0.4001 0.7103 0.2020 0.4595 0.1432 0.3930 0.1482 -0.0597 0.8356 0.0000 0.3768 0.6800 1.4049 1.3262 1.6391 2.0399 2.6054 1.4612 1.9567 2.1660 2.0417 0.6337 0.6054 1.7302 1.0656 0.3191 1.5439 0.8223 0.4490 0.5052 -0.0618 1.0282 0.3631 0.1423 0.4845 0.0000 -0.0383 0.0726 -0.3354 0.6750 0.7944 -0.0046 0.3152 0.4876 1.3625 0.2599 0.2965 0.7495 0.5932 0.2365 0.5703 0.7725 0.1498 0.4903 0.7591 0.2681 0.1624 0.1942 0.2778 -0.0965 0.1367 0.7125 3.4158 112.8816 215.5697 264.4416 230.8277 226.5359 174.6866 137.7100 183.0116 118.0809 65.9612 57.3488 -9.1951 70.1857 -5.8427 16.9035 7.0385 8.2492 -0.2566 2.8871 0.9136 -0.1479 -0.5169 0.1531 -9.4309 1.3760 27.4567 224.5646 387.2410 514.4857 490.7814 445.6293 333.8212 331.8110 198.9713 249.6312 114.6833 89.7627 121.0687 64.2576 67.6817 20.8190 -1.8509 9.7866 19.3243 15.0248 -4.4598 -3.5818 1.4453 2.3369 2.1705 0.0000 1.4722 -6.5696 109.6082 130.1031 269.5955 211.0561 303.2988 285.5783 254.6348 180.3876 176.4558 95.5131 43.5519 56.7053 26.7703 34.6870 10.8567 26.1905 3.3655 4.6254 1.9356 -7.3172 -1.0730 1.0507 13.8132 -5.3203 10.3227 81.0416 224.9669 546.6530 514.0672 742.2669 649.9233 503.2643 475.3891 375.9679 148.1376 230.8776 148.6421 67.1567 104.2382 55.4211 48.5657 44.5001 33.4624 23.9341 38.2926 12.9626 -12.9749 -7.1966 -8.1076 144.4162 124.4350 52.9166 44.4129 6.4083 -9.7018 14.7877 -0.2009 10.9326 0.5541 13.4806 246.8128 225.8979 125.9202 68.1037 36.6343 21.9601 20.4111 2.3740 8.9749 -1.1192 22.0099 193.4151 120.4173 84.9612 57.3170 32.2337 24.0499 11.7676 18.9239 2.7148 -4.8741 20.4371 
0.0003 0.8268 1.3329 1.8129 0.9447 2.1455 1.3626 1.1559 1.7218 0.9480 1.0884 1.0164 1.0895 0.9287 0.7679 0.7133 0.7085 0.3584 0.4073 1.5299 0.5830 0.2813 0.1766 0.3244 0.1179 1.3858 0.0000 0.0210 0.4390 0.2931 0.3842 0.6673 0.7345 0.9794 0.6038 1.0708 1.2102 0.5580 0.7791 0.7469 0.5358 0.5776 0.4013 0.4175 0.5080 0.3355 0.2951 0.1618 0.3537 0.2176 0.2608 1.4950 0.0000 0.1386 0.4937 0.3896 0.9681 0.9169 1.4510 1.2571 1.3365 0.9873 1.3058 1.0698 1.3123 0.5075 1.2808 0.6804 0.6327 1.0107 0.4994 0.2722 0.5943 0.1523 0.5184 0.1705 0.2854 0.9806 0.0000 -0.0074 0.1563 0.1974 0.5022 0.5164 0.3500 0.2894 0.6417 0.5168 0.2133 0.7883 0.4664 0.4318 0.5131 0.6745 0.6417 0.2444 0.3287 0.5598 0.2798 0.2940 0.3099 -0.0428 0.1329 0.9549 0.0408 1.9709 77.4289 173.6013 223.1584 202.3741 222.2156 196.7622 154.4085 141.0955 88.9506 49.9234 60.6569 24.8552 34.1858 16.8375 12.1110 14.5116 8.9759 4.4797 1.3006 -1.0833 0.6730 0.8525 0.6886 3.1839 -0.5910 27.0666 221.6187 375.7547 452.5198 443.6243 402.8572 348.5176 291.5010 185.4954 192.2513 130.2202 96.9942 82.0341 60.2137 48.1701 22.9871 13.1880 14.0080 6.4412 15.4083 2.9937 5.8573 1.6941 4.6222 3.3450 0.0000 0.6062 9.3926 104.4721 151.0500 235.0124 210.1022 274.0105 241.1120 186.5149 140.9068 115.7719 85.9096 26.9387 25.8544 30.7794 24.5009 10.7009 15.5232 6.6044 4.5960 1.2976 -0.3294 2.0455 1.4714 9.9620 -1.6295 4.5309 78.6024 256.2489 504.4346 579.0571 643.9321 535.9897 420.5173 381.7621 315.4887 181.8435 188.0702 130.2945 82.3170 72.7492 42.8267 39.9624 32.7396 18.6688 16.5752 30.6028 5.9953 1.5437 5.3602 8.4507 99.3431 89.0528 53.1415 34.8512 14.4999 -0.1348 5.2031 4.0371 5.6585 2.6477 14.3308 209.7126 158.7993 102.3297 56.2062 29.0297 19.8536 12.0272 4.0999 5.1573 -0.7951 14.0317 176.4446 125.7862 84.1962 49.5542 28.5074 17.8068 14.8520 7.3439 2.5998 2.9008 14.9177 
0.0194 1.4438 0.6462 1.3942 0.0221 2.9443 0.8757 0.4184 2.6665 -0.2721 0.6477 0.4037 1.4084 1.0906 1.3469 0.2142 0.2412 -0.1907 0.6085 0.5830 2.8951 0.3750 -0.2206 0.3248 -0.3394 1.3224 -0.0040 -0.3038 -0.0287 0.5606 0.6896 1.0233 1.1181 1.0670 0.2415 0.9426 1.8162 0.6632 0.7828 0.8931 0.7898 0.0313 0.6878 0.2355 0.5539 0.1748 0.1455 0.3054 0.5987 0.3269 -0.0521 1.4555 0.0000 0.3967 0.5386 0.9152 1.3752 1.1246 -0.3586 1.7578 0.8753 0.2570 1.5154 1.0304 0.8595 -0.2492 1.3406 0.3631 0.0790 1.5612 1.0389 -0.1920 0.4901 -0.3148 0.9042 0.0451 -0.0408 0.1968 0.0000 -0.2018 -0.2137 -0.4750 0.5897 0.0843 -0.4805 -0.3606 0.0042 0.8492 -0.6762 0.4801 0.4551 0.2864 0.9716 0.3505 0.7618 0.0425 0.0653 0.9123 0.2447 0.0464 0.5519 0.4859 0.2572 0.4205 -2.5443 1.5650 82.1927 140.3632 148.9725 141.6937 196.8471 102.6146 121.9069 193.5146 84.4050 20.1260 72.6411 -4.5281 55.7289 -2.3359 12.2379 26.0130 17.2552 0.8298 3.0307 1.8904 -5.9482 2.8435 1.2520 -5.0172 -5.2617 20.8355 205.5835 320.2552 384.0492 347.8766 360.9327 321.5234 351.4665 112.5199 197.2495 137.3457 106.5625 132.0635 97.9554 54.6182 37.3828 3.1349 24.7723 2.9103 17.7871 -3.5089 5.6536 8.0387 -11.1996 4.8555 0.0000 -0.3767 -22.4901 73.3170 35.0425 199.8981 -12.4299 213.4346 264.4158 141.7876 117.5818 155.7059 36.2645 -4.2005 -11.2965 53.7332 45.3994 14.5124 22.4794 11.2741 -1.1644 1.4267 -11.4330 2.2329 2.8783 30.7344 -7.1457 -8.7487 62.6606 84.7097 317.4139 314.1075 713.2582 319.1615 259.8710 431.8466 365.4805 131.2720 178.2470 141.5987 102.5674 123.0881 38.7528 72.3827 43.9260 50.6593 17.9796 49.4246 9.2069 -20.5943 -3.7258 5.8472 95.3095 83.5260 20.1864 18.0684 -5.8483 -14.9846 15.5469 -1.8529 14.2740 4.8301 12.4551 199.6524 173.6071 90.8012 56.9309 19.1611 21.3533 25.0385 1.1452 1.9661 -6.5574 16.6883 105.1525 135.5238 106.4842 60.9481 23.2049 21.7802 29.8687 21.9476 -4.0184 -5.5711 23.5654 
