0.0519 0.0291 0.0328 0.0301 0.0280 0.0396 0.0112 -0.0092 0.0669 -0.0284 0.0524 -0.0120 0.0114 0.0041 0.0145 0.0045 0.0028 -0.0157 0.0239 0.0003 0.0194 -0.0065 -0.0331 -0.0052 -0.0171 -0.0174 -0.0001 -0.0023 0.0039 0.0234 0.0060 0.0244 0.0324 -0.0025 0.0103 -0.0097 0.0621 0.0141 0.0114 0.0398 0.0145 -0.0160 0.0057 0.0090 0.0223 -0.0096 0.0095 0.0011 0.0084 -0.0045 -0.0197 -0.0309 0.0000 0.0041 0.0126 0.0204 0.0014 0.0444 -0.0032 0.0602 -0.0151 0.0254 0.0167 0.0272 -0.0536 0.0030 -0.0098 0.0133 -0.0198 0.0332 0.0124 0.0022 0.0022 -0.0221 0.0284 0.0118 -0.0109 -0.0290 0.0000 0.0016 0.0079 -0.0275 0.0010 0.0151 -0.0281 -0.0145 -0.0240 0.0351 -0.0103 -0.0425 0.0002 -0.0056 -0.0214 -0.0070 0.0039 -0.0078 -0.0120 0.0215 -0.0010 -0.0239 -0.0079 0.0140 -0.0111 -0.0538 -0.0307 0.0423 4.0506 4.6252 3.6970 2.5892 4.5153 2.1398 1.5204 3.0861 2.3125 1.5071 1.2629 -0.9873 2.9285 -0.4575 0.4633 0.2026 0.1225 0.1166 0.0140 0.1159 0.0083 0.0527 0.0025 -0.6447 -0.1143 0.6717 6.2488 5.7151 9.8989 6.6801 8.1393 2.5836 2.9434 2.7649 6.7477 1.4992 2.3725 3.4496 2.2728 2.3551 0.7413 -0.7536 0.3040 0.4343 0.6316 -0.6858 -0.2349 0.0619 -0.0504 -0.3160 0.0000 0.0590 -0.5060 1.7485 -2.9290 0.2895 -5.6826 -0.7490 0.0836 3.6503 0.5700 3.1133 1.6224 0.1163 0.9215 0.0917 1.1682 0.5223 0.7058 -0.1429 0.1774 0.0660 -0.3632 -0.0543 0.2099 0.6970 -0.3247 0.4265 1.6401 -1.3446 -2.0678 -11.9792 -2.9605 -2.4932 -1.2683 1.4251 3.6550 -3.2088 3.6978 1.3086 0.6495 3.2029 0.9939 1.8291 0.8112 0.8232 0.9985 1.4433 0.4756 -0.9133 -0.8063 -0.5697 1.5476 1.7519 -0.1450 0.2797 -0.4905 -0.7953 0.5787 -0.1536 0.1952 0.0183 0.4099 1.4754 3.1029 1.0828 -0.0865 0.2996 0.0378 0.7313 -0.2879 0.0401 -0.3383 0.6506 -1.3538 0.6037 0.8755 0.4660 0.0461 0.1733 0.0281 0.3392 -0.2690 -0.5488 0.2963 
0.0291 2.5278 1.5358 2.2403 1.4724 2.7906 1.3195 0.5893 3.0902 0.0612 1.5460 0.4169 0.7900 0.7356 0.7135 0.3789 0.5305 -0.3032 0.6337 0.3283 0.5915 0.2472 -0.7509 0.0350 -0.4405 -0.0605 -0.0019 0.0596 0.3335 0.7805 0.6323 1.2475 1.3185 0.7920 0.9082 0.9858 1.8365 0.4512 0.5258 1.0949 0.7466 0.2425 0.4307 0.2659 0.5441 0.0020 0.2510 0.2412 0.3091 0.0687 -0.5326 -0.4214 0.0000 0.1432 0.3039 0.8739 0.8384 1.3656 0.7239 1.7795 0.2496 0.6103 0.8610 0.9661 -0.7543 -0.6489 0.2063 0.0224 -0.9013 0.8636 -0.2312 -0.6495 -0.0179 -1.0102 0.3003 0.0798 -0.3955 -3.6089 0.0000 -0.0106 0.0273 -0.6468 0.3159 0.4855 -0.5303 -0.6636 -0.7610 0.4023 -0.9616 -0.8999 -0.1408 0.0784 -0.3740 -0.2649 -0.0615 -1.0043 -0.4972 0.5188 -0.2718 -0.6179 -0.1111 -0.1944 -0.3254 -3.7350 0.2958 4.4575 164.7175 245.6378 304.9415 265.8946 258.8516 187.0285 145.5521 186.1113 83.5037 30.2069 32.5305 -42.1912 62.8704 -13.2421 14.7127 9.3217 6.9249 -9.4326 0.1073 -0.3146 -1.0955 -0.1419 -0.7613 -8.1864 1.9090 36.7497 252.9965 431.3216 609.5449 539.7740 490.8963 354.4301 267.9199 142.8152 214.2357 97.8859 52.9044 101.0502 39.6986 52.9278 2.7054 -6.0694 -3.6707 5.1674 16.2377 -15.0772 -10.4780 -0.6888 -6.7319 -33.7595 0.0000 2.1348 -1.8051 131.3044 45.0257 162.4658 -34.7289 132.9271 100.3033 93.2390 -2.6385 35.0961 -42.3170 -49.6061 -3.1108 -31.8377 2.4551 -11.7807 5.0750 -14.8432 -2.7613 0.0694 -13.9009 -3.8465 2.4375 8.1940 -7.6454 9.1066 69.1856 -10.2942 138.8846 -74.4685 203.8433 -1.7876 -14.6746 -33.3894 10.4480 -204.8408 3.4452 -75.3361 -75.3522 14.6083 -11.7598 -15.9537 5.9805 -4.5198 5.7748 32.0434 -7.0769 -36.1300 -18.5823 -71.6594 163.2602 145.7584 52.3181 42.4449 -3.7859 -23.8427 13.8956 -0.9922 12.4856 -1.2074 13.7981 213.1829 208.2127 104.5541 34.3225 25.5453 10.9360 11.6226 -4.5910 6.2833 -4.1992 11.5800 227.1751 137.3371 113.9887 48.3847 24.0390 24.0014 14.0907 19.6859 -0.9901 -5.9561 15.1990 
0.0328 1.5358 4.9153 4.3863 3.2975 4.2883 3.9120 1.9311 5.4465 1.3585 2.5736 1.0769 1.3662 1.2862 0.8148 0.8335 1.5500 -0.3171 0.9261 0.6799 0.5269 0.2405 -0.9938 0.2302 -0.5254 -0.2459 -0.0012 0.1649 0.6273 1.2444 1.0156 1.7726 2.3999 1.5013 1.7595 1.7231 2.8836 0.3351 0.9314 1.7545 1.1119 0.9252 0.4089 0.4340 0.9240 0.1804 0.5640 0.1308 0.2294 -0.0345 -0.3962 -0.2019 0.0000 0.2780 0.9388 1.5670 2.3946 2.6885 2.2417 2.7862 0.8143 0.6969 1.1853 1.4539 -1.0369 -1.7792 0.3447 -0.1037 -1.4431 0.6239 -0.8741 -0.9770 -0.2805 -1.5208 0.6070 -0.4376 -0.4337 -6.2728 0.0000 -0.0054 0.0690 -0.6032 0.9718 1.0497 -0.5194 -0.9260 -1.1741 0.4404 -1.4971 -1.1336 -0.4573 -0.2050 -1.1687 -0.2992 0.0870 -1.7186 -0.5973 0.4283 -0.4933 -0.7974 -0.2302 -0.6695 -0.7991 -5.9859 2.9102 12.5508 356.6156 556.3839 636.2758 595.6773 504.1181 401.2131 315.7884 342.0593 152.5037 60.7795 59.7565 -57.8441 97.0206 -27.2482 24.7642 18.5382 15.6201 -14.3343 4.2241 -3.6870 0.8432 0.5651 -1.7717 -9.9397 6.2838 79.2027 543.2563 886.0286 1142.0114 1018.3176 853.2287 601.9542 484.9008 270.0533 368.1608 142.8797 67.3201 175.1786 50.0338 92.3332 5.7694 -16.0875 -15.6801 25.3430 20.7737 -13.9313 -10.5870 -6.5969 0.6136 -43.4746 0.0000 5.1412 27.7016 287.9466 248.4306 366.2104 126.8098 282.8798 137.4475 107.2664 -61.8899 12.8789 -100.6547 -112.5092 -28.7306 -78.7307 -17.2621 -25.2648 -8.4578 -22.4956 -0.4856 -4.9904 -14.0722 -11.1061 -2.7057 5.2938 -10.8093 22.2276 185.9178 193.4919 496.4612 128.3667 318.2218 3.0252 -110.1469 -201.5307 -184.1700 -403.7475 -63.5311 -168.6137 -169.5907 -40.3070 -54.4141 -41.5661 -7.5114 -17.0790 -2.8831 32.3665 -15.7712 -56.1561 -24.5138 -128.2283 157.5864 117.5099 22.9671 55.8227 -3.5568 -34.8468 18.0855 -6.4246 17.2521 -3.2379 16.3751 144.5531 166.5679 67.2803 41.1996 33.1196 14.0005 4.2135 -9.0015 10.5534 -4.3499 19.0057 362.3463 138.2851 148.7937 72.6392 55.7962 45.0296 17.9607 30.0632 1.3586 -5.5349 22.6998 
0.0301 2.2403 4.3863 9.4273 4.4656 6.2882 5.6443 2.8513 7.9478 2.1451 3.9360 2.1952 2.4474 2.2963 1.2772 1.6394 2.6497 -0.3777 1.3536 1.2709 0.8645 0.4214 -1.4066 0.3752 -0.6454 0.2955 -0.0014 0.3346 1.2769 1.5585 1.3392 2.8623 3.3925 2.5181 2.5250 3.2204 4.3755 0.6377 1.3523 2.8709 1.6282 1.6447 0.6583 0.6033 1.4366 0.4074 0.9143 0.1929 0.4029 0.0309 -0.4431 0.0043 0.0000 0.3239 0.9486 1.5016 2.7695 3.1169 2.6455 3.6302 1.2234 0.7772 1.6391 2.3685 -0.5442 -2.5686 1.1432 -0.2089 -2.2392 0.9687 -1.5577 -1.4691 -0.2687 -2.4323 0.6795 -0.7558 -0.5563 -10.2281 0.0000 -0.0077 -0.1544 -0.6633 1.5699 1.5202 -0.6749 -1.5938 -1.0887 0.3738 -2.2729 -0.9762 -0.5393 -0.2814 -1.3403 -0.4681 -0.0131 -2.3798 -0.9503 0.6252 -0.8827 -0.9628 -0.2518 -1.2315 -1.3839 -8.9336 4.0836 12.5783 411.5764 706.4536 878.1892 859.6836 756.1767 640.4701 519.3454 513.7906 253.4745 120.9016 103.0697 -77.5510 138.7946 -29.4817 39.5362 38.6712 27.5317 -19.5296 5.7043 -9.5351 2.5306 -1.0516 -1.9377 -5.9030 8.8966 119.2457 726.1369 1340.9982 1706.6602 1593.5287 1369.4438 1012.1961 839.7008 473.6064 616.1505 259.8340 148.7018 260.7793 94.5008 149.4765 1.4495 -23.3408 -17.9217 35.0168 35.5608 -14.4654 -15.1979 -9.6940 3.7186 -72.3189 0.0000 6.8398 28.5979 342.9052 320.6493 479.3623 180.1731 443.3041 246.2589 188.3263 -12.3901 36.3114 -101.0360 -142.7294 -30.8489 -109.8828 -17.5192 -38.7032 -7.3011 -33.6561 -3.6133 -11.2975 -19.2616 -12.9217 -3.8615 11.6375 -13.7826 32.9896 240.1394 213.5496 740.1184 280.9211 599.0331 228.1642 -4.1565 -143.3708 -150.7590 -496.5339 -24.5464 -205.1830 -226.8298 -37.9896 -77.6529 -62.9351 -10.1307 -34.2731 -16.5613 60.9559 -23.7425 -71.1819 -28.8409 -196.5816 252.5417 211.7195 58.9549 87.1830 -0.8242 -52.7754 22.5137 -9.5965 28.2136 -5.0675 27.4324 287.2664 292.0117 126.5854 76.2957 59.2013 24.2235 1.5961 -11.6726 17.6715 -10.9942 20.2502 576.4700 292.5315 254.8570 127.6659 89.9413 75.3231 34.7777 41.9789 3.2036 -9.2366 27.7003 
0.0280 1.4724 3.2975 4.4656 6.3758 6.2670 4.8813 3.0686 5.7363 2.6792 3.8775 2.2284 1.9351 1.7139 0.9632 1.3886 2.2581 0.4815 1.3147 0.7597 0.1883 0.5182 -0.6470 0.2138 -0.0495 0.2067 0.0008 0.3555 0.7893 1.2286 1.3592 1.8768 2.5341 1.5941 2.3613 2.0084 2.4007 0.9868 1.5243 1.9763 1.2998 1.3721 0.4239 0.7802 0.9602 0.3087 1.0167 0.2251 0.4100 0.0296 -0.2702 -0.0289 0.0000 0.2345 0.7155 2.1939 3.0143 3.8475 6.0296 5.1209 3.1086 4.0643 3.9417 3.6686 0.5630 0.9116 2.1543 1.6412 -0.1109 1.5270 0.0008 0.3593 0.3647 -0.2635 0.6408 0.4210 -0.1290 -3.4748 0.0000 0.0471 0.6110 -0.2617 1.2504 1.6539 0.7118 0.5967 0.3471 1.4882 0.3299 0.0185 0.5959 0.9073 -0.5638 0.0497 0.4801 -0.6763 0.4130 0.4984 0.0555 -0.2649 -0.0928 -0.2036 -0.6259 -3.9285 4.7239 11.4070 372.0562 665.2410 791.1119 750.0360 616.7962 520.0731 377.9437 358.7363 211.3381 136.9712 68.9288 -28.0943 79.1048 -23.2615 18.8217 6.7522 8.9796 -14.6296 5.3728 1.8191 1.7903 -1.5953 -2.7223 -10.0775 13.8565 84.2000 688.1765 1121.7122 1422.0930 1291.2459 1071.6734 775.2985 620.0361 416.0145 398.7534 150.5020 48.5751 156.6356 8.9750 72.1688 1.6283 -6.4749 -14.6087 31.8087 5.3476 -10.6468 -13.1301 -10.4652 3.5919 -33.6437 0.0000 4.7341 36.4755 370.7276 571.9071 697.6007 662.8295 670.4633 480.2048 414.1196 179.8224 172.4609 16.9870 -7.2863 57.3834 -57.5774 -14.8003 -23.0444 3.4974 -22.4784 1.6375 -5.2482 -11.3524 -11.9866 -5.9592 -13.0277 -7.9724 35.7043 249.4800 745.8779 1404.3579 1361.3992 1350.8128 1058.1165 798.5524 386.2506 194.0109 -78.8204 112.3343 -42.5851 -133.3578 -31.2967 -24.3653 -49.7234 -9.4235 -21.7537 3.1753 12.8830 -6.9436 -40.9170 -24.7675 -103.1890 238.9142 167.4480 66.5407 69.8225 11.9833 -16.7852 15.7802 -4.9995 15.7659 -6.3972 9.0805 248.6352 251.8035 113.6745 71.3402 49.4151 19.3599 0.9090 -3.5654 13.2438 7.4078 18.2111 577.3814 226.5544 202.6980 107.2432 85.1817 56.9230 18.3615 30.0141 7.2358 -0.7003 34.3761 
0.0396 2.7906 4.2883 6.2882 6.2670 29.3665 7.2808 5.7143 12.1009 4.1094 6.6397 5.0735 5.5033 4.6500 3.9575 3.0752 3.5971 0.6035 2.6500 2.0410 2.8550 1.8891 -0.5262 1.1582 -0.3705 4.0724 -0.0027 0.1728 1.5014 2.4857 3.0116 3.5414 4.7673 4.6638 3.7788 5.0082 5.8134 2.4862 3.0507 3.4958 2.7952 1.7400 1.6655 1.4572 2.0672 0.9881 1.1899 0.8644 1.4601 0.5807 -0.5762 3.2970 0.0000 0.3275 1.1906 2.9209 5.1265 6.9426 16.7805 10.1286 6.8221 7.7741 7.9075 7.2484 3.1799 2.7519 5.8395 3.3683 0.4638 5.7914 1.3470 -0.1454 1.6714 -0.7253 1.7711 0.8242 0.0399 -3.5461 0.0000 -0.0775 2.3976 -0.7114 2.5167 2.6364 0.8236 0.4066 0.8591 2.5812 -0.6662 1.4474 1.7479 2.2579 0.7199 0.4995 1.9185 -1.0213 0.9010 1.9923 0.8312 0.2387 0.7540 0.0333 -0.5632 -6.1280 3.0303 26.5759 498.8436 1040.4586 1372.1949 1146.3183 1078.8322 913.6833 724.9204 838.6485 459.9995 278.6705 248.1758 23.6530 164.9284 9.4158 37.8554 -0.1704 41.8375 -1.1683 4.3383 9.3736 -4.7095 -0.2032 -2.1795 -7.5865 11.7904 127.0928 1252.8129 2084.7195 2705.2468 2511.2269 2203.8840 1815.2929 1434.9589 871.2325 870.8753 418.1463 264.5644 453.2946 142.4022 154.4769 74.3712 25.8715 22.0036 48.6944 43.2460 -16.6639 -2.9388 -1.2242 -21.4307 -71.9136 0.0000 4.8146 18.4678 764.5593 943.1278 1428.5216 1044.3790 1413.6697 1283.1219 972.7669 631.8730 560.4307 228.8574 56.0819 97.0961 84.3316 69.5040 -31.7761 70.6831 -24.2538 23.3431 3.4705 -30.7425 -15.8628 -2.6666 18.2578 -14.9047 21.9253 455.3820 1302.7672 3086.6936 3437.2551 4048.1826 2713.7585 1934.3568 1562.8266 1138.2694 288.9007 542.1223 183.7127 -48.2822 188.4624 50.3300 33.5159 67.9202 33.8694 35.8671 116.0545 -16.9072 -79.6691 -22.4106 -132.9088 429.1385 295.5166 124.2688 119.6208 11.3282 -46.0773 34.2899 -1.9531 41.3746 -2.7801 29.4488 594.5587 509.0474 240.7771 130.5200 80.5520 55.3318 27.8720 -4.8492 20.9461 -7.5448 31.7809 864.3497 429.7759 378.1196 193.4329 132.3935 107.8389 60.5872 61.2925 4.8062 -6.9364 71.0854 
0.0112 1.3195 3.9120 5.6443 4.8813 7.2808 8.4891 3.5264 8.2806 3.3640 4.2218 2.3530 2.8150 2.3557 1.2465 1.6047 3.2052 0.0023 1.6373 1.3046 0.7956 0.5645 -1.1054 0.6547 -0.2816 0.8320 -0.0013 0.3621 0.9053 1.5343 1.6401 2.2974 3.6451 2.7293 2.7095 3.0919 3.8703 0.8826 1.7682 2.6810 1.7783 2.0128 0.4885 0.8004 1.5140 0.6350 1.1683 0.1315 0.5290 0.1476 0.1027 1.1943 0.0000 0.3157 0.9585 1.8356 3.6015 3.4580 4.8264 4.8549 2.9374 2.6981 4.1881 3.8601 0.9734 -1.3144 3.3059 1.0593 -0.8027 1.7335 -0.4236 -0.3645 0.2623 -1.1521 1.2111 -0.4220 -0.1295 -6.2919 0.0000 -0.0361 0.0960 -0.4441 1.8890 1.8358 0.0888 -0.1517 0.0021 1.4406 -0.9568 -0.0486 0.4614 0.5002 -1.0275 0.2553 0.9224 -1.5648 0.3260 0.6555 -0.2478 -0.1663 0.0180 -0.7362 -1.1589 -5.3973 5.8863 15.4129 376.7078 753.6890 923.6337 901.7354 723.5374 631.0398 505.8062 553.5484 293.2356 142.5937 123.4045 -50.3023 134.1167 -34.8200 39.1926 23.4517 23.5716 -22.2939 8.5925 -3.3852 1.9139 -2.4340 -2.2086 -10.9471 13.3112 114.2575 777.6670 1427.5261 1772.6504 1674.2382 1391.8297 1064.6073 958.1639 525.9082 591.0278 244.1617 109.5713 264.5358 70.5680 133.6149 1.8113 -16.2049 -19.2831 43.8919 20.2254 -6.5361 -12.7487 -12.0162 11.2765 -37.6797 0.0000 5.8322 21.7379 363.9910 478.6007 703.9537 577.4646 712.7594 512.0451 366.5048 182.4027 197.5583 7.3344 -65.6813 27.5930 -65.0947 -8.8613 -31.6040 7.8997 -19.3276 -1.5916 -7.1869 -15.5280 -13.6880 -9.6775 5.1300 -11.9216 35.1508 268.9976 607.0655 1469.2942 1290.7331 1496.2526 1106.1517 676.2515 437.7948 199.6843 -175.1052 135.5883 -12.7246 -150.3232 -24.6825 -40.9951 -54.5710 12.3568 -5.1743 -9.7089 40.9093 -10.8905 -60.1464 -22.8467 -154.3457 254.8981 176.4788 50.9494 101.1567 11.1383 -36.4426 21.7742 -10.4504 29.7992 -5.6855 21.4823 309.2926 289.7563 132.2911 107.0107 58.8833 32.4836 5.6319 -1.6506 21.8770 1.9876 28.1905 602.3578 221.6651 215.1240 132.0069 108.1114 76.5225 28.5675 47.6353 11.4309 -1.4875 41.5694 
-0.0092 0.5893 1.9311 2.8513 3.0686 5.7143 3.5264 5.9166 2.7625 4.1437 3.0069 4.3610 2.6330 2.6803 1.9966 2.3463 1.8383 2.1782 0.9487 1.1393 0.4155 1.1828 1.6373 0.7377 0.7854 3.3176 0.0053 0.3609 0.7393 0.6677 0.9946 1.2626 1.1058 2.4872 2.0918 2.5122 1.2424 1.7378 1.9872 1.0170 1.0459 1.7861 0.9233 1.2908 0.8640 0.8279 1.1214 0.8367 0.6275 0.2437 0.4122 3.0783 0.0000 -0.0059 0.3304 0.6019 2.4232 2.7546 6.3080 3.1179 3.9808 4.1300 3.5697 3.1065 3.8274 3.6150 2.7157 2.6265 2.3759 1.7780 0.8241 1.4238 1.5780 1.3687 0.2291 1.2197 0.9878 3.7971 0.0000 0.0546 0.9640 0.8807 0.8214 1.4068 1.9943 1.8742 2.1106 0.8491 1.6940 2.1578 1.3524 2.0396 1.2937 1.1674 0.9406 1.3452 0.7973 0.8946 1.0484 0.8781 0.6507 -0.0330 0.9292 2.3321 1.8001 8.3799 264.3751 572.4683 710.0532 709.6960 646.0780 646.3851 482.9426 308.3673 236.7146 211.1383 122.5272 109.2424 23.1526 69.7038 18.4209 13.5156 7.3774 10.4357 0.1170 1.8485 5.5545 2.8191 -1.5810 17.7639 10.7457 58.9067 680.3833 1061.5625 1323.6450 1329.5123 1133.7913 1008.4392 685.9784 606.2961 369.9315 281.0629 174.5325 125.9285 46.8560 45.6063 58.3520 58.5567 15.0772 25.2806 12.0581 22.0828 14.5352 5.6803 11.6218 0.4796 0.0000 1.3651 62.8791 353.7885 692.6234 727.0915 890.9787 835.3253 674.1056 545.3789 372.2241 277.7095 199.5783 133.1440 110.8342 74.5952 12.4375 2.9572 10.7198 1.3279 14.4729 4.3532 16.5746 0.2777 0.8304 -6.1869 7.0701 15.1402 241.7575 962.9274 1645.2760 2059.4089 1851.6494 1633.4163 1352.8674 872.6395 668.0437 568.1665 390.4230 224.7098 134.2433 100.9232 96.5368 18.4697 31.3148 7.1133 23.6619 8.7169 1.9973 28.4479 20.6550 31.3718 270.1666 177.1300 142.6071 89.6595 55.0194 32.4886 3.2265 13.6667 3.0709 -0.7133 10.7451 441.3904 288.2835 210.1096 119.7951 77.1832 30.5452 4.9458 10.9830 13.9821 19.7285 27.5815 566.1921 256.5910 204.5593 84.6183 79.3286 45.8971 20.4277 4.7602 9.9667 14.3425 30.5049 
0.0669 3.0902 5.4465 7.9478 5.7363 12.1009 8.2806 2.7625 16.6992 1.2924 6.0895 0.5089 3.8649 2.8577 2.2616 1.3237 3.7560 -2.1789 2.7633 1.7078 2.6602 0.3951 -3.7397 0.7389 -1.8077 -0.0350 -0.0117 0.2152 1.3775 2.7739 2.6043 4.3509 6.6316 3.7401 3.3636 4.0812 8.1753 1.1799 1.6910 4.9762 3.1852 1.6094 1.1526 0.7352 2.6633 0.5657 1.0710 -0.0727 1.1003 0.2990 -0.7753 0.4277 0.0000 0.6427 1.7229 3.0566 4.2377 5.1186 3.8861 7.9220 2.5207 1.9215 5.5422 5.1178 -1.4558 -4.8131 4.3217 0.2279 -3.3437 3.9633 -0.2040 -2.1353 -0.3292 -3.8338 2.9709 -1.3216 -1.1300 -13.6971 0.0000 -0.1916 -0.0548 -2.3874 2.7218 2.2696 -2.3887 -2.4762 -2.2919 2.8944 -4.0635 -2.1549 0.0514 -0.5057 -2.0792 -0.2469 1.6501 -4.1450 -0.6195 1.8489 -0.9724 -1.3875 -0.0743 -1.0000 -2.2827 -12.1474 4.4177 22.4270 510.7732 936.7907 1154.1943 1058.6494 947.9741 670.4834 581.2360 887.4082 389.6333 98.0932 190.8357 -184.0938 296.4322 -107.7664 63.9651 51.4404 51.0146 -34.3700 14.4161 -8.2968 -6.1603 -0.5128 -1.3733 -44.2810 2.5888 163.8340 1007.9452 1849.2788 2456.4438 2199.5892 1966.7985 1413.3075 1403.5526 539.5250 1004.1206 373.6385 192.9609 528.5950 200.8959 269.0520 8.8017 -79.9052 -17.8756 49.6239 60.9120 -46.8200 -30.8026 -15.0819 -7.5998 -78.3700 0.0000 8.3843 -50.5747 433.1900 209.3364 815.7284 125.5219 747.2458 617.1904 435.9004 130.3694 309.7974 -72.8015 -231.8422 -44.6327 -111.1500 38.9608 -35.3606 36.9893 -37.6623 -6.7384 -13.1426 -58.5489 -22.7028 -7.4876 51.4234 -38.6746 41.9405 317.4463 193.4814 1363.3258 638.2317 1796.6879 837.0618 373.4000 521.4263 285.2338 -654.2444 146.2783 -72.8404 -248.2098 51.4273 -88.9446 4.7100 55.7863 32.8421 0.3656 144.7816 -21.6507 -156.8638 -65.7501 -286.5856 345.1528 309.1673 24.1614 116.6602 -35.2860 -114.3184 57.0515 -27.2887 62.9043 -1.7155 51.7022 433.7321 523.0567 202.0833 133.8930 64.2715 51.6327 41.5899 -18.7271 24.2974 -29.5939 47.2607 658.9215 342.1653 326.3641 212.3188 120.8099 104.9660 56.7962 95.0772 1.4630 -27.4334 67.5367 
-0.0284 0.0612 1.3585 2.1451 2.6792 4.1094 3.3640 4.1437 1.2924 6.9877 1.8732 4.7322 1.9252 2.6009 1.6297 2.2936 2.0643 2.7293 0.5450 0.9393 -0.2815 1.1155 2.5106 1.0557 1.0337 2.8050 0.0079 0.5825 0.4527 0.4632 0.7426 0.8622 0.5142 2.2451 2.1038 2.1403 0.0288 1.2004 2.1904 0.1288 0.6931 2.0889 0.4883 1.5121 0.8271 0.9755 1.1906 0.9187 0.3330 -0.0305 0.8863 3.6858 0.0000 -0.0397 -0.0182 0.0596 2.0270 1.8142 6.2751 1.7096 3.4433 3.6988 3.0825 2.6627 4.2069 3.5752 2.0484 2.8202 3.1670 0.9660 0.4070 1.7439 1.6605 2.0092 -0.0542 1.1008 0.9406 5.4543 0.0000 0.0450 0.8413 1.1153 0.5277 0.9060 2.3758 2.1579 2.6979 0.3739 1.9151 1.8584 1.2453 2.2614 0.5944 1.1193 1.0982 1.4279 0.8122 0.6094 1.4699 1.0354 0.4842 -0.4864 1.1347 3.6354 1.9118 9.9352 168.2561 470.5578 577.1327 638.5939 498.4540 642.9990 433.6507 249.1731 193.9530 195.3054 122.2416 145.7539 -7.2713 87.3428 14.2985 9.1750 -7.2620 10.8432 -2.7569 1.9178 9.9215 6.7329 -3.5124 18.3143 12.0847 48.3385 599.5433 826.8133 1160.7618 1208.8506 996.1353 950.8736 515.0533 624.1344 250.7656 248.2775 117.1865 78.8203 -13.2020 10.7792 60.0431 72.2809 -0.1022 29.4466 -2.0487 30.5161 24.5869 2.2955 27.7472 13.3018 0.0000 0.3050 71.5809 317.8386 620.2180 591.3295 921.7525 729.6737 574.6644 449.0202 314.7417 256.0808 221.8947 115.0975 117.5546 86.8907 -22.5580 -3.7695 -12.6664 1.5878 18.5194 1.6425 36.4000 -3.5509 -2.3106 -17.8445 11.8180 10.6575 203.1062 852.2246 1520.7953 2044.7494 1567.6598 1495.4377 1263.1169 679.8702 542.8469 614.5256 351.6688 203.3912 119.0916 32.6031 83.5441 -28.3272 15.8156 0.9818 18.6873 -32.9445 7.0941 42.9755 33.7282 44.8146 237.6765 161.3891 144.9292 106.3354 74.4222 49.0921 -10.3283 12.5838 -7.2233 -2.7849 6.6249 335.3248 231.9678 187.4643 104.2644 62.1086 16.9329 -4.0199 13.0123 15.4663 33.2072 36.4879 585.8099 216.6555 181.2273 44.7916 80.2019 22.4849 2.3544 -9.5482 15.1056 24.0027 21.6539 
0.0524 1.5460 2.5736 3.9360 3.8775 6.6397 4.2218 3.0069 6.0895 1.8732 6.5673 2.4092 2.7704 2.0200 1.7792 2.2070 2.1261 0.6610 1.7693 1.0959 0.6904 0.6295 -0.7717 0.2740 -0.0486 1.6677 -0.0010 0.2297 0.9904 1.4134 1.0897 2.0930 2.8035 2.0870 2.4597 2.2581 3.8327 1.9559 1.7536 3.0079 1.6784 1.3548 0.9157 1.1874 1.5689 0.4652 1.3496 0.3554 0.7960 0.1854 -0.4889 0.7525 0.0000 0.1723 0.7930 1.3489 2.2471 4.0247 6.1234 5.8535 3.4497 4.9380 4.6738 4.3681 1.2135 2.5986 3.0608 2.5354 0.5258 3.0447 0.8609 0.9967 0.9408 -0.2123 1.2342 1.0892 0.4164 -1.0509 0.0000 0.0930 1.1411 -0.3885 1.2402 2.2300 0.6319 0.8997 0.7107 2.3767 0.8525 0.4421 1.2344 1.2560 -0.0237 0.7491 0.8868 0.1208 0.2910 1.2997 0.3936 -0.0591 0.1323 0.1217 -0.2616 -2.1370 3.0971 7.7295 310.8588 594.1316 746.1053 691.1612 707.6931 578.9425 431.9483 370.9855 273.3959 206.9127 110.6924 -9.3110 133.2134 7.1063 30.4649 15.9075 15.7459 3.5600 3.4683 -1.0597 4.2318 -0.8735 -0.9882 -10.8582 7.2267 79.7516 690.3724 1146.7009 1528.7532 1422.8404 1316.2772 962.8201 786.2914 552.5754 622.6221 263.3679 190.0900 239.8010 98.7889 139.4858 36.3105 -4.4287 7.7639 36.2559 33.4288 -13.3076 -10.4019 -1.7467 7.5090 -30.5697 0.0000 4.1276 16.8149 322.6978 493.5331 671.4711 596.9889 770.1440 614.4957 630.7127 340.0670 314.9013 183.3353 70.0990 117.0948 3.7084 43.7670 4.1296 39.4338 -19.8335 11.8499 -0.5397 -13.5582 -3.6406 2.9560 11.5530 -10.0095 41.7025 232.6783 725.4246 1479.0934 1444.8173 1704.3027 1531.5776 1226.2800 857.2105 664.0467 196.7759 401.6922 170.2324 34.2596 138.9935 78.0039 52.4084 43.1988 8.1826 36.8867 72.1521 4.5736 -24.3171 -23.2127 -54.2412 293.5337 222.4021 111.6914 82.5254 17.1309 -19.0936 27.2251 2.7076 18.8093 -1.9841 25.8699 451.6625 377.5497 211.5010 103.7954 80.3261 32.3002 22.5502 -4.5509 13.9471 -3.3631 34.8530 449.4823 223.6327 188.0588 102.7073 68.5502 57.9690 18.0747 25.8599 1.7712 -10.3882 33.0585 
-0.0120 0.4169 1.0769 2.1952 2.2284 5.0735 2.3530 4.3610 0.5089 4.7322 2.4092 7.8155 2.6316 3.4500 2.6309 2.9364 1.4323 3.2864 0.5234 1.0134 0.3993 1.6448 3.0380 0.7655 1.1052 4.2171 0.0092 0.3270 0.5467 0.6402 0.6662 1.1696 -0.0824 2.8480 2.0264 2.7134 0.2805 2.1672 2.2972 0.3981 0.7690 1.7328 1.1960 1.5771 0.6512 0.8282 1.2567 1.3876 0.6469 0.1410 0.2626 3.3088 0.0000 -0.1567 -0.1035 -0.6522 1.5198 1.8141 5.5730 1.3574 2.9170 3.4512 2.3859 2.0074 4.3907 5.0841 1.2184 2.7894 2.9920 1.1817 0.4134 1.6093 2.0130 1.8716 -0.8815 1.8595 1.1803 5.5052 0.0000 0.0995 1.0926 1.2804 0.1812 0.9756 2.3621 2.0343 2.3273 -0.2485 1.9462 2.3933 1.1657 2.6545 1.7296 0.8825 0.1992 1.9602 0.3191 0.8040 1.3740 0.7137 0.8279 0.0196 1.7474 2.9138 -0.7424 5.5241 183.6796 451.6431 579.3432 644.1453 620.1293 693.7242 510.1001 199.3725 193.0775 239.8592 115.5734 167.1326 -30.6827 123.4541 9.5181 13.9323 -1.4138 19.7017 -6.9687 3.9170 8.3239 6.6933 -2.5188 33.7650 10.8666 37.4949 647.3189 921.9595 1233.6003 1285.3573 1136.5489 1080.6225 556.0013 675.2993 274.2738 291.8780 191.5119 60.4989 17.2220 -0.6913 81.6575 92.3347 17.5995 11.6155 8.3951 29.6343 26.6392 12.9927 10.1983 -12.8284 0.0000 -0.9147 75.9131 306.2382 636.0244 511.4537 733.5733 668.6123 533.8132 451.7814 276.8318 194.4127 183.3501 143.8569 96.4233 96.9912 -10.1095 -6.6609 -11.1997 -8.6824 17.2934 6.0976 32.6986 3.9003 5.8627 -12.3100 15.4909 3.9891 194.6030 830.5342 1320.0937 1873.2122 1486.1651 1292.6905 1195.3051 597.5477 540.2000 628.0803 316.6576 140.8273 134.1240 83.6697 103.1306 -10.1783 -2.4478 -19.3492 17.9580 -15.6433 -7.8562 57.3528 33.5519 63.9109 260.9096 147.1851 159.4946 84.4119 67.9779 54.7471 -9.0644 21.6148 -9.2413 -0.9236 2.5998 421.6098 205.8052 195.3502 91.7176 73.5935 14.8279 -5.2879 9.5890 8.8091 27.9494 23.0355 554.6213 253.0521 226.1064 50.0771 72.9121 36.5875 17.4101 -16.7012 4.8862 19.7187 20.8043 
0.0114 0.7900 1.3662 2.4474 1.9351 5.5033 2.8150 2.6330 3.8649 1.9252 2.7704 2.6316 4.1119 2.1409 2.0366 1.6861 1.3220 0.9620 1.1498 1.0866 1.4015 0.9218 0.4009 0.6209 0.2509 3.2227 -0.0004 0.1016 0.6339 0.7269 0.9356 1.5047 1.6549 2.1342 1.3704 2.1469 2.3049 1.5695 1.4469 1.6226 1.1861 1.0967 0.9169 0.8957 1.0208 0.5939 0.8559 0.6093 0.8447 0.4504 0.1921 2.8889 0.0000 0.0284 0.4302 0.6169 1.7840 2.2942 4.0706 3.2735 3.0912 2.8317 3.2580 2.9034 2.9481 1.9201 3.0052 1.8233 1.1799 2.3480 1.1113 0.7215 1.3251 0.2963 0.8197 0.7283 0.6088 1.6019 0.0000 -0.0057 0.8828 0.3318 0.9564 1.1548 0.6959 0.8101 1.3401 1.2327 0.6054 1.6711 1.2421 1.2551 1.4735 1.0628 1.0539 0.8802 0.5821 1.1353 0.5822 0.6365 0.7384 0.4055 0.3600 1.4532 -0.0573 5.1857 181.5985 400.9184 518.3031 495.4507 535.9252 461.0124 389.9282 332.9935 231.3872 161.1100 126.6673 48.9725 71.4768 39.4667 25.6909 23.0495 20.8861 5.9717 1.8048 1.0833 -0.1198 0.3036 0.9325 7.8652 2.9538 51.5218 493.2378 882.5132 1034.6714 1050.6574 942.1125 824.9839 711.1596 452.1570 418.9842 256.7136 201.3461 178.1498 121.8848 87.7049 52.8413 28.7262 27.1118 19.6693 27.0358 10.2067 7.7874 9.6306 1.7159 -2.5348 0.0000 1.0528 15.5099 236.8575 414.5298 553.9149 504.4135 669.4707 602.7772 458.1811 362.2395 286.0339 184.2744 96.9695 72.6175 83.3931 52.1899 11.1279 37.1137 10.2394 6.1652 5.7348 -1.9368 5.4738 3.3019 23.8628 -0.0682 6.6128 178.5764 600.7475 1223.5668 1405.4356 1620.3793 1315.4752 997.6848 878.9965 700.3750 415.7270 401.3735 259.9056 154.3868 176.7631 99.8788 68.1137 58.2374 40.5285 26.8897 59.3173 9.4911 3.7055 6.9016 12.3092 230.6713 168.1955 100.7464 64.8604 21.6106 1.3921 14.7114 6.9354 14.5843 1.8649 17.2718 420.1909 293.7827 183.4863 105.2740 59.8826 34.0841 19.7821 7.2522 11.2964 1.2929 23.4358 393.1573 263.2945 187.2744 98.3169 60.2004 50.2465 31.3426 20.0715 3.9242 -0.3957 27.5264 
0.0041 0.7356 1.2862 2.2963 1.7139 4.6500 2.3557 2.6803 2.8577 2.6009 2.0200 3.4500 2.1409 3.9105 1.9711 1.7765 1.4739 1.2823 0.9494 0.9285 1.0897 0.9916 1.0553 0.7576 0.2635 2.8660 0.0013 0.2411 0.4787 0.7601 0.9016 1.2990 1.0560 2.3146 1.4777 1.9807 1.6700 1.3760 1.5298 1.1860 1.0556 1.1243 1.0105 0.8700 0.8977 0.6806 0.8042 0.7731 0.6699 0.2406 0.2016 2.7753 0.0000 0.0414 0.2565 0.3559 1.4550 1.8649 3.1598 2.1576 2.4437 2.2357 2.6783 2.3293 2.8127 1.8533 2.0268 1.7580 1.4999 1.8677 0.9806 0.7454 1.2538 0.6069 0.6568 0.8276 0.6099 2.6925 0.0000 -0.0282 0.4930 0.1715 0.7579 0.7290 0.7613 0.7748 1.4202 0.8548 0.4278 1.4768 1.0626 1.6308 1.0404 0.8889 0.9406 0.6604 0.4831 1.1417 0.8417 0.4996 0.7150 0.0595 0.8689 1.4687 -0.8299 6.8962 174.6392 379.9212 468.6466 481.0594 461.8430 457.5688 349.8853 287.2831 187.3250 142.8204 117.8276 72.0227 50.9895 51.5710 20.9760 22.1864 11.2178 11.1551 0.2063 0.4472 1.6056 4.6571 -0.8251 7.1265 2.7247 41.0641 483.8190 723.8987 987.6791 987.3442 890.2487 809.1701 575.6004 454.6757 336.0137 262.2917 183.9362 162.7167 79.5388 60.2278 68.4601 42.7901 20.4683 21.7117 19.7894 13.8136 13.9544 10.3275 4.5473 2.2742 0.0000 0.3642 21.4901 224.7567 343.2501 434.1666 415.9984 515.7066 471.6333 357.5740 238.1040 235.5702 135.2798 69.0123 63.8248 82.1490 28.1135 6.9271 14.8344 2.1235 12.3629 2.8814 9.0150 -0.0852 2.4943 15.1849 1.5225 1.0294 148.9510 440.3343 935.4398 1133.3474 1263.4469 959.6077 820.0082 636.2600 543.5200 399.5555 320.2662 197.0249 138.0939 135.8146 90.4701 50.4610 50.6537 35.1874 26.2753 28.7608 5.1136 12.6859 15.3938 24.5212 240.6059 190.4606 116.2613 77.4217 35.7066 13.2417 7.9908 7.9289 7.6059 2.1809 14.1297 421.6572 317.9521 213.5681 116.5365 61.7139 27.9171 17.6244 6.9918 11.6540 10.4608 31.0494 434.6695 247.7292 195.3260 81.2418 60.8124 35.5317 25.1211 13.5723 5.6604 6.1888 32.3929 
0.0145 0.7135 0.8148 1.2772 0.9632 3.9575 1.2465 1.9966 2.2616 1.6297 1.7792 2.6309 2.0366 1.9711 2.8474 1.3078 0.5342 1.1470 0.7245 0.7680 1.3471 0.9423 1.0337 0.5859 0.1310 2.6731 0.0004 0.0744 0.3616 0.7060 0.7493 1.2204 0.8377 1.7859 1.0485 1.6642 1.5897 1.4813 1.4165 0.8540 0.9680 0.6617 1.0774 0.8594 0.7920 0.5241 0.6094 0.7687 0.7057 0.2692 -0.0386 2.3855 0.0000 0.0113 0.2162 0.1477 0.9958 1.5416 1.8744 1.7411 1.8683 1.6253 2.0512 1.6093 2.1976 1.9738 1.5052 1.4154 1.2904 1.8149 1.0187 0.5612 1.0968 0.4796 0.4431 0.8388 0.4822 2.7305 0.0000 -0.0337 0.6149 0.0576 0.2543 0.4916 0.4191 0.5686 0.7152 0.7466 0.2375 0.8958 0.8024 1.2476 1.2763 0.5648 0.7442 0.6918 -0.0048 1.1344 0.7795 0.2703 0.6949 0.2537 1.0431 1.5893 -2.5540 3.7836 142.1598 291.7149 348.7047 366.2648 411.1164 364.1674 297.3189 224.9234 145.1166 119.0477 101.7534 62.2578 41.3773 49.8781 13.1621 24.2365 10.3369 13.0963 -1.2542 0.4189 -0.6663 5.7390 -0.2934 5.8961 -1.5158 28.6455 422.7617 583.6967 803.1762 776.3321 749.9771 683.6187 469.9370 350.0120 269.9045 227.0945 154.9250 132.8285 77.3196 45.7159 65.8582 35.8503 22.6871 7.9893 20.5574 8.6817 13.3273 13.1510 -2.6202 -0.3915 0.0000 -0.6292 10.6366 176.3016 259.1773 346.7236 265.5193 418.0677 408.7544 307.9232 195.6854 208.2508 108.1036 50.3698 38.4850 81.5759 30.0326 9.2056 14.2645 0.7522 8.0542 2.9845 4.5198 3.2073 5.6074 20.2985 0.4809 -3.7045 115.2100 336.2373 680.3627 856.6205 1066.9926 721.2070 653.8069 550.1714 486.5726 344.3257 258.7561 160.8005 140.4111 132.6149 81.1458 56.0861 38.2373 33.3753 24.9633 31.8368 1.3429 7.6419 10.8686 32.8458 169.2549 128.8392 81.7014 42.5065 20.9334 9.8589 9.2096 7.7639 6.0807 3.5295 10.3730 298.4751 214.2288 148.3522 71.1331 40.0086 16.6962 17.2661 2.0019 3.7085 5.3430 23.9224 267.1737 184.0515 153.3603 51.3485 32.8387 22.4962 21.7659 8.1602 -0.8547 1.4947 22.3330 
0.0045 0.3789 0.8335 1.6394 1.3886 3.0752 1.6047 2.3463 1.3237 2.2936 2.2070 2.9364 1.6861 1.7765 1.3078 2.7710 1.0855 1.4576 0.6347 0.7132 0.2142 0.7300 1.0522 0.4578 0.4879 2.4181 0.0032 0.2352 0.5373 0.4317 0.2866 0.7600 0.5294 1.5250 1.2540 1.5248 1.1555 1.2638 1.2331 1.0077 0.6457 1.1690 0.6597 0.9391 0.7370 0.5657 0.8474 0.5515 0.3786 0.0922 0.1254 2.0503 0.0000 -0.0434 0.1346 -0.2950 0.7545 1.3397 3.7729 1.5524 1.9382 2.4348 1.5946 1.7543 2.2373 2.7427 1.3007 1.7590 1.4627 1.3079 0.4267 1.0766 1.0409 0.7469 0.2289 0.9151 0.7905 2.7724 0.0000 0.0745 0.6993 0.5091 0.3618 0.9573 1.0654 0.9503 1.2498 0.4664 1.0883 1.3009 0.7907 1.2876 0.7560 0.8498 0.4898 1.0749 0.2973 0.7418 0.7258 0.5164 0.3949 -0.0423 0.7151 1.5559 0.5469 3.8060 103.1693 250.8813 340.6486 362.2884 379.2365 402.0551 308.0356 157.1179 147.1277 161.0465 79.1413 74.8211 28.8963 58.0038 14.3345 11.0718 6.7090 16.4625 -0.9594 -2.1006 6.3706 2.8932 -0.6628 12.7262 4.0551 27.7237 339.1008 528.5054 741.9527 782.6707 729.4315 641.1786 407.3080 426.2217 306.2591 201.8196 157.9349 104.3688 54.1598 55.2028 52.4397 36.0092 14.8007 22.4150 18.7697 15.4812 12.4478 6.8815 11.3313 -2.2623 0.0000 0.8308 33.7270 163.8350 317.1196 292.2762 390.8219 410.4475 334.7382 341.5776 223.6633 172.4494 169.1169 102.8322 86.0817 60.7957 21.8797 8.1967 11.8052 -3.6675 15.8279 2.0145 14.6736 1.8928 3.5988 3.3643 4.7309 10.6740 113.1762 396.4340 743.4380 951.0887 893.7020 891.9926 772.1762 499.6386 442.9657 388.6721 305.3109 161.7441 120.2819 118.4632 86.0602 42.5440 28.3858 7.0189 23.4451 24.0305 3.6548 27.7781 15.7344 34.9913 187.4048 134.8341 112.2692 61.2073 39.2311 22.4290 5.1982 10.8145 0.0928 0.4624 11.4477 342.9796 228.6880 170.7886 89.3194 65.7628 21.3174 7.7712 4.4790 9.7655 8.0758 26.1433 292.7221 156.1459 121.5168 41.7048 41.5177 27.6047 8.8354 -3.8380 3.6381 3.7918 13.3595 
0.0028 0.5305 1.5500 2.6497 2.2581 3.5971 3.2052 1.8383 3.7560 2.0643 2.1261 1.4323 1.3220 1.4739 0.5342 1.0855 3.1473 0.0998 0.8723 0.7082 0.2393 0.2560 -0.3610 0.4683 -0.0069 0.7088 -0.0005 0.2625 0.4919 0.6061 0.7068 1.0091 1.7173 1.3931 1.3690 1.3991 1.8965 0.3807 0.8361 1.5573 0.8632 1.2369 0.1887 0.5079 0.9011 0.4421 0.6944 0.0361 0.2731 0.0604 0.2988 1.2336 0.0000 0.1381 0.4196 0.7347 1.5470 1.6259 3.3194 2.5888 1.8288 1.9279 2.3560 2.3459 1.0932 -0.0815 1.9465 1.0232 0.1156 1.1356 0.0706 0.2740 0.3246 -0.1988 0.9161 -0.0944 0.1199 -1.4689 0.0000 -0.0065 0.2253 -0.1324 1.1130 1.0204 0.2746 0.1640 0.6323 0.9124 -0.0770 0.4756 0.4674 0.5202 -0.5140 0.5219 0.6744 -0.3454 0.4533 0.5044 0.1684 0.1767 0.0221 -0.4215 -0.5193 -1.3529 3.1880 7.8130 138.2740 312.1069 398.4564 397.0269 318.0791 311.5905 236.5647 261.9701 147.7535 84.5501 74.7798 -7.0524 71.6534 -9.0528 22.0290 12.9113 12.4110 -4.6935 5.0499 -1.8557 3.0337 -0.1171 -1.0776 -5.3084 5.7797 52.2180 335.5933 616.5646 822.2693 806.8407 687.7227 542.4576 475.8447 311.7326 336.9956 144.2847 77.5674 153.4902 48.2168 82.9734 14.4898 -3.4030 -2.3214 31.3557 12.6936 1.0609 0.2684 -6.1967 13.2787 -6.6010 0.0000 2.8761 10.3382 172.3103 228.0990 339.3526 335.6387 382.7852 293.4804 240.6694 147.9189 148.8073 78.5474 1.3312 42.9014 -5.9599 10.5653 -4.6885 10.4803 -3.7787 6.8492 -2.8952 -1.4808 -6.9938 -4.8393 4.8522 -5.6742 18.7855 125.9675 302.4346 804.2202 791.8813 864.5261 751.2125 521.8925 379.7724 251.0474 54.3130 187.6131 84.4319 -13.1241 33.8645 7.6772 3.1723 24.1234 10.6733 7.1012 28.7803 4.3425 -21.3019 -4.1879 -51.5443 161.2447 133.5176 56.4838 67.8559 18.0562 -12.2671 10.6718 -4.4028 13.1962 -1.7776 15.9998 248.4709 235.2531 124.7484 88.4862 46.3662 24.9133 7.7718 2.0956 14.4537 2.8908 24.8448 309.9111 124.7569 105.3752 64.8392 56.6225 33.8025 11.3666 20.0947 6.9776 0.1835 22.3789 
-0.0157 -0.3032 -0.3171 -0.3777 0.4815 0.6035 0.0023 2.1782 -2.1789 2.7293 0.6610 3.2864 0.9620 1.2823 1.1470 1.4576 0.0998 3.6924 -0.0299 0.3584 -0.1907 0.9415 2.5004 0.3389 1.0849 2.6022 0.0074 0.2116 0.0444 -0.1712 -0.0167 -0.1029 -1.0330 0.9223 0.6623 0.8157 -1.2775 1.2981 1.3819 -0.4758 0.0067 0.9032 0.5468 1.0771 -0.0011 0.4457 0.7016 0.8659 0.2610 0.0878 0.3540 2.3691 0.0000 -0.2059 -0.3944 -0.7043 0.2524 0.5277 2.8790 0.2332 1.9962 2.6983 1.2944 1.0120 3.3127 4.7375 0.7400 2.2309 2.9751 0.4790 0.8464 1.8763 1.4979 2.3057 -0.6677 1.6537 1.1238 7.2902 0.0000 0.1035 0.6157 1.2057 -0.5041 0.4370 2.1386 2.1797 2.1891 -0.0102 2.5389 2.3150 1.1710 1.9121 1.9542 0.9101 0.3861 2.4391 0.7057 0.4110 1.2759 0.9999 0.6105 0.5228 1.5805 5.5713 -0.8916 -2.0970 22.8622 104.3455 131.8507 208.2229 211.2618 295.2618 210.0942 -35.4336 61.7082 145.8483 36.8098 135.8232 -67.7556 87.1547 -5.9031 2.0546 -9.6506 17.7502 -4.0384 5.5474 5.7875 4.4133 -1.1913 26.1734 7.3101 -7.3180 211.0256 220.8506 290.9090 380.4463 351.0187 409.7656 136.9493 354.4914 25.0359 131.5710 98.8278 -44.7355 -16.4270 -39.0832 54.0331 71.8887 20.5947 6.0585 -8.5525 29.2113 22.1993 11.3096 8.7759 20.8324 0.0000 -2.0410 53.0835 101.9339 408.9968 234.1374 555.2219 386.5618 327.6377 311.4028 250.8066 151.8221 180.9559 181.6188 106.0802 99.7075 1.5867 16.0102 -5.3999 10.0501 12.1077 6.2665 31.4468 6.9940 4.9114 -16.0525 15.5291 -1.1960 69.0486 572.0797 718.6790 1275.5847 850.7453 973.5659 998.0685 566.5556 501.9239 692.5594 312.4967 218.3186 203.4751 93.3929 111.4849 25.3541 6.6845 0.6231 24.3206 -31.7601 12.5245 68.1661 33.0809 116.4340 146.5239 76.7032 121.8285 44.5957 57.4751 64.6508 -9.2177 17.6291 -15.0092 0.3747 -5.9674 285.7780 133.3599 147.3074 77.4996 56.8684 12.7766 -0.7145 14.0663 4.1509 26.7017 18.0211 253.1003 114.9837 90.8961 7.1959 32.0292 8.5235 2.2091 -24.0293 4.2507 16.7388 7.1719 
0.0239 0.6337 0.9261 1.3536 1.3147 2.6500 1.6373 0.9487 2.7633 0.5450 1.7693 0.5234 1.1498 0.9494 0.7245 0.6347 0.8723 -0.0299 1.5304 0.4073 0.6085 0.2230 -0.5211 0.2453 -0.1104 0.8410 -0.0023 0.1060 0.2791 0.5430 0.5531 0.8099 1.2813 0.8104 0.8096 0.7162 1.6882 0.6722 0.6665 1.2769 0.7515 0.4328 0.3765 0.4001 0.7095 0.2020 0.4595 0.1432 0.3930 0.1482 -0.0597 0.8356 0.0000 0.0993 0.3144 0.8147 0.9080 1.5762 2.0110 2.5152 1.5530 1.9233 2.1714 2.0304 0.6637 0.6119 1.7282 1.0670 0.3170 1.5439 0.8223 0.4490 0.5031 -0.0618 1.0282 0.3631 0.1423 0.4845 0.0000 -0.0020 0.2775 -0.3309 0.6421 0.7524 0.0207 0.3129 0.4733 1.3564 0.2582 0.2998 0.7498 0.5942 0.2365 0.5684 0.7725 0.1498 0.4903 0.7591 0.2681 0.1624 0.1942 0.2778 -0.0965 0.1367 0.7125 3.4158 112.8816 215.5697 264.4416 230.8277 226.5359 174.6866 137.7100 183.0116 118.0809 65.9612 57.3488 -9.1951 70.1857 -5.8427 16.9035 7.0385 8.2492 -0.2566 2.8871 0.9136 -0.1479 -0.5169 0.1531 -9.4309 1.3760 27.4567 224.5646 387.2410 514.4857 490.7814 445.6293 333.8212 331.8110 198.9713 249.6312 114.6833 89.7627 121.0687 64.2576 67.6817 20.8190 -1.8509 9.7866 19.3243 15.0248 -4.4598 -3.5818 1.4453 2.3369 2.1705 0.0000 1.4722 -6.5696 109.6082 130.1031 269.5955 211.0561 303.2988 285.5783 254.6348 180.3876 176.4558 95.5131 43.5519 56.7053 26.7703 34.6870 10.8567 26.1905 3.3655 4.6254 1.9356 -7.3172 -1.0730 1.0507 13.8132 -5.3203 10.3227 81.0416 224.9669 546.6530 514.0672 742.2669 649.9233 503.2643 475.3891 375.9679 148.1376 230.8776 148.6421 67.1567 104.2382 55.4211 48.5657 44.5001 33.4624 23.9341 38.2926 12.9626 -12.9749 -7.1966 -8.1076 144.4162 124.4350 52.9166 44.4129 6.4083 -9.7018 14.7877 -0.2009 10.9326 0.5541 13.4806 246.8128 225.8979 125.9202 68.1037 36.6343 21.9601 20.4111 2.3740 8.9749 -1.1192 22.0099 193.4151 120.4173 84.9612 57.3170 32.2337 24.0499 11.7676 18.9239 2.7148 -4.8741 20.4371 
0.0003 0.3283 0.6799 1.2709 0.7597 2.0410 1.3046 1.1393 1.7078 0.9393 1.0959 1.0134 1.0866 0.9285 0.7680 0.7132 0.7082 0.3584 0.4073 1.5299 0.5830 0.2813 0.1763 0.3244 0.1179 1.3858 0.0000 0.0568 0.4133 0.2730 0.3737 0.6366 0.7210 0.9727 0.6037 1.0684 1.2128 0.5571 0.7787 0.7467 0.5358 0.5774 0.4013 0.4175 0.5078 0.3355 0.2951 0.1618 0.3537 0.2176 0.2608 1.4950 0.0000 0.0302 0.2587 0.2202 0.7183 0.8028 1.4034 1.2229 1.3518 0.9866 1.3100 1.0711 1.3098 0.5094 1.2815 0.6824 0.6326 1.0107 0.4994 0.2722 0.5922 0.1523 0.5184 0.1705 0.2854 0.9806 0.0000 -0.0135 0.2652 0.1360 0.4820 0.4953 0.3561 0.2847 0.6312 0.5143 0.2119 0.7866 0.4656 0.4314 0.5131 0.6735 0.6417 0.2444 0.3287 0.5598 0.2798 0.2940 0.3099 -0.0428 0.1329 0.9549 0.0408 1.9709 77.4289 173.6013 223.1584 202.3741 222.2156 196.7622 154.4085 141.0955 88.9506 49.9234 60.6569 24.8552 34.1858 16.8375 12.1110 14.5116 8.9759 4.4797 1.3006 -1.0833 0.6730 0.8525 0.6886 3.1839 -0.5910 27.0666 221.6187 375.7547 452.5198 443.6243 402.8572 348.5176 291.5010 185.4954 192.2513 130.2202 96.9942 82.0341 60.2137 48.1701 22.9871 13.1880 14.0080 6.4412 15.4083 2.9937 5.8573 1.6941 4.6222 3.3450 0.0000 0.6062 9.3926 104.4721 151.0500 235.0124 210.1022 274.0105 241.1120 186.5149 140.9068 115.7719 85.9096 26.9387 25.8544 30.7794 24.5009 10.7009 15.5232 6.6044 4.5960 1.2976 -0.3294 2.0455 1.4714 9.9620 -1.6295 4.5309 78.6024 256.2489 504.4346 579.0571 643.9321 535.9897 420.5173 381.7621 315.4887 181.8435 188.0702 130.2945 82.3170 72.7492 42.8267 39.9624 32.7396 18.6688 16.5752 30.6028 5.9953 1.5437 5.3602 8.4507 99.3431 89.0528 53.1415 34.8512 14.4999 -0.1348 5.2031 4.0371 5.6585 2.6477 14.3308 209.7126 158.7993 102.3297 56.2062 29.0297 19.8536 12.0272 4.0999 5.1573 -0.7951 14.0317 176.4446 125.7862 84.1962 49.5542 28.5074 17.8068 14.8520 7.3439 2.5998 2.9008 14.9177 
0.0194 0.5915 0.5269 0.8645 0.1883 2.8550 0.7956 0.4155 2.6602 -0.2815 0.6904 0.3993 1.4015 1.0897 1.3471 0.2142 0.2393 -0.1907 0.6085 0.5830 2.8951 0.3750 -0.2208 0.3248 -0.3394 1.3224 -0.0040 -0.1073 0.1316 0.5069 0.6811 0.9929 1.0880 1.0422 0.2496 0.9450 1.8205 0.6574 0.7835 0.8926 0.7894 0.0308 0.6878 0.2355 0.5530 0.1748 0.1455 0.3054 0.5987 0.3269 -0.0521 1.4555 0.0000 0.0773 0.3304 0.5491 0.7274 1.0303 -0.1332 1.6582 0.9131 0.2260 1.5567 1.0248 0.8656 -0.2484 1.3390 0.3637 0.0861 1.5612 1.0389 -0.1920 0.4857 -0.3148 0.9042 0.0451 -0.0408 0.1968 0.0000 -0.0979 0.1562 -0.4131 0.4357 0.1220 -0.4619 -0.3147 -0.0344 0.8441 -0.6787 0.4784 0.4558 0.2862 0.9716 0.3479 0.7618 0.0425 0.0653 0.9123 0.2447 0.0464 0.5519 0.4859 0.2572 0.4205 -2.5443 1.5650 82.1927 140.3632 148.9725 141.6937 196.8471 102.6146 121.9069 193.5146 84.4050 20.1260 72.6411 -4.5281 55.7289 -2.3359 12.2379 26.0130 17.2552 0.8298 3.0307 1.8904 -5.9482 2.8435 1.2520 -5.0172 -5.2617 20.8355 205.5835 320.2552 384.0492 347.8766 360.9327 321.5234 351.4665 112.5199 197.2495 137.3457 106.5625 132.0635 97.9554 54.6182 37.3828 3.1349 24.7723 2.9103 17.7871 -3.5089 5.6536 8.0387 -11.1996 4.8555 0.0000 -0.3767 -22.4901 73.3170 35.0425 199.8981 -12.4299 213.4346 264.4158 141.7876 117.5818 155.7059 36.2645 -4.2005 -11.2965 53.7332 45.3994 14.5124 22.4794 11.2741 -1.1644 1.4267 -11.4330 2.2329 2.8783 30.7344 -7.1457 -8.7487 62.6606 84.7097 317.4139 314.1075 713.2582 319.1615 259.8710 431.8466 365.4805 131.2720 178.2470 141.5987 102.5674 123.0881 38.7528 72.3827 43.9260 50.6593 17.9796 49.4246 9.2069 -20.5943 -3.7258 5.8472 95.3095 83.5260 20.1864 18.0684 -5.8483 -14.9846 15.5469 -1.8529 14.2740 4.8301 12.4551 199.6524 173.6071 90.8012 56.9309 19.1611 21.3533 25.0385 1.1452 1.9661 -6.5574 16.6883 105.1525 135.5238 106.4842 60.9481 23.2049 21.7802 29.8687 21.9476 -4.0184 -5.5711 23.5654 
