0.0519 0.1035 0.1121 0.0871 0.0281 0.0434 0.0131 -0.0122 0.0675 -0.0290 0.0528 -0.0113 0.0109 0.0042 0.0145 0.0045 0.0030 -0.0157 0.0239 0.0003 0.0194 -0.0065 -0.0331 -0.0052 -0.0171 -0.0174 -0.0001 -0.0024 -0.0017 0.0326 0.0068 0.0258 0.0336 -0.0010 0.0106 -0.0101 0.0618 0.0145 0.0113 0.0398 0.0147 -0.0160 0.0057 0.0090 0.0223 -0.0096 0.0095 0.0011 0.0084 -0.0045 -0.0197 -0.0309 0.0000 0.0191 0.0556 0.0559 0.0158 0.0458 -0.0063 0.0679 -0.0224 0.0280 0.0163 0.0285 -0.0565 0.0025 -0.0096 0.0131 -0.0195 0.0332 0.0124 0.0022 0.0023 -0.0221 0.0284 0.0118 -0.0109 -0.0290 0.0000 0.0011 -0.0003 -0.0314 0.0051 0.0177 -0.0303 -0.0163 -0.0228 0.0359 -0.0100 -0.0427 0.0000 -0.0058 -0.0214 -0.0068 0.0039 -0.0078 -0.0120 0.0215 -0.0010 -0.0239 -0.0079 0.0140 -0.0111 -0.0538 -0.0307 0.0423 4.0506 4.6252 3.6970 2.5892 4.5153 2.1398 1.5204 3.0861 2.3125 1.5071 1.2629 -0.9873 2.9285 -0.4575 0.4633 0.2026 0.1225 0.1166 0.0140 0.1159 0.0083 0.0527 0.0025 -0.6447 -0.1143 0.6717 6.2488 5.7151 9.8989 6.6801 8.1393 2.5836 2.9434 2.7649 6.7477 1.4992 2.3725 3.4496 2.2728 2.3551 0.7413 -0.7536 0.3040 0.4343 0.6316 -0.6858 -0.2349 0.0619 -0.0504 -0.3160 0.0000 0.0590 -0.5060 1.7485 -2.9290 0.2895 -5.6826 -0.7490 0.0836 3.6503 0.5700 3.1133 1.6224 0.1163 0.9215 0.0917 1.1682 0.5223 0.7058 -0.1429 0.1774 0.0660 -0.3632 -0.0543 0.2099 0.6970 -0.3247 0.4265 1.6401 -1.3446 -2.0678 -11.9792 -2.9605 -2.4932 -1.2683 1.4251 3.6550 -3.2088 3.6978 1.3086 0.6495 3.2029 0.9939 1.8291 0.8112 0.8232 0.9985 1.4433 0.4756 -0.9133 -0.8063 -0.5697 1.5476 1.7519 -0.1450 0.2797 -0.4905 -0.7953 0.5787 -0.1536 0.1952 0.0183 0.4099 1.4754 3.1029 1.0828 -0.0865 0.2996 0.0378 0.7313 -0.2879 0.0401 -0.3383 0.6506 -1.3538 0.6037 0.8755 0.4660 0.0461 0.1733 0.0281 0.3392 -0.2690 -0.5488 0.2963 
0.1035 21.0396 18.8108 16.0070 6.4697 10.3259 6.5660 1.8810 12.1260 0.2416 5.0346 0.9474 2.5808 2.3958 2.1337 0.9897 2.3558 -1.8420 2.0998 1.2146 2.1066 0.4712 -3.1265 0.2470 -1.8476 -0.9643 -0.0082 -0.6726 0.2913 3.3856 2.1717 4.3413 5.3629 3.0369 3.1280 3.2963 6.9358 0.7659 1.3867 3.9240 2.5923 0.9123 1.1832 0.4915 1.9810 0.0438 0.7358 0.3704 0.7898 0.0439 -1.6149 -1.6861 0.0000 3.9930 5.5552 8.2565 7.9421 4.5271 0.3591 5.3564 -1.2782 -0.0113 1.5017 2.3885 -4.1148 -5.2677 0.0573 -1.2701 -4.5355 1.9604 -1.7907 -3.2342 -1.0085 -4.5006 1.3425 -0.9299 -1.6537 -16.0262 0.0000 -0.3160 -2.8034 -2.4764 1.5650 1.5788 -3.2772 -3.6283 -3.8324 0.8636 -4.7958 -4.0165 -1.3882 -0.9391 -2.6780 -1.5259 -0.4174 -4.6963 -2.2398 1.2932 -1.5291 -2.4366 -0.6562 -1.3156 -1.8793 -15.4347 2.7864 22.6457 688.7411 1008.6917 1177.2672 1030.5814 939.8416 658.0744 538.8388 729.7846 289.7225 63.4668 116.9400 -182.5211 242.6061 -79.7479 54.4641 37.6311 34.5373 -36.0516 4.8298 -5.9546 -4.8716 -0.4192 -2.8797 -34.7989 4.9507 153.5186 1007.0358 1675.5501 2230.9771 1903.7846 1670.3700 1139.5633 950.9512 390.2874 741.8428 277.6724 137.6102 391.4760 140.1197 203.1635 1.6792 -51.6115 -26.8989 29.5520 57.2115 -51.9494 -35.2688 -9.0633 -20.3470 -118.0646 0.0000 10.0543 5.7529 506.4879 145.0584 527.0990 -277.6245 299.7176 138.3757 83.1401 -232.4136 -15.6982 -295.5198 -306.5704 -108.4807 -173.2701 -16.6973 -59.5634 0.2424 -56.5132 -11.5892 -6.0686 -52.9171 -20.5499 0.9152 33.5227 -30.8243 33.8879 292.8205 -121.3391 325.9012 -715.1642 207.1699 -647.4924 -773.6036 -653.5256 -480.6019 -1141.0074 -257.2347 -438.2816 -403.1365 -56.9267 -128.3477 -84.8870 -2.9942 -23.7351 -4.1477 105.4601 -40.0404 -150.4821 -70.8604 -309.5354 310.5783 268.7564 18.9291 95.7254 -43.7042 -110.0337 46.0433 -16.8343 46.9079 -4.9505 40.7679 282.8469 360.0014 121.3720 37.1779 40.2353 20.8240 24.4750 -25.7339 17.8690 -24.2432 29.3563 473.4849 210.6059 248.4466 110.0704 61.2355 73.9310 37.7021 72.9938 -6.5537 -25.9776 40.6977 
0.1121 18.8108 46.5776 23.3341 13.9074 11.3418 9.6707 6.6209 10.0319 4.9430 6.2305 5.0027 3.0374 3.7913 2.7761 2.7573 3.1527 1.1011 1.8522 1.8408 0.7390 1.0045 -0.0536 0.6343 -0.4535 0.8105 0.0042 0.6521 2.3977 3.8247 2.7852 4.1812 4.3550 3.5998 4.5153 3.8332 5.3635 1.3277 2.7593 3.0195 2.3114 2.3667 1.4251 1.4866 1.8525 0.6414 1.4253 0.7950 0.4997 -0.1863 -0.7038 0.3621 0.0000 3.7692 10.3745 12.7301 11.7435 9.4954 6.1933 5.2387 1.6151 2.1067 1.1677 2.1600 -1.7205 -1.6833 -1.1669 0.2351 -1.6426 0.4760 -1.9336 -1.4046 -0.1895 -2.0421 0.5851 -0.0732 -0.5194 -8.9724 0.0000 0.4284 0.0212 0.6112 1.9486 2.5302 -0.1924 -1.0767 -2.0873 0.0577 -2.0914 -2.2732 -1.2748 0.1381 -2.2145 -0.6777 -0.3826 -2.6993 -1.7871 0.9290 -0.4780 -1.7801 -0.4604 -1.6472 -0.2992 -10.3520 5.4092 31.7555 1151.2571 1704.9108 1832.8560 1719.3850 1504.0399 1260.1956 936.0118 756.0992 389.7182 237.1523 168.1325 0.4644 171.1464 11.4800 47.2180 44.7928 22.4975 -9.3833 4.7385 -6.2968 6.4457 7.4975 -5.3248 -5.5828 15.5790 203.4665 1769.9569 2418.4950 3009.9680 2581.9513 2116.3398 1504.6988 958.6540 757.0122 719.2569 384.8250 196.2874 319.5984 81.7380 158.6956 62.6342 17.9018 -22.2749 51.0335 44.5097 -13.4215 -3.6842 -6.2832 6.8513 -80.9379 0.0000 13.1020 168.4627 925.4412 1016.2232 1077.5143 637.6579 750.4189 308.3298 285.0948 -207.1648 -37.2192 -231.3311 -206.2201 -49.8507 -159.7245 -66.7607 -45.3628 -46.3647 -52.0646 10.5036 -6.4607 -7.5146 -22.6901 -0.8087 -7.6973 -13.1138 52.9462 584.5165 1042.9015 1337.6772 568.2308 404.0383 -258.6739 -342.3664 -820.6225 -626.6264 -783.3264 -233.0493 -442.7704 -318.5418 -125.1196 -86.0441 -96.0178 -35.1704 -60.5410 10.1933 22.1115 -38.6837 -79.5207 -33.3714 -201.9923 343.9910 240.7620 89.0874 114.3125 19.3590 -37.7472 24.7694 0.2415 15.0878 -5.3549 26.5482 257.1654 281.3679 138.0483 62.9834 73.4509 14.8137 -1.4549 -19.1674 16.1742 6.2701 44.2038 827.5524 275.3302 315.3240 103.5081 97.9630 71.3220 25.8522 35.6623 0.2253 1.0669 43.0803 
0.0871 16.0070 23.3341 25.7186 10.2147 11.9195 9.9555 4.7351 13.4047 3.4236 6.6241 3.5116 4.3341 3.8373 2.5425 2.6432 4.1214 -0.6775 2.4264 2.2345 1.8062 0.6297 -2.2372 0.7579 -1.0891 1.2369 -0.0040 -0.0362 2.0838 3.1409 2.3952 5.0235 5.8928 4.2651 4.0268 4.8652 7.5959 1.1020 2.1653 4.7399 2.7433 2.4137 1.2029 1.0793 2.6081 0.6637 1.4398 0.3110 0.8327 0.1175 -0.5562 0.8165 0.0000 3.4754 6.7516 7.8491 8.9881 5.8353 3.5028 5.8963 0.7770 1.0277 2.1290 3.6134 -1.1718 -4.4487 1.7294 -0.4446 -3.4499 1.8167 -2.1075 -2.3401 -0.2344 -3.9648 1.6173 -1.2413 -0.8816 -14.8149 0.0000 0.1412 -2.2555 -0.5537 2.3319 2.6263 -1.7708 -2.6733 -1.8253 0.7875 -3.7232 -1.8768 -0.8780 -0.7195 -2.2200 -0.5523 0.2412 -3.6219 -1.6298 1.3000 -1.3165 -1.5932 -0.3805 -1.8406 -2.1246 -13.0888 5.6781 23.8563 800.8874 1321.8082 1560.7059 1473.9029 1341.2141 1109.2583 898.9735 903.8810 465.2726 215.1493 213.4301 -100.0027 259.4611 -36.1481 72.1075 63.7860 48.9123 -23.5533 9.2511 -12.9450 3.5749 -0.5123 -2.1330 -13.5486 9.8659 207.7892 1377.7107 2358.4229 2899.9947 2653.6551 2261.6600 1646.2164 1388.5903 779.4134 1032.8602 446.6039 295.3064 458.2589 210.2827 268.5256 27.3255 -34.3344 -14.2118 58.5245 70.3545 -23.5619 -18.0699 -10.9294 7.6554 -100.7510 0.0000 12.1545 62.3974 646.9769 558.9386 861.8813 284.1303 734.6259 414.8165 312.8570 -9.4524 91.6632 -126.2025 -224.6339 -58.6855 -148.8198 -5.4382 -45.8492 1.7830 -41.7062 -2.0118 -10.9767 -31.4991 -18.1800 -2.4482 34.5273 -23.4137 51.5132 457.0248 491.1473 1248.5755 361.2120 886.9066 251.1719 -176.9003 -254.5045 -224.0725 -804.0942 -5.2488 -268.8802 -296.7084 -5.1264 -92.4171 -54.8442 12.7012 -26.0286 -6.7072 117.5473 -29.6164 -114.9153 -45.8541 -288.3654 366.4792 311.6862 73.2744 132.8010 -8.8187 -91.1702 39.0526 -14.5360 44.7283 -5.3497 49.9831 407.1731 425.0933 177.5671 101.3011 81.2551 37.7062 13.6968 -19.1441 27.3664 -22.9717 39.4353 788.6205 411.0824 359.3075 179.7718 123.5517 108.6059 51.9294 66.3890 1.4257 -18.2904 41.8542 
0.0281 6.4697 13.9074 10.2147 11.4787 8.0773 6.7732 4.6047 5.9218 4.4575 4.6292 3.5601 2.5473 2.3552 1.2069 2.0782 2.9654 1.3349 1.5056 1.0886 -0.1071 0.7281 0.0615 0.4735 0.4381 1.2351 0.0037 0.6327 1.5273 1.5698 1.7877 2.1087 2.7151 2.0306 2.9118 2.4076 2.1655 1.1627 2.0046 1.9897 1.3499 2.0393 0.4148 1.1077 1.1146 0.5701 1.3596 0.3294 0.4195 0.0604 0.1860 1.1828 0.0000 1.2778 3.8366 6.5676 6.2472 5.6968 8.9610 5.8252 3.9993 5.2585 4.4114 4.3660 1.7380 1.8609 2.7841 2.3132 0.7270 1.4281 0.0654 0.9804 0.7568 0.4172 0.6601 0.5888 0.2324 -1.6149 0.0000 0.2695 0.8818 1.0005 1.5506 2.3518 1.5807 1.5146 1.2721 1.4618 1.2286 0.8490 0.8995 1.3101 -0.3149 0.4538 0.6960 0.0062 0.8139 0.4581 0.3382 0.1937 -0.0262 -0.2919 -0.4846 -2.2120 6.3683 14.5927 499.4332 904.2574 1053.6708 1010.3623 823.8651 747.0213 549.0568 442.1495 296.4177 218.1926 108.6445 26.5307 75.2883 1.1703 24.7127 7.5965 10.1619 -10.0707 6.6169 2.6863 5.4256 -1.7292 -3.1136 -1.5390 19.2173 108.0623 939.7035 1484.2519 1767.4574 1645.2987 1313.8070 986.3605 766.9200 598.5675 462.4970 205.3469 89.7839 163.6614 15.1633 78.0372 16.6908 14.1913 -10.2941 46.6094 3.3781 5.2458 -5.4239 -10.1661 14.5439 -19.4292 0.0000 6.1717 79.7262 507.2181 864.3432 938.2383 1037.3873 911.2805 638.0715 534.1586 291.9310 225.8339 86.8018 52.7209 97.9432 -38.5041 -18.4011 -18.7379 2.4197 -13.7894 6.8178 -3.3212 1.3446 -11.6633 -7.7731 -20.8310 -1.6917 42.2284 355.4126 1174.7309 1946.7598 2012.9688 1715.6952 1500.9820 1103.8798 536.9729 283.6663 103.1224 205.2375 25.6144 -89.2587 -21.7149 1.5043 -53.2725 -4.9918 -20.3162 7.8819 -1.8063 -0.0877 -21.0671 -12.0196 -79.9151 287.9950 192.8267 101.3823 91.4303 31.6088 1.0594 11.3600 -1.5914 11.5514 -8.0430 7.3892 312.7097 283.4317 142.6438 98.6844 65.7300 24.2656 -5.1115 2.1490 18.2830 16.1843 23.7549 730.4611 281.2797 230.5618 118.3720 106.4100 64.7795 17.7425 25.3106 12.8441 6.2095 36.3197 
0.0434 10.3259 11.3418 11.9195 8.0773 31.5607 8.0876 6.2824 12.2592 4.6294 6.8891 5.7688 6.0137 5.0594 4.3294 3.3920 3.7356 0.9932 2.7847 2.2268 3.0137 2.0899 -0.1737 1.2634 -0.1788 4.8649 -0.0018 -0.3997 1.2757 3.1076 3.2886 3.8577 5.0000 5.0845 3.9265 5.2612 5.7762 2.7925 3.2940 3.5339 2.9024 1.9058 1.8290 1.6014 2.1313 1.0964 1.3135 1.0064 1.5827 0.6776 -0.4453 3.9823 0.0000 1.9921 3.5528 6.2849 9.3915 8.8584 17.7583 10.9871 6.9200 8.3578 8.2121 7.5642 3.7837 3.3608 6.2408 3.6875 0.8784 5.9838 1.6211 0.1151 1.9797 -0.4064 1.7989 1.0209 0.2317 -2.3379 0.0000 -0.0976 0.8233 -0.0788 2.8244 3.0794 0.9665 0.7451 1.3231 2.6181 -0.2653 1.9640 1.9895 2.5397 1.1603 0.7360 2.0457 -0.5711 1.0715 2.0989 1.0002 0.4604 0.9003 0.1671 -0.3462 -5.0728 2.9499 27.2898 562.9172 1152.9504 1496.2591 1260.7434 1195.4894 1015.4884 809.1346 885.7603 506.2117 318.6180 272.3423 52.4447 164.7021 24.9045 40.3689 2.3421 44.2725 1.9839 4.6298 10.6116 -4.5575 -0.1408 -1.9226 -2.8602 12.9388 136.4405 1385.0553 2274.4055 2877.3132 2682.2957 2333.7611 1935.9893 1528.3934 953.9369 905.2036 459.0819 300.7981 462.6015 159.4798 156.6794 87.0151 38.4771 29.6508 51.2944 44.7171 -10.2848 1.0343 1.6674 -20.9925 -65.4513 0.0000 4.9466 34.1275 828.0149 1080.1486 1559.5969 1199.9787 1544.5986 1392.6024 1049.1364 704.2046 602.6457 265.7243 92.4402 113.9428 105.4411 76.7461 -26.5363 74.9272 -18.3311 24.8231 5.6889 -27.6566 -13.8781 -1.8428 18.9014 -12.3462 21.8847 508.9026 1522.3737 3361.0685 3773.1667 4318.7141 2954.6313 2121.2283 1706.8761 1249.6334 409.0419 606.6269 236.4551 -4.6864 217.6128 72.9231 46.0394 75.7774 40.9632 41.2608 116.3836 -13.3051 -70.5167 -16.8431 -113.3831 460.5750 312.7413 143.0787 125.6049 18.0143 -38.3155 34.0029 0.9942 40.4757 -2.3916 29.0547 651.5137 537.1143 263.7818 144.4256 88.5492 59.4772 28.4832 -2.0636 21.9023 -5.0774 33.1385 929.9113 474.0627 402.9755 205.2400 139.8314 113.4343 65.2071 60.5935 5.8618 -4.6748 74.7375 
0.0131 6.5660 9.6707 9.9555 6.7732 8.0876 9.3673 3.5580 8.6484 3.5907 4.2626 2.4821 2.9470 2.5422 1.3972 1.6371 3.3238 0.0334 1.7255 1.4076 0.9381 0.6078 -1.0478 0.7461 -0.2602 1.0785 -0.0016 0.0186 0.7775 1.7023 1.8095 2.6320 3.8985 2.9313 2.7708 3.1712 3.9454 0.9285 1.8501 2.7212 1.8737 2.0717 0.5472 0.8278 1.5889 0.6971 1.1940 0.1460 0.5953 0.1963 0.2188 1.5633 0.0000 2.1482 2.9560 5.2257 6.3280 3.7525 4.9113 5.0859 2.5673 2.8526 4.4135 4.0503 1.1252 -1.3867 3.6016 1.1375 -0.6381 1.8722 -0.2236 -0.2920 0.3683 -1.0608 1.3781 -0.4479 -0.1003 -5.8085 0.0000 -0.1481 -1.0883 -0.0170 1.8892 1.9953 -0.0698 0.0104 0.1832 1.5789 -0.9217 0.0764 0.5719 0.5652 -0.9172 0.3867 1.1035 -1.4949 0.4401 0.7421 -0.1751 -0.0718 0.0954 -0.7006 -1.0978 -4.8793 5.7844 16.1481 407.7629 810.5934 978.9142 952.0996 768.4177 666.8511 534.4721 589.9747 314.7017 150.5504 139.5441 -41.7057 141.2442 -33.2219 41.3405 26.7072 25.1404 -21.6734 9.2955 -3.0926 1.4536 -2.1102 -2.0618 -11.5423 12.9499 120.5054 843.3173 1511.8791 1853.5429 1745.1300 1442.7297 1110.0350 1008.9194 548.2921 609.3088 263.9738 121.6572 278.5934 81.4076 138.7677 7.3155 -14.0193 -16.1187 45.2607 21.1919 -4.6745 -11.1537 -11.2818 12.0277 -31.5666 0.0000 5.9080 24.7564 391.4724 522.0131 769.9843 639.9806 771.3275 567.6230 393.8227 211.7396 226.3930 21.5518 -60.4583 31.0085 -55.4039 -4.1516 -27.9629 10.5753 -15.1898 -1.3751 -6.8155 -15.3230 -13.4452 -10.0038 7.8141 -12.1641 34.7245 293.4674 692.6285 1592.5229 1422.0580 1630.1253 1202.2709 741.6655 515.2397 254.0316 -134.7168 163.4231 19.0890 -128.4287 -13.1737 -33.8367 -46.2507 20.4593 3.6276 -7.1046 42.4655 -8.0561 -60.1954 -21.1627 -148.0469 265.7689 188.3354 54.8301 104.3730 12.2942 -36.0896 22.2759 -10.5549 30.6639 -5.0776 22.4631 327.7876 310.3400 142.9805 115.0282 58.9759 34.6862 7.7727 -0.5296 22.4152 2.4728 30.2449 635.4668 246.4839 228.2998 141.3426 112.5238 77.7440 31.1461 50.0385 12.4247 -0.5364 45.0428 
-0.0122 1.8810 6.6209 4.7351 4.6047 6.2824 3.5580 6.3353 2.2215 4.3382 2.8280 4.6124 2.7195 2.7639 2.0998 2.4189 1.7254 2.4182 0.8797 1.1688 0.4207 1.2498 1.9814 0.8006 0.9281 3.7350 0.0060 0.5687 1.1738 0.7615 1.1239 1.1845 0.8743 2.4759 1.9987 2.4835 0.9398 1.7991 2.0339 0.8002 0.9565 1.7878 0.9596 1.3331 0.8092 0.8771 1.1091 0.9040 0.6424 0.2732 0.5392 3.5098 0.0000 -0.3183 1.0087 0.6548 3.1673 3.7362 7.0679 2.9304 4.2713 4.0576 3.4923 2.9445 4.3223 4.0158 2.7335 2.7535 2.7504 1.7392 0.9819 1.6225 1.7537 1.6622 0.1733 1.3261 1.1241 5.0698 0.0000 0.3272 1.2907 1.6139 0.7671 1.4619 2.2857 2.1842 2.3779 0.7383 1.9758 2.4675 1.4576 2.1804 1.5847 1.3173 1.0107 1.6996 0.9140 0.9159 1.1951 1.0535 0.7528 0.0403 1.1538 3.4634 1.3348 7.7768 257.6536 566.8607 699.2019 700.5436 644.7718 657.4117 491.1674 294.1660 238.9579 220.5599 129.2734 131.5931 12.7093 82.5844 17.5811 13.6227 6.4622 14.3190 -0.5429 2.3429 5.9643 3.3537 -1.3547 21.4521 10.2760 54.7540 683.3122 1044.2468 1280.8269 1302.3490 1104.7365 1006.9082 670.0232 620.1998 346.5004 290.3379 187.6124 113.2687 50.2613 37.7884 66.1869 68.0091 20.0724 24.1417 11.7165 27.2595 18.6607 8.0674 12.8470 8.3492 0.0000 0.9004 68.9491 355.5488 719.8184 737.7013 935.9649 853.5191 696.6718 557.0858 399.6465 289.8709 225.7033 156.9856 119.0574 94.3334 16.2381 8.1577 11.7885 6.4605 16.0790 5.9618 21.0123 2.2338 1.7170 -5.8654 9.6821 11.7862 244.6497 1018.3979 1679.1605 2155.8045 1892.3693 1696.3880 1413.0440 927.6791 722.5223 662.2643 423.9823 263.3507 175.2696 118.2603 114.0222 28.7943 36.9307 12.6117 27.1566 5.0092 5.1418 39.4699 27.4204 54.7676 268.5511 175.2389 151.4329 89.0844 60.3138 40.5541 0.6514 16.2114 0.2144 0.0416 9.8344 453.0608 284.4653 216.8420 122.4209 77.8358 30.9046 5.0514 13.3453 13.5865 21.7404 27.8109 569.4867 268.9127 205.8416 82.5107 78.1216 43.0457 20.4805 0.5522 10.6162 16.7062 29.6827 
0.0675 12.1260 10.0319 13.4047 5.9218 12.2592 8.6484 2.2215 16.8164 1.3177 5.9479 0.5405 3.7973 2.8857 2.2740 1.3452 3.7946 -2.1890 2.7769 1.7327 2.6714 0.3832 -3.7351 0.7662 -1.8076 0.0279 -0.0118 -0.7828 0.2249 2.9998 2.3957 4.7217 6.8453 3.9393 3.3355 4.0600 8.1637 1.1733 1.6862 4.9994 3.2011 1.6289 1.1511 0.7400 2.7054 0.5847 1.0734 -0.0847 1.1008 0.2990 -0.7395 0.5294 0.0000 4.2173 4.3652 7.2900 7.9715 4.3046 2.6699 7.9799 1.1403 2.0156 5.3217 5.1574 -1.7113 -4.9539 4.3563 0.2008 -3.3325 3.9721 -0.1984 -2.1292 -0.2930 -3.8460 3.0251 -1.3567 -1.1195 -13.6193 0.0000 -0.6871 -3.2608 -2.4647 2.7376 2.2979 -2.9299 -2.6028 -2.1590 2.9208 -4.0823 -2.1794 0.0502 -0.5384 -2.0938 -0.1926 1.6921 -4.1402 -0.6097 1.8704 -0.9680 -1.3715 -0.0676 -1.0210 -2.2881 -12.0469 4.4022 22.5598 512.2675 941.7322 1158.6631 1062.6197 952.6560 676.8998 586.9818 893.8879 394.2980 100.2326 195.0837 -182.1359 299.7098 -106.7139 65.0893 52.2625 51.5876 -33.5343 14.5189 -8.6233 -5.9379 -0.3819 -1.3017 -44.3681 2.2392 164.7948 1013.0944 1856.2545 2463.8670 2208.7218 1974.8694 1420.3206 1411.7314 546.0970 1013.4227 379.2022 199.1467 533.8400 205.9553 272.9584 10.6849 -79.9525 -17.0768 50.6579 62.2218 -46.0976 -30.1390 -14.8751 -6.6377 -76.8131 0.0000 8.4483 -50.2600 434.2998 205.7960 816.4085 124.9613 748.5347 618.3682 436.5334 133.9418 313.8501 -66.5318 -230.9206 -43.8657 -108.4917 40.8699 -34.0441 37.8914 -36.6369 -6.1423 -13.0352 -58.0254 -22.5699 -7.4124 52.8250 -38.6514 41.8551 319.2524 191.2933 1361.9244 630.1009 1791.9895 839.9755 368.4581 527.5474 292.4688 -647.0188 155.3102 -64.0470 -240.9736 56.9185 -86.0956 8.5569 58.8113 35.3185 1.2885 146.5383 -20.7903 -156.3141 -64.8576 -284.9967 344.8845 311.1499 24.8438 117.6719 -34.8238 -114.5487 57.1754 -27.3045 62.9665 -1.4907 52.5746 436.1252 526.3781 204.2294 135.4117 64.7195 52.0918 42.2640 -18.5954 24.6200 -30.0564 48.2736 660.0536 346.2535 327.1777 213.3015 121.2904 104.9065 56.8315 95.0834 1.6696 -27.5704 67.5239 
-0.0290 0.2416 4.9430 3.4236 4.4575 4.6294 3.5907 4.3382 1.3177 6.9451 1.8924 4.7127 1.9605 2.5942 1.6318 2.2921 2.0514 2.7187 0.5390 0.9548 -0.2648 1.1110 2.5131 1.0590 1.0392 2.8555 0.0078 0.8849 0.7389 0.5100 0.8983 0.8975 0.5076 2.2152 2.0758 2.1664 0.0267 1.1923 2.1771 0.1265 0.6851 2.0829 0.4923 1.5046 0.8240 0.9797 1.1799 0.9102 0.3382 -0.0174 0.9067 3.7404 0.0000 -0.2344 0.0422 -0.6013 2.1550 2.6478 7.0331 1.6378 3.6075 3.5090 3.0814 2.5745 4.3303 3.5579 2.0594 2.8001 3.1731 0.9719 0.4234 1.7400 1.6614 2.0088 -0.0440 1.0834 0.9517 5.5065 0.0000 0.2889 1.2313 1.9687 0.3993 1.0058 2.4125 2.3316 2.6398 0.3311 1.9204 1.9003 1.2492 2.2437 0.6311 1.1395 1.1136 1.4483 0.8231 0.6140 1.4654 1.0547 0.4969 -0.4824 1.1334 3.7271 1.8718 9.8142 166.4566 468.3132 574.8112 635.2333 498.4941 641.7469 434.1554 249.3843 194.5630 194.8173 123.3521 146.7483 -7.2952 87.8112 14.4341 9.6496 -6.7447 11.1541 -2.6786 1.8048 9.8616 6.6798 -3.3892 18.7213 11.8268 48.3767 597.4980 827.0130 1153.5971 1203.5269 991.6391 948.4630 517.4707 622.3093 251.7216 249.7571 120.0249 79.0429 -10.2873 11.6625 60.3122 72.3354 0.8142 29.0511 -1.4998 30.8711 24.9101 2.4378 27.7562 14.0645 0.0000 0.2826 71.5761 316.3011 619.7600 592.3228 921.3293 731.3742 576.8647 449.0393 318.2704 256.7334 224.5804 116.2541 116.7117 88.2370 -21.1014 -2.8619 -11.9737 2.4321 18.4954 1.7652 36.3272 -3.2202 -2.2335 -17.1956 11.8640 10.3425 203.4779 855.1527 1522.0809 2047.6950 1571.6097 1499.8032 1263.4848 688.3413 549.8534 620.2060 355.5094 208.6719 123.6769 35.4578 84.6318 -25.7017 17.0938 1.9057 18.8605 -31.5871 7.3376 43.5631 34.2547 46.4976 236.2379 161.0814 145.0956 105.7033 74.2993 49.0547 -10.3531 12.7140 -7.1665 -2.5784 6.9646 337.6064 232.3586 187.9865 104.9015 62.1008 17.3953 -3.7862 13.2247 15.3734 32.7132 36.2427 582.8939 218.9879 180.8915 45.5555 79.8831 22.5712 2.8627 -9.6557 15.0486 24.0187 21.4987 
0.0528 5.0346 6.2305 6.6241 4.6292 6.8891 4.2626 2.8280 5.9479 1.8924 6.6329 2.4520 2.7092 1.9903 1.7368 2.2409 2.1295 0.7133 1.7611 1.0826 0.6145 0.6168 -0.7350 0.2621 -0.0118 1.6683 -0.0008 0.2755 0.9439 1.7121 1.0439 2.1499 2.8179 2.0904 2.4741 2.1984 3.7417 1.9674 1.7541 2.9945 1.6513 1.3656 0.8908 1.2045 1.5641 0.4630 1.3678 0.3481 0.7769 0.1723 -0.4789 0.7377 0.0000 0.6696 2.5609 2.7146 3.2124 4.3904 6.6664 6.1381 3.0316 5.0666 4.7074 4.4103 1.1102 2.7222 3.0449 2.5935 0.6109 3.0239 0.8662 1.0800 0.9654 -0.1432 1.2205 1.1323 0.4492 -0.8255 0.0000 0.2340 0.5225 -0.2913 1.2081 2.5164 0.5904 0.9814 0.7880 2.4022 0.9808 0.4722 1.2559 1.2774 -0.0265 0.7856 0.8822 0.2023 0.3241 1.2849 0.4179 -0.0361 0.1197 0.1324 -0.2490 -1.9710 3.2052 7.5392 307.8618 589.9045 741.2390 686.6726 703.7764 579.6712 429.9790 361.2246 272.5792 210.8017 109.1114 -6.3348 131.4631 8.8267 30.1469 14.7911 14.9715 4.4186 3.3629 -1.0073 4.7204 -0.9353 -1.0150 -10.4815 7.4702 78.5986 684.8873 1134.6788 1515.3846 1413.0047 1307.6228 953.7661 774.1413 557.0849 620.5360 260.8538 190.4996 235.4670 96.7593 138.7628 36.5134 -3.7430 7.9162 37.0148 33.0608 -12.7408 -10.1469 -1.8622 8.5056 -29.5844 0.0000 4.1476 18.6136 321.7237 500.6938 669.6990 611.7948 772.4471 613.3481 638.4709 346.0731 316.2658 191.7391 77.3151 122.4262 4.8585 43.9987 5.1575 39.6363 -19.6583 12.6348 -0.3791 -12.4803 -3.4991 3.0718 10.4336 -9.5220 42.5675 232.2672 738.8955 1487.8410 1463.5327 1699.3518 1554.8827 1249.0834 864.7223 671.5146 213.1051 410.4445 176.1036 38.9205 141.0166 81.3916 53.6380 43.0737 7.3803 37.9812 70.9613 5.4986 -21.7650 -22.6018 -50.3986 293.4727 221.9277 114.1161 82.8438 18.5471 -17.2838 26.8051 3.1520 17.8756 -2.1101 25.6577 452.5249 376.7487 212.5533 103.9026 81.5296 32.0630 22.1953 -4.3565 14.0218 -2.9014 35.1611 448.7656 221.7272 185.2630 101.1141 68.5585 57.4364 16.8294 24.3873 1.9319 -10.2045 32.3719 
-0.0113 0.9474 5.0027 3.5116 3.5601 5.7688 2.4821 4.6124 0.5405 4.7127 2.4520 7.8151 2.7098 3.4538 2.6404 2.9424 1.4336 3.2762 0.5305 1.0187 0.4070 1.6408 3.0291 0.7696 1.0969 4.2193 0.0091 0.7101 0.9455 0.8800 0.8413 1.1295 -0.0645 2.8054 2.0232 2.7302 0.2953 2.1806 2.3079 0.4113 0.7705 1.7281 1.2006 1.5812 0.6633 0.8298 1.2580 1.3867 0.6503 0.1388 0.2599 3.3129 0.0000 -1.1539 -0.3992 -2.9329 1.2910 2.7783 6.1155 1.3354 3.1103 3.2180 2.4293 1.9328 4.4866 5.0808 1.2001 2.7918 2.9724 1.1969 0.4168 1.6068 2.0033 1.8587 -0.8651 1.8576 1.1773 5.5060 0.0000 0.5552 1.3718 1.7632 0.0638 1.0169 2.4108 2.0650 2.2561 -0.2765 1.9462 2.3831 1.1586 2.6514 1.7139 0.8790 0.2084 1.9498 0.3122 0.8170 1.3751 0.7045 0.8271 0.0141 1.7474 2.8986 -0.7740 5.5743 184.5667 453.0741 580.7222 644.6464 621.8018 695.2682 510.6625 201.0053 193.9184 239.9468 116.6079 167.0293 -29.1310 123.6345 9.8173 14.1353 -1.3716 19.9234 -7.0062 3.8272 8.3735 6.7661 -2.5132 33.4960 10.6923 37.7826 649.5714 923.3185 1238.3882 1288.9808 1141.0750 1083.2558 557.2627 676.5769 277.8107 293.5673 193.1323 62.5316 18.5645 0.6765 82.1760 92.1024 17.7074 11.6994 8.9563 29.3627 26.6623 13.0304 10.3329 -12.8759 0.0000 -0.8978 75.6320 306.8821 632.8087 510.9850 729.9774 667.9019 533.5914 452.7812 276.4710 195.6499 184.6143 143.1083 96.5058 97.3001 -9.5485 -6.3618 -10.9269 -8.7667 17.4965 6.1189 32.6199 3.8874 5.9775 -11.8504 15.3337 4.0774 194.8437 827.2037 1317.0930 1865.4623 1483.5791 1289.8381 1192.7490 597.6777 542.2805 626.7790 318.4181 141.7879 135.1237 85.1448 103.8284 -9.0526 -1.6239 -18.8717 18.4525 -14.7628 -7.7543 57.0657 33.4207 63.7925 261.0905 148.2029 159.6277 84.7047 67.9011 54.3210 -8.9021 21.6184 -9.1832 -0.8445 3.0242 422.2158 207.1793 196.1239 91.5590 73.5746 14.8449 -4.8830 9.4563 8.8243 27.7110 23.4174 554.3097 253.9066 226.6354 50.2392 72.8593 36.4366 17.3754 -16.6527 4.8247 19.5619 20.9028 
0.0109 2.5808 3.0374 4.3341 2.5473 6.0137 2.9470 2.7195 3.7973 1.9605 2.7092 2.7098 4.1731 2.1658 2.0732 1.7107 1.2885 1.0117 1.1328 1.0917 1.4137 0.9474 0.4670 0.6260 0.2701 3.3144 -0.0003 -0.0662 0.6813 0.8423 0.9986 1.5635 1.6656 2.1875 1.3575 2.1686 2.2559 1.6001 1.4589 1.5890 1.1735 1.0941 0.9367 0.9074 1.0104 0.5981 0.8538 0.6360 0.8519 0.4559 0.1941 2.9482 0.0000 0.0749 0.9305 0.7924 2.8825 2.7919 4.2031 3.4043 3.0229 2.7958 3.1775 2.8430 3.0167 1.9796 2.9720 1.8164 1.2080 2.3343 1.1058 0.7251 1.3604 0.3186 0.7777 0.7551 0.6288 1.7188 0.0000 0.1023 0.3939 0.4967 0.9904 1.2232 0.7282 0.8089 1.4023 1.1826 0.6290 1.7158 1.2455 1.2765 1.5293 1.0707 1.0371 0.9288 0.5682 1.1391 0.5950 0.6485 0.7552 0.4107 0.4003 1.5431 -0.1810 5.0186 179.5703 398.0613 516.3721 494.1029 537.6593 464.6913 393.6058 330.3952 231.4519 162.9623 127.3791 52.3418 69.2117 42.3694 25.5420 23.0870 20.8217 6.5007 1.4949 1.1441 -0.0412 0.3713 0.9713 8.9339 2.9059 50.6925 492.7058 881.6333 1031.2964 1050.9711 943.3078 830.8254 709.9246 456.3468 415.9961 259.4246 205.1415 175.6508 122.7717 86.1897 54.1744 30.7215 27.8519 18.9594 27.3489 10.9405 8.4146 10.2325 1.5205 -2.7225 0.0000 0.9570 16.4648 236.0747 415.3486 549.5826 501.8483 667.3743 601.5955 456.6764 363.0235 284.1085 185.7437 99.7218 72.5015 85.9042 52.2974 11.2877 36.9433 10.5057 6.2541 6.0935 -1.3015 5.9106 3.6584 23.9951 0.4369 5.8264 177.6174 600.5187 1215.4219 1405.6056 1614.8353 1310.8371 996.0473 877.0334 703.0665 425.4974 403.0301 261.3140 158.7058 179.2539 102.2623 68.6455 58.2649 40.2483 27.0465 59.1120 9.3312 5.5432 7.9480 15.0533 230.7645 167.3271 102.3286 64.7867 22.3887 2.6039 14.2814 7.5575 14.1781 1.9494 17.1896 423.0628 291.2098 184.2324 104.8158 60.2698 33.9849 19.6053 7.5178 11.1883 1.4849 23.2251 391.7020 264.4039 187.7943 97.2626 59.6433 50.1066 31.5200 19.2077 3.8129 -0.1269 27.0830 
0.0042 2.3958 3.7913 3.8373 2.3552 5.0594 2.5422 2.7639 2.8857 2.5942 1.9903 3.4538 2.1658 3.9098 1.9705 1.7760 1.4755 1.2802 0.9500 0.9289 1.0912 0.9910 1.0537 0.7575 0.2627 2.8659 0.0013 0.1958 0.3933 0.9084 0.9590 1.3480 1.1023 2.3326 1.4656 1.9858 1.6563 1.3850 1.5319 1.1876 1.0551 1.1231 1.0105 0.8696 0.8986 0.6802 0.8038 0.7726 0.6704 0.2410 0.2016 2.7755 0.0000 0.3118 0.5467 0.2313 2.2598 2.3496 3.2041 2.2198 2.4036 2.1808 2.6588 2.3033 2.8394 1.8466 2.0237 1.7563 1.4878 1.8689 0.9815 0.7444 1.2527 0.6053 0.6584 0.8266 0.6093 2.6895 0.0000 0.0193 0.0728 0.4259 0.8367 0.7149 0.7230 0.7895 1.4343 0.8450 0.4363 1.4782 1.0610 1.6295 1.0403 0.8891 0.9414 0.6597 0.4832 1.1423 0.8411 0.4994 0.7150 0.0600 0.8675 1.4675 -0.8307 6.8953 174.6605 379.9302 468.6383 480.9400 461.8270 457.4013 349.8112 287.4471 187.3804 142.7358 117.8782 71.9322 51.0956 51.5110 20.9977 22.2027 11.2415 11.1419 0.2127 0.4499 1.5980 4.6520 -0.8209 7.1069 2.7146 41.0895 483.7737 724.0174 987.6200 987.2627 890.1774 809.0281 575.8024 454.5272 336.2012 262.3159 184.0167 162.8375 79.6957 60.3301 68.4431 42.7423 20.4933 21.7056 19.8184 13.7889 13.9440 10.3245 4.5385 2.2779 0.0000 0.3660 21.4355 224.7180 342.9968 434.2327 415.7308 515.7289 471.7218 357.5735 238.1965 235.6663 135.3154 68.9678 63.7749 82.1517 28.1887 6.9552 14.8828 2.1529 12.3526 2.8870 8.9817 -0.0802 2.4974 15.2316 1.5062 1.0279 148.9771 440.2223 935.4416 1132.9845 1263.6333 959.6159 819.8051 636.5772 543.7879 399.3853 320.4023 197.1732 138.1549 135.9451 90.4732 50.5569 50.7223 35.2516 26.2945 28.8569 5.1369 12.6337 15.3678 24.4839 240.5918 190.5004 116.2135 77.4164 35.6623 13.1841 8.0120 7.9184 7.6282 2.1861 14.1565 421.7217 318.0610 213.5759 116.5462 61.7004 27.9414 17.6587 6.9919 11.6565 10.4319 31.0514 434.5183 247.7937 195.3247 81.2976 60.8094 35.5469 25.1458 13.6036 5.6536 6.1708 32.4020 
0.0145 2.1337 2.7761 2.5425 1.2069 4.3294 1.3972 2.0998 2.2740 1.6318 1.7368 2.6404 2.0732 1.9705 2.8462 1.3077 0.5367 1.1467 0.7243 0.7678 1.3467 0.9421 1.0342 0.5857 0.1308 2.6725 0.0004 0.0086 0.2354 0.9025 0.8015 1.2423 0.8807 1.8043 1.0357 1.6660 1.5739 1.4971 1.4180 0.8539 0.9663 0.6616 1.0775 0.8592 0.7921 0.5239 0.6091 0.7686 0.7054 0.2691 -0.0387 2.3847 0.0000 0.1080 0.4311 -0.2894 1.7264 2.0449 1.8142 1.8615 1.8965 1.5801 2.0259 1.5862 2.2315 1.9738 1.5013 1.4154 1.2756 1.8137 1.0181 0.5606 1.0968 0.4790 0.4430 0.8384 0.4819 2.7289 0.0000 -0.0071 0.1964 0.1815 0.4649 0.4453 0.3988 0.5312 0.7431 0.7385 0.2500 0.9012 0.7987 1.2467 1.2759 0.5652 0.7437 0.6914 -0.0052 1.1342 0.7790 0.2698 0.6947 0.2534 1.0431 1.5879 -2.5537 3.7806 142.1774 291.7009 348.6614 366.2426 411.0245 364.0753 297.2730 224.8669 145.0691 118.9908 101.7123 62.2307 41.3685 49.8604 13.1631 24.2354 10.3326 13.0882 -1.2531 0.4166 -0.6646 5.7390 -0.2934 5.8971 -1.5157 28.6416 422.6710 583.5797 803.0122 776.1841 749.8054 683.4423 469.7684 349.9225 269.8293 227.0668 154.9024 132.7785 77.3066 45.7054 65.8366 35.8420 22.6757 7.9832 20.5568 8.6813 13.3227 13.1491 -2.6221 -0.3944 0.0000 -0.6291 10.6342 176.1850 258.9400 346.4896 265.2383 417.7546 408.4264 307.6685 195.4852 208.0875 107.9750 50.3309 38.4412 81.5077 30.0078 9.2025 14.2361 0.7477 8.0477 2.9827 4.5203 3.2037 5.6080 20.2932 0.4808 -3.7071 115.1584 335.9280 679.6300 855.6587 1066.0058 720.4202 653.2091 549.6746 486.1772 344.0938 258.5515 160.6482 140.3386 132.5494 81.0916 56.0555 38.2174 33.3561 24.9448 31.8162 1.3370 7.6344 10.8669 32.8252 169.2493 128.8453 81.6984 42.5077 20.9319 9.8590 9.2096 7.7628 6.0783 3.5297 10.3733 298.4588 214.2176 148.3551 71.1300 40.0111 16.6939 17.2647 2.0017 3.7094 5.3413 23.9224 267.1583 184.0462 153.3512 51.3497 32.8352 22.4938 21.7644 8.1596 -0.8545 1.4950 22.3319 
0.0045 0.9897 2.7573 2.6432 2.0782 3.3920 1.6371 2.4189 1.3452 2.2921 2.2409 2.9424 1.7107 1.7760 1.3077 2.7716 1.0861 1.4578 0.6350 0.7134 0.2143 0.7301 1.0529 0.4579 0.4880 2.4185 0.0032 0.4631 0.7269 0.5218 0.3268 0.7687 0.5363 1.5166 1.2566 1.5313 1.1412 1.2714 1.2349 1.0077 0.6448 1.1688 0.6598 0.9392 0.7365 0.5658 0.8476 0.5516 0.3787 0.0923 0.1255 2.0507 0.0000 -0.4893 0.4356 -1.2672 0.5820 1.7624 4.1359 1.5833 1.9287 2.3523 1.6484 1.7332 2.2667 2.7395 1.2973 1.7564 1.4643 1.3083 0.4270 1.0768 1.0389 0.7471 0.2291 0.9152 0.7906 2.7732 0.0000 0.3465 0.6692 0.7748 0.2686 1.0416 1.0645 0.9947 1.2308 0.4602 1.0992 1.3089 0.7907 1.2883 0.7562 0.8485 0.4900 1.0751 0.2975 0.7420 0.7260 0.5165 0.3950 -0.0422 0.7152 1.5565 0.5470 3.8074 103.2497 251.0219 340.8034 362.4280 379.3732 402.1677 308.1188 157.1822 147.1775 161.0827 79.1671 74.8394 28.9079 58.0117 14.3383 11.0757 6.7112 16.4647 -0.9586 -2.1001 6.3708 2.8936 -0.6627 12.7270 4.0560 27.7374 339.2546 528.7196 742.1896 782.8896 729.6083 641.3197 407.4193 426.3071 306.3240 201.8662 157.9670 104.3940 54.1773 55.2142 52.4507 36.0157 14.8059 22.4189 18.7727 15.4838 12.4493 6.8826 11.3324 -2.2583 0.0000 0.8313 33.7391 163.9152 317.2646 292.4491 391.0040 410.6189 334.8798 341.6879 223.7418 172.5104 169.1572 102.8576 86.1023 60.8103 21.8879 8.2020 11.8106 -3.6642 15.8300 2.0154 14.6744 1.8932 3.5992 3.3654 4.7312 10.6774 113.2370 396.6613 743.7680 951.4533 894.0457 892.2870 772.4099 499.8126 443.0993 388.7656 305.3859 161.7939 120.3152 118.4908 86.0797 42.5576 28.3964 7.0266 23.4526 24.0349 3.6584 27.7799 15.7359 35.0000 187.4570 134.8779 112.2950 61.2188 39.2368 22.4318 5.2000 10.8163 0.0934 0.4628 11.4501 343.0567 228.7540 170.8269 89.3384 65.7722 21.3223 7.7739 4.4803 9.7668 8.0772 26.1474 292.8316 156.2173 121.5588 41.7266 41.5294 27.6115 8.8403 -3.8356 3.6395 3.7930 13.3657 
0.0030 2.3558 3.1527 4.1214 2.9654 3.7356 3.3238 1.7254 3.7946 2.0514 2.1295 1.4336 1.2885 1.4755 0.5367 1.0861 3.1471 0.0970 0.8741 0.7088 0.2426 0.2559 -0.3637 0.4686 -0.0094 0.7091 -0.0005 0.1585 0.3833 0.6060 0.6990 1.1220 1.7561 1.4253 1.3699 1.4006 1.8892 0.3752 0.8357 1.5613 0.8683 1.2351 0.1902 0.5079 0.9045 0.4419 0.6945 0.0364 0.2740 0.0603 0.2969 1.2327 0.0000 0.8526 1.2011 1.8043 2.2821 1.6189 3.4208 2.6027 1.5065 1.9307 2.3391 2.3477 1.0267 -0.1086 1.9431 1.0141 0.1182 1.1387 0.0708 0.2714 0.3268 -0.2034 0.9187 -0.0951 0.1187 -1.4778 0.0000 -0.0186 -0.2929 0.1227 0.9842 1.1261 0.1669 0.2222 0.6202 0.9144 -0.0862 0.4624 0.4676 0.5174 -0.5159 0.5230 0.6747 -0.3488 0.4508 0.5067 0.1674 0.1742 0.0221 -0.4217 -0.5199 -1.3623 3.1809 7.8229 138.5806 312.4654 398.8351 397.2875 318.5621 311.8060 236.7927 262.4603 147.9537 84.5796 74.9344 -7.1936 71.9594 -9.0843 22.0867 12.9627 12.4473 -4.6781 5.0493 -1.8690 3.0272 -0.1088 -1.0756 -5.3582 5.7544 52.2801 336.0485 617.1457 823.3679 807.6850 688.7396 543.0938 476.4258 311.8799 337.7020 144.5921 77.8574 153.9428 48.4998 83.2228 14.5769 -3.4738 -2.3010 31.3724 12.7897 1.0099 0.2494 -6.1780 13.2557 -6.6620 0.0000 2.8801 10.2486 172.4208 227.4846 339.2217 334.5152 382.5067 293.3822 240.6613 147.7059 148.9383 78.4685 1.1096 42.8189 -5.9544 10.6643 -4.6784 10.5351 -3.8113 6.8561 -2.8946 -1.5309 -6.9977 -4.8193 4.9529 -5.7079 18.7858 126.0215 301.4627 803.2326 789.6926 863.9976 750.0225 520.7910 379.4747 251.0708 53.6061 187.6570 84.3490 -13.1380 34.1347 7.7282 3.3301 24.2292 10.7589 7.1569 28.9575 4.3360 -21.4170 -4.2430 -51.6839 161.3247 133.6659 56.4358 67.8658 17.9853 -12.3815 10.7278 -4.4156 13.2329 -1.7674 16.0513 248.5890 235.4857 124.8276 88.4612 46.3705 24.9215 7.8350 2.0612 14.4556 2.8379 24.8891 309.7838 124.8806 105.5173 64.8981 56.6054 33.8229 11.3932 20.1523 6.9560 0.1346 22.4066 
-0.0157 -1.8420 1.1011 -0.6775 1.3349 0.9932 0.0334 2.4182 -2.1890 2.7187 0.7133 3.2762 1.0117 1.2802 1.1467 1.4578 0.0970 3.6924 -0.0299 0.3584 -0.1907 0.9415 2.5010 0.3389 1.0849 2.6022 0.0074 0.6353 0.5329 -0.0744 0.1459 -0.1964 -1.0654 0.8611 0.6658 0.8270 -1.2729 1.3000 1.3852 -0.4773 0.0017 0.9020 0.5468 1.0771 -0.0039 0.4457 0.7016 0.8659 0.2610 0.0878 0.3540 2.3691 0.0000 -1.4618 -0.8645 -2.4639 -0.4768 1.3404 3.5433 0.2747 2.3838 2.5613 1.3566 0.9674 3.4167 4.7586 0.7334 2.2358 2.9674 0.4790 0.8465 1.8763 1.4853 2.3057 -0.6677 1.6537 1.1238 7.2902 0.0000 0.4477 1.4950 1.5076 -0.5207 0.4928 2.3067 2.2372 2.1309 -0.0331 2.5434 2.3253 1.1679 1.9143 1.9542 0.9012 0.3861 2.4391 0.7057 0.4110 1.2759 0.9999 0.6105 0.5228 1.5805 5.5713 -0.8916 -2.0970 22.8622 104.3455 131.8507 208.2229 211.2618 295.2618 210.0942 -35.4336 61.7082 145.8483 36.8098 135.8232 -67.7556 87.1547 -5.9031 2.0546 -9.6506 17.7502 -4.0384 5.5474 5.7875 4.4133 -1.1913 26.1734 7.3101 -7.3180 211.0256 220.8506 290.9090 380.4463 351.0187 409.7656 136.9493 354.4914 25.0359 131.5710 98.8278 -44.7355 -16.4270 -39.0832 54.0331 71.8887 20.5947 6.0585 -8.5525 29.2113 22.1993 11.3096 8.7759 20.8324 0.0000 -2.0410 53.0835 101.9339 408.9968 234.1374 555.2219 386.5618 327.6377 311.4028 250.8066 151.8221 180.9559 181.6188 106.0802 99.7075 1.5867 16.0102 -5.3999 10.0501 12.1077 6.2665 31.4468 6.9940 4.9114 -16.0525 15.5291 -1.1960 69.0486 572.0797 718.6790 1275.5847 850.7453 973.5659 998.0685 566.5556 501.9239 692.5594 312.4967 218.3186 203.4751 93.3929 111.4849 25.3541 6.6845 0.6231 24.3206 -31.7601 12.5245 68.1661 33.0809 116.4340 146.5239 76.7032 121.8285 44.5957 57.4751 64.6508 -9.2177 17.6291 -15.0092 0.3747 -5.9674 285.7780 133.3599 147.3074 77.4996 56.8684 12.7766 -0.7145 14.0663 4.1509 26.7017 18.0211 253.1003 114.9837 90.8961 7.1959 32.0292 8.5235 2.2091 -24.0293 4.2507 16.7388 7.1719 
0.0239 2.0998 1.8522 2.4264 1.5056 2.7847 1.7255 0.8797 2.7769 0.5390 1.7611 0.5305 1.1328 0.9500 0.7243 0.6350 0.8741 -0.0299 1.5304 0.4073 0.6085 0.2230 -0.5206 0.2453 -0.1104 0.8410 -0.0023 -0.0087 0.1355 0.6469 0.5542 0.8718 1.3208 0.8449 0.8135 0.7100 1.6822 0.6750 0.6656 1.2774 0.7546 0.4327 0.3765 0.4001 0.7108 0.2020 0.4595 0.1432 0.3930 0.1482 -0.0597 0.8356 0.0000 0.5926 0.9644 1.8639 1.6515 1.6880 2.0624 2.6756 1.3898 1.9826 2.1618 2.0505 0.6103 0.6003 1.7316 1.0645 0.3207 1.5439 0.8223 0.4490 0.5068 -0.0618 1.0282 0.3631 0.1423 0.4845 0.0000 -0.0665 -0.0868 -0.3389 0.7006 0.8270 -0.0244 0.3171 0.4987 1.3673 0.2612 0.2939 0.7492 0.5924 0.2365 0.5718 0.7725 0.1498 0.4903 0.7591 0.2681 0.1624 0.1942 0.2778 -0.0965 0.1367 0.7125 3.4158 112.8816 215.5697 264.4416 230.8277 226.5359 174.6866 137.7100 183.0116 118.0809 65.9612 57.3488 -9.1951 70.1857 -5.8427 16.9035 7.0385 8.2492 -0.2566 2.8871 0.9136 -0.1479 -0.5169 0.1531 -9.4309 1.3760 27.4567 224.5646 387.2410 514.4857 490.7814 445.6293 333.8212 331.8110 198.9713 249.6312 114.6833 89.7627 121.0687 64.2576 67.6817 20.8190 -1.8509 9.7866 19.3243 15.0248 -4.4598 -3.5818 1.4453 2.3369 2.1705 0.0000 1.4722 -6.5696 109.6082 130.1031 269.5955 211.0561 303.2988 285.5783 254.6348 180.3876 176.4558 95.5131 43.5519 56.7053 26.7703 34.6870 10.8567 26.1905 3.3655 4.6254 1.9356 -7.3172 -1.0730 1.0507 13.8132 -5.3203 10.3227 81.0416 224.9669 546.6530 514.0672 742.2669 649.9233 503.2643 475.3891 375.9679 148.1376 230.8776 148.6421 67.1567 104.2382 55.4211 48.5657 44.5001 33.4624 23.9341 38.2926 12.9626 -12.9749 -7.1966 -8.1076 144.4162 124.4350 52.9166 44.4129 6.4083 -9.7018 14.7877 -0.2009 10.9326 0.5541 13.4806 246.8128 225.8979 125.9202 68.1037 36.6343 21.9601 20.4111 2.3740 8.9749 -1.1192 22.0099 193.4151 120.4173 84.9612 57.3170 32.2337 24.0499 11.7676 18.9239 2.7148 -4.8741 20.4371 
0.0003 1.2146 1.8408 2.2345 1.0886 2.2268 1.4076 1.1688 1.7327 0.9548 1.0826 1.0187 1.0917 0.9289 0.7678 0.7134 0.7088 0.3584 0.4073 1.5299 0.5830 0.2813 0.1768 0.3244 0.1179 1.3858 0.0000 -0.0068 0.4589 0.3087 0.3924 0.6913 0.7450 0.9846 0.6038 1.0726 1.2082 0.5587 0.7794 0.7470 0.5359 0.5777 0.4013 0.4175 0.5081 0.3355 0.2951 0.1618 0.3537 0.2176 0.2608 1.4950 0.0000 0.2230 0.6764 0.5213 1.1623 1.0056 1.4881 1.2838 1.3245 0.9878 1.3026 1.0688 1.3143 0.5060 1.2803 0.6789 0.6328 1.0107 0.4995 0.2722 0.5959 0.1523 0.5184 0.1705 0.2854 0.9806 0.0000 -0.0027 0.0716 0.2452 0.5180 0.5327 0.3452 0.2930 0.6498 0.5187 0.2143 0.7897 0.4670 0.4321 0.5131 0.6752 0.6417 0.2444 0.3287 0.5598 0.2798 0.2940 0.3099 -0.0428 0.1329 0.9549 0.0408 1.9709 77.4289 173.6013 223.1584 202.3741 222.2156 196.7622 154.4085 141.0955 88.9506 49.9234 60.6569 24.8552 34.1858 16.8375 12.1110 14.5116 8.9759 4.4797 1.3006 -1.0833 0.6730 0.8525 0.6886 3.1839 -0.5910 27.0666 221.6187 375.7547 452.5198 443.6243 402.8572 348.5176 291.5010 185.4954 192.2513 130.2202 96.9942 82.0341 60.2137 48.1701 22.9871 13.1880 14.0080 6.4412 15.4083 2.9937 5.8573 1.6941 4.6222 3.3450 0.0000 0.6062 9.3926 104.4721 151.0500 235.0124 210.1022 274.0105 241.1120 186.5149 140.9068 115.7719 85.9096 26.9387 25.8544 30.7794 24.5009 10.7009 15.5232 6.6044 4.5960 1.2976 -0.3294 2.0455 1.4714 9.9620 -1.6295 4.5309 78.6024 256.2489 504.4346 579.0571 643.9321 535.9897 420.5173 381.7621 315.4887 181.8435 188.0702 130.2945 82.3170 72.7492 42.8267 39.9624 32.7396 18.6688 16.5752 30.6028 5.9953 1.5437 5.3602 8.4507 99.3431 89.0528 53.1415 34.8512 14.4999 -0.1348 5.2031 4.0371 5.6585 2.6477 14.3308 209.7126 158.7993 102.3297 56.2062 29.0297 19.8536 12.0272 4.0999 5.1573 -0.7951 14.0317 176.4446 125.7862 84.1962 49.5542 28.5074 17.8068 14.8520 7.3439 2.5998 2.9008 14.9177 
0.0194 2.1066 0.7390 1.8062 -0.1071 3.0137 0.9381 0.4207 2.6714 -0.2648 0.6145 0.4070 1.4137 1.0912 1.3467 0.2143 0.2426 -0.1907 0.6085 0.5830 2.8951 0.3750 -0.2205 0.3248 -0.3394 1.3224 -0.0040 -0.4567 -0.1533 0.6025 0.6962 1.0469 1.1415 1.0862 0.2352 0.9406 1.8128 0.6677 0.7822 0.8935 0.7902 0.0316 0.6878 0.2355 0.5546 0.1748 0.1455 0.3054 0.5987 0.3269 -0.0521 1.4555 0.0000 0.6451 0.7005 1.2000 1.8790 1.1978 -0.5339 1.8352 0.8458 0.2811 1.4834 1.0348 0.8548 -0.2498 1.3418 0.3626 0.0734 1.5612 1.0389 -0.1920 0.4935 -0.3148 0.9042 0.0451 -0.0408 0.1968 0.0000 -0.2827 -0.5014 -0.5231 0.7094 0.0551 -0.4950 -0.3962 0.0343 0.8533 -0.6743 0.4815 0.4545 0.2866 0.9716 0.3526 0.7618 0.0425 0.0653 0.9123 0.2447 0.0464 0.5519 0.4859 0.2572 0.4205 -2.5443 1.5650 82.1927 140.3632 148.9725 141.6937 196.8471 102.6146 121.9069 193.5146 84.4050 20.1260 72.6411 -4.5281 55.7289 -2.3359 12.2379 26.0130 17.2552 0.8298 3.0307 1.8904 -5.9482 2.8435 1.2520 -5.0172 -5.2617 20.8355 205.5835 320.2552 384.0492 347.8766 360.9327 321.5234 351.4665 112.5199 197.2495 137.3457 106.5625 132.0635 97.9554 54.6182 37.3828 3.1349 24.7723 2.9103 17.7871 -3.5089 5.6536 8.0387 -11.1996 4.8555 0.0000 -0.3767 -22.4901 73.3170 35.0425 199.8981 -12.4299 213.4346 264.4158 141.7876 117.5818 155.7059 36.2645 -4.2005 -11.2965 53.7332 45.3994 14.5124 22.4794 11.2741 -1.1644 1.4267 -11.4330 2.2329 2.8783 30.7344 -7.1457 -8.7487 62.6606 84.7097 317.4139 314.1075 713.2582 319.1615 259.8710 431.8466 365.4805 131.2720 178.2470 141.5987 102.5674 123.0881 38.7528 72.3827 43.9260 50.6593 17.9796 49.4246 9.2069 -20.5943 -3.7258 5.8472 95.3095 83.5260 20.1864 18.0684 -5.8483 -14.9846 15.5469 -1.8529 14.2740 4.8301 12.4551 199.6524 173.6071 90.8012 56.9309 19.1611 21.3533 25.0385 1.1452 1.9661 -6.5574 16.6883 105.1525 135.5238 106.4842 60.9481 23.2049 21.7802 29.8687 21.9476 -4.0184 -5.5711 23.5654 
