0.0519 0.0989 0.1071 0.0836 0.0281 0.0432 0.0130 -0.0120 0.0674 -0.0289 0.0528 -0.0113 0.0109 0.0042 0.0145 0.0045 0.0030 -0.0157 0.0239 0.0003 0.0194 -0.0065 -0.0331 -0.0052 -0.0171 -0.0174 -0.0001 -0.0024 -0.0013 0.0321 0.0068 0.0258 0.0335 -0.0011 0.0105 -0.0101 0.0619 0.0145 0.0113 0.0398 0.0146 -0.0160 0.0057 0.0090 0.0223 -0.0096 0.0095 0.0011 0.0084 -0.0045 -0.0197 -0.0309 0.0000 0.0182 0.0529 0.0537 0.0149 0.0457 -0.0061 0.0675 -0.0219 0.0278 0.0163 0.0284 -0.0563 0.0025 -0.0096 0.0131 -0.0195 0.0332 0.0124 0.0022 0.0023 -0.0221 0.0284 0.0118 -0.0109 -0.0290 0.0000 0.0011 0.0002 -0.0311 0.0048 0.0175 -0.0301 -0.0162 -0.0229 0.0358 -0.0100 -0.0427 0.0000 -0.0057 -0.0214 -0.0068 0.0039 -0.0078 -0.0120 0.0215 -0.0010 -0.0239 -0.0079 0.0140 -0.0111 -0.0538 -0.0307 0.0423 4.0506 4.6252 3.6970 2.5892 4.5153 2.1398 1.5204 3.0861 2.3125 1.5071 1.2629 -0.9873 2.9285 -0.4575 0.4633 0.2026 0.1225 0.1166 0.0140 0.1159 0.0083 0.0527 0.0025 -0.6447 -0.1143 0.6717 6.2488 5.7151 9.8989 6.6801 8.1393 2.5836 2.9434 2.7649 6.7477 1.4992 2.3725 3.4496 2.2728 2.3551 0.7413 -0.7536 0.3040 0.4343 0.6316 -0.6858 -0.2349 0.0619 -0.0504 -0.3160 0.0000 0.0590 -0.5060 1.7485 -2.9290 0.2895 -5.6826 -0.7490 0.0836 3.6503 0.5700 3.1133 1.6224 0.1163 0.9215 0.0917 1.1682 0.5223 0.7058 -0.1429 0.1774 0.0660 -0.3632 -0.0543 0.2099 0.6970 -0.3247 0.4265 1.6401 -1.3446 -2.0678 -11.9792 -2.9605 -2.4932 -1.2683 1.4251 3.6550 -3.2088 3.6978 1.3086 0.6495 3.2029 0.9939 1.8291 0.8112 0.8232 0.9985 1.4433 0.4756 -0.9133 -0.8063 -0.5697 1.5476 1.7519 -0.1450 0.2797 -0.4905 -0.7953 0.5787 -0.1536 0.1952 0.0183 0.4099 1.4754 3.1029 1.0828 -0.0865 0.2996 0.0378 0.7313 -0.2879 0.0401 -0.3383 0.6506 -1.3538 0.6037 0.8755 0.4660 0.0461 0.1733 0.0281 0.3392 -0.2690 -0.5488 0.2963 
0.0989 19.2176 17.1650 14.8040 6.1094 9.8285 6.2210 1.8183 11.5596 0.2315 4.8223 0.9128 2.4713 2.2920 2.0450 0.9515 2.2413 -1.7458 2.0082 1.1592 2.0119 0.4572 -2.9781 0.2337 -1.7597 -0.9078 -0.0078 -0.5947 0.3291 3.1969 2.0796 4.1346 5.1014 2.8894 2.9902 3.1531 6.6202 0.7454 1.3329 3.7471 2.4764 0.8704 1.1362 0.4774 1.8909 0.0412 0.7055 0.3623 0.7598 0.0455 -1.5472 -1.6071 0.0000 3.5984 5.0413 7.5493 7.3115 4.3399 0.4322 5.1360 -1.1246 0.0253 1.4684 2.2986 -3.8941 -4.9761 0.0664 -1.1886 -4.3080 1.8919 -1.6932 -3.0726 -0.9471 -4.2824 1.2773 -0.8668 -1.5750 -15.2502 0.0000 -0.2860 -2.5136 -2.3652 1.4873 1.5111 -3.0828 -3.4359 -3.6438 0.8347 -4.5567 -3.8207 -1.3102 -0.8752 -2.5340 -1.4478 -0.3951 -4.4656 -2.1309 1.2448 -1.4505 -2.3229 -0.6222 -1.2456 -1.7822 -14.7034 2.6307 21.5089 655.9896 961.0008 1122.7469 982.7885 897.2797 628.6341 514.2584 695.8050 276.8338 61.3880 111.6644 -173.7505 231.3726 -75.5913 51.9797 35.8618 32.8115 -34.3879 4.5347 -5.6021 -4.6356 -0.4018 -2.7473 -33.1356 4.7606 146.2205 959.9084 1597.7858 2129.6376 1818.5339 1596.6529 1090.4925 908.2618 374.8204 708.8674 266.4358 132.3161 373.3244 133.8434 193.7738 1.7434 -48.7651 -25.4471 28.0280 54.6506 -49.6449 -33.7194 -8.5399 -19.4960 -112.7956 0.0000 9.5594 5.2806 483.0389 138.8064 504.3094 -262.4436 289.2932 135.9962 83.7713 -218.0526 -12.5235 -279.6946 -290.5102 -101.8951 -164.4306 -15.5003 -56.5770 0.5444 -53.9088 -11.0375 -5.6849 -50.4786 -19.5060 1.0104 31.9397 -29.3756 32.3391 278.8433 -114.3988 314.2127 -675.1208 206.9620 -607.1359 -726.1705 -614.7671 -449.9112 -1082.4970 -240.9422 -415.5975 -382.6500 -52.4557 -121.0609 -80.5787 -2.4333 -22.5342 -3.5276 100.8715 -37.9801 -143.3351 -67.5931 -294.6681 301.3709 261.0690 21.0159 92.3954 -41.2093 -104.6467 44.0341 -15.8442 44.7565 -4.7166 39.0823 278.4929 350.5146 120.3209 36.9994 39.3172 20.2060 23.6717 -24.4125 17.1449 -22.9904 28.2453 458.0906 206.0266 240.0430 106.2150 58.9107 70.8104 36.2263 69.6620 -6.2060 -24.7262 39.1040 
0.1071 17.1650 42.4711 21.6517 13.0228 10.8047 9.2704 6.3163 9.7406 4.7200 6.0008 4.7563 2.9326 3.6348 2.6535 2.6369 3.0523 1.0124 1.7943 1.7682 0.7257 0.9568 -0.1126 0.6090 -0.4580 0.7444 0.0038 0.6017 2.2446 3.6122 2.6555 4.0181 4.2249 3.4664 4.3423 3.7011 5.2101 1.2647 2.6449 2.9405 2.2362 2.2766 1.3616 1.4208 1.7944 0.6126 1.3715 0.7535 0.4828 -0.1768 -0.6845 0.3268 0.0000 3.4509 9.4531 11.6909 10.9627 8.9555 5.9099 5.0830 1.5827 2.0239 1.1682 2.1177 -1.6760 -1.6884 -1.0721 0.2141 -1.6301 0.4852 -1.8674 -1.3778 -0.1946 -2.0095 0.5864 -0.0960 -0.5141 -8.8037 0.0000 0.3825 0.0032 0.4838 1.8688 2.4268 -0.2083 -1.0692 -2.0279 0.0827 -2.0550 -2.2017 -1.2236 0.1169 -2.1491 -0.6541 -0.3533 -2.6380 -1.7127 0.8977 -0.4789 -1.7187 -0.4460 -1.5861 -0.3304 -10.0792 5.2531 30.5552 1101.5920 1633.1279 1758.0697 1649.1532 1441.5448 1206.5092 897.2479 730.2217 374.8923 226.1290 161.3590 -3.1799 166.5136 9.0595 45.8146 43.1519 22.0677 -9.6927 4.7063 -6.1337 6.0955 7.0642 -5.1028 -5.8551 14.9980 195.7000 1693.2881 2322.7158 2893.2207 2484.2242 2037.3954 1448.2772 929.0445 726.5773 697.3134 369.7034 188.2270 310.5722 79.7565 154.5479 59.0801 15.7774 -21.8628 49.4278 43.0262 -13.4534 -4.1156 -6.3028 6.4615 -78.5965 0.0000 12.6044 159.6652 885.5978 968.2361 1033.0578 605.7299 721.1977 297.6497 273.9805 -198.0851 -34.0881 -223.1639 -200.3632 -48.5307 -154.6624 -63.6671 -44.1067 -43.9955 -50.2165 9.8168 -6.3688 -7.9244 -21.9661 -0.9273 -6.8853 -12.9698 51.0263 559.6041 989.8134 1285.1012 540.7393 398.6748 -242.3177 -327.8527 -781.9293 -598.9729 -759.6027 -222.4544 -425.6356 -309.2324 -119.8188 -84.0673 -92.6146 -33.4417 -57.8246 9.3761 22.7524 -37.2517 -78.0605 -32.8178 -197.3820 332.3407 233.0587 84.9548 110.6568 17.9268 -37.5660 24.3516 -0.1752 15.2231 -5.2226 25.9124 250.1271 274.1929 133.6253 61.6219 70.9302 14.7628 -1.1006 -18.5320 15.8229 5.6063 42.6289 798.4770 266.7649 304.9159 101.5788 95.3275 69.6787 25.3590 35.3124 0.2962 0.6543 41.8065 
0.0836 14.8040 21.6517 24.3464 9.7643 11.5244 9.6633 4.6178 13.0590 3.3429 6.4579 3.4282 4.2167 3.7409 2.4634 2.5804 4.0291 -0.6587 2.3593 2.1743 1.7473 0.6167 -2.1854 0.7340 -1.0613 1.1781 -0.0039 -0.0034 2.0267 3.0228 2.3232 4.8772 5.7305 4.1519 3.9326 4.7625 7.3960 1.0725 2.1145 4.6231 2.6733 2.3656 1.1689 1.0495 2.5347 0.6477 1.4070 0.3036 0.8058 0.1121 -0.5492 0.7658 0.0000 3.2013 6.2298 7.2779 8.4763 5.6382 3.4527 5.7497 0.8287 1.0101 2.1009 3.5348 -1.1288 -4.3298 1.6927 -0.4292 -3.3744 1.7637 -2.0731 -2.2856 -0.2370 -3.8690 1.5587 -1.2109 -0.8613 -14.5283 0.0000 0.1285 -2.0844 -0.5796 2.2817 2.5513 -1.6946 -2.6051 -1.7819 0.7609 -3.6331 -1.8204 -0.8569 -0.6921 -2.1650 -0.5474 0.2253 -3.5443 -1.5873 1.2578 -1.2894 -1.5538 -0.3724 -1.8025 -2.0783 -12.8291 5.5784 23.1514 776.5555 1283.3485 1518.0486 1435.5142 1304.6492 1079.9590 875.2467 879.5004 452.0352 209.2588 206.5326 -98.5995 251.9195 -35.7315 70.0718 62.2163 47.5760 -23.3018 9.0295 -12.7319 3.5096 -0.5460 -2.1208 -13.0707 9.8054 202.2552 1336.9873 2294.8338 2825.4113 2587.3972 2205.8965 1606.5901 1354.2847 760.3005 1006.8159 434.9308 286.1436 445.9164 203.0463 261.0850 25.7083 -33.6473 -14.4437 57.0553 68.1799 -22.9934 -17.8904 -10.8522 7.4094 -98.9740 0.0000 11.8223 60.2849 627.9724 544.0455 837.9739 277.6330 716.4183 404.2816 305.0738 -9.6360 88.2037 -124.6296 -219.5149 -56.9457 -146.3863 -6.1932 -45.4026 1.2153 -41.2030 -2.1119 -10.9967 -30.7343 -17.8514 -2.5365 33.0966 -22.8118 50.3555 443.4694 473.7975 1216.7969 356.1938 868.9145 249.7339 -166.1038 -247.5586 -219.4904 -784.8717 -6.4549 -264.8991 -292.3410 -7.1804 -91.4943 -55.3499 11.2742 -26.5439 -7.3231 114.0103 -29.2493 -112.1819 -44.7908 -282.6289 359.3581 305.4383 72.3794 129.9499 -8.3191 -88.7705 38.0189 -14.2272 43.6961 -5.3321 48.5737 399.6789 416.7757 174.3807 99.7383 79.8767 36.8635 12.9405 -18.6771 26.7605 -22.2231 38.2362 775.3611 403.6730 352.7793 176.5152 121.4511 106.5257 50.8574 64.8634 1.5368 -17.7246 40.9696 
0.0281 6.1094 13.0228 9.7643 11.0577 7.9354 6.6424 4.5005 5.9078 4.3460 4.5803 3.4772 2.5089 2.3151 1.1917 2.0351 2.9213 1.2815 1.4937 1.0681 -0.0886 0.7149 0.0171 0.4573 0.4076 1.1708 0.0035 0.6052 1.4546 1.5434 1.7522 2.0912 2.7029 2.0038 2.8766 2.3821 2.1799 1.1521 1.9746 1.9889 1.3468 1.9976 0.4154 1.0872 1.1050 0.5538 1.3382 0.3229 0.4189 0.0585 0.1575 1.1071 0.0000 1.2168 3.5872 6.2316 6.0171 5.5451 8.7470 5.7780 3.9370 5.1847 4.3803 4.3230 1.6628 1.8013 2.7448 2.2713 0.6744 1.4343 0.0613 0.9416 0.7324 0.3747 0.6589 0.5783 0.2098 -1.7311 0.0000 0.2463 0.8348 0.8998 1.5315 2.3012 1.5219 1.4522 1.2158 1.4637 1.1725 0.7970 0.8804 1.2848 -0.3305 0.4287 0.6825 -0.0365 0.7889 0.4606 0.3206 0.1651 -0.0303 -0.2864 -0.4934 -2.3193 6.2655 14.3936 491.4722 889.3189 1037.2609 994.0919 810.9233 732.8371 538.3622 436.9362 291.1003 213.1162 106.1623 23.1166 75.5269 -0.3567 24.3446 7.5438 10.0880 -10.3556 6.5391 2.6321 5.1984 -1.7208 -3.0891 -2.0727 18.8823 106.5709 923.9830 1461.5932 1745.8722 1623.1704 1298.6737 973.1691 757.7397 587.1579 458.5131 201.9191 87.2084 163.2223 14.7766 77.6704 15.7494 12.8996 -10.5638 45.6843 3.5012 4.2526 -5.9056 -10.1848 13.8594 -20.3176 0.0000 6.0818 77.0230 498.6874 846.0659 923.1984 1013.9774 896.2294 628.2048 526.6562 284.9242 222.4981 82.4384 48.9705 95.4082 -39.6962 -18.1761 -19.0070 2.4870 -14.3325 6.4940 -3.4416 0.5511 -11.6835 -7.6597 -20.3433 -2.0843 41.8207 348.7918 1147.9276 1912.8597 1972.2457 1692.8901 1473.3029 1084.7969 527.5527 278.0628 91.7510 199.4311 21.3519 -92.0149 -22.3138 -0.1126 -53.0506 -5.2687 -20.4060 7.5878 -0.8882 -0.5162 -22.3077 -12.8164 -81.3697 284.9274 191.2405 99.2047 90.0798 30.3822 -0.0559 11.6363 -1.8044 11.8148 -7.9402 7.4949 308.7050 281.4549 140.8332 96.9754 64.7103 23.9590 -4.7352 1.7919 17.9681 15.6358 23.4084 720.8936 277.8594 228.8203 117.6765 105.0832 64.2885 17.7812 25.6046 12.4936 5.7777 36.1982 
0.0432 9.8285 10.8047 11.5244 7.9354 31.4017 8.0312 6.2422 12.2485 4.5965 6.8733 5.7254 5.9812 5.0338 4.3062 3.3722 3.7270 0.9688 2.7763 2.2152 3.0038 2.0774 -0.1958 1.2568 -0.1908 4.8154 -0.0018 -0.3661 1.2790 3.0643 3.2669 3.8371 4.9846 5.0583 3.9170 5.2452 5.7784 2.7733 3.2787 3.5315 2.8957 1.8954 1.8188 1.5924 2.1273 1.0897 1.3058 0.9975 1.5751 0.6715 -0.4535 3.9395 0.0000 1.8930 3.3828 6.0500 9.1048 8.7190 17.6868 10.9297 6.9089 8.3212 8.1927 7.5447 3.7448 3.3225 6.2157 3.6675 0.8526 5.9718 1.6040 0.0988 1.9605 -0.4263 1.7971 1.0086 0.2197 -2.4134 0.0000 -0.0997 0.9104 -0.1238 2.8014 3.0496 0.9548 0.7233 1.2940 2.6159 -0.2904 1.9315 1.9744 2.5220 1.1328 0.7213 2.0378 -0.5992 1.0608 2.0922 0.9896 0.4466 0.8911 0.1587 -0.3598 -5.1388 2.9549 27.2452 558.9126 1145.9196 1488.5051 1253.5919 1188.1983 1009.1256 803.8712 882.8158 503.3235 316.1213 270.8319 50.6452 164.7163 23.9365 40.2118 2.1851 44.1203 1.7869 4.6116 10.5342 -4.5670 -0.1447 -1.9387 -3.1556 12.8671 135.8562 1376.7902 2262.5501 2866.5590 2671.6039 2325.6437 1928.4458 1522.5537 948.7679 903.0581 456.5235 298.5335 462.0198 158.4125 156.5418 86.2249 37.6892 29.1728 51.1319 44.6252 -10.6835 0.7860 1.4866 -21.0199 -65.8552 0.0000 4.9383 33.1488 824.0489 1071.5848 1551.4047 1190.2537 1536.4156 1385.7599 1044.3633 699.6839 600.0072 263.4202 90.1678 112.8899 104.1217 76.2935 -26.8638 74.6619 -18.7013 24.7306 5.5503 -27.8494 -14.0022 -1.8943 18.8611 -12.5062 21.8872 505.5576 1508.6483 3343.9200 3752.1722 4301.8058 2939.5768 2109.5489 1697.8730 1242.6731 401.5331 602.5953 233.1587 -7.4111 215.7909 71.5110 45.2567 75.2864 40.5198 40.9237 116.3630 -13.5302 -71.0887 -17.1911 -114.6034 458.6102 311.6648 141.9030 125.2309 17.5964 -38.8006 34.0209 0.8100 40.5319 -2.4159 29.0793 647.9540 535.3601 262.3440 143.5565 88.0494 59.2182 28.4450 -2.2377 21.8425 -5.2316 33.0537 925.8137 471.2947 401.4220 204.5020 139.3665 113.0846 64.9184 60.6372 5.7958 -4.8161 74.5093 
0.0130 6.2210 9.2704 9.6633 6.6424 8.0312 9.3059 3.5544 8.6248 3.5763 4.2604 2.4740 2.9388 2.5305 1.3878 1.6350 3.3163 0.0314 1.7200 1.4012 0.9292 0.6051 -1.0514 0.7404 -0.2615 1.0631 -0.0015 0.0417 0.7835 1.6904 1.7972 2.6098 3.8820 2.9184 2.7669 3.1662 3.9405 0.9256 1.8450 2.7187 1.8677 2.0680 0.5436 0.8261 1.5842 0.6932 1.1924 0.1451 0.5911 0.1933 0.2115 1.5402 0.0000 2.0260 2.8176 4.9890 6.1409 3.7268 4.9036 5.0695 2.5889 2.8421 4.3998 4.0384 1.1155 -1.3822 3.5831 1.1326 -0.6484 1.8635 -0.2361 -0.2965 0.3616 -1.0665 1.3676 -0.4463 -0.1021 -5.8387 0.0000 -0.1393 -1.0161 -0.0470 1.8854 1.9849 -0.0606 -0.0002 0.1715 1.5702 -0.9239 0.0686 0.5650 0.5611 -0.9241 0.3785 1.0921 -1.4992 0.4329 0.7366 -0.1796 -0.0777 0.0906 -0.7028 -1.1016 -4.9116 5.7908 16.1021 405.8220 807.0369 975.4592 948.9518 765.6126 664.6129 532.6805 587.6981 313.3601 150.0531 138.5354 -42.2430 140.7987 -33.3218 41.2063 26.5037 25.0423 -21.7122 9.2516 -3.1109 1.4823 -2.1304 -2.0710 -11.5051 12.9725 120.1149 839.2141 1506.6070 1848.4871 1740.6992 1439.5484 1107.1958 1005.7472 546.8931 608.1663 262.7355 120.9019 277.7148 80.7301 138.4456 6.9715 -14.1559 -16.3165 45.1751 21.1315 -4.7909 -11.2534 -11.3277 11.9808 -31.9487 0.0000 5.9032 24.5677 389.7548 519.2999 765.8574 636.0734 767.6670 564.1494 392.1153 209.9061 224.5908 20.6632 -60.7847 30.7951 -56.0096 -4.4460 -28.1904 10.4081 -15.4484 -1.3886 -6.8387 -15.3358 -13.4603 -9.9834 7.6464 -12.1490 34.7512 291.9380 687.2808 1584.8211 1413.8502 1621.7583 1196.2634 737.5771 510.3994 250.6349 -137.2411 161.6834 17.1006 -129.7971 -13.8930 -34.2841 -46.7707 19.9529 3.0775 -7.2674 42.3682 -8.2333 -60.1923 -21.2680 -148.4406 265.0895 187.5944 54.5875 104.1720 12.2220 -36.1117 22.2445 -10.5484 30.6098 -5.1156 22.4018 326.6317 309.0535 142.3124 114.5271 58.9701 34.5486 7.6389 -0.5996 22.3816 2.4425 30.1165 633.3975 244.9327 227.4763 140.7591 112.2480 77.6677 30.9849 49.8883 12.3626 -0.5959 44.8257 
-0.0120 1.8183 6.3163 4.6178 4.5005 6.2422 3.5544 6.3048 2.2549 4.3258 2.8390 4.5967 2.7135 2.7587 2.0933 2.4144 1.7325 2.4032 0.8841 1.1670 0.4204 1.2456 1.9599 0.7967 0.9192 3.7089 0.0059 0.5531 1.1411 0.7554 1.1140 1.1898 0.8890 2.4771 2.0044 2.4851 0.9585 1.7953 2.0309 0.8138 0.9622 1.7876 0.9573 1.3304 0.8127 0.8740 1.1098 0.8998 0.6415 0.2714 0.5312 3.4828 0.0000 -0.2888 0.9694 0.6601 3.1242 3.6663 7.0149 2.9413 4.2472 4.0625 3.4968 2.9548 4.2898 3.9904 2.7324 2.7456 2.7271 1.7416 0.9720 1.6101 1.7427 1.6438 0.1768 1.3194 1.1156 4.9903 0.0000 0.3083 1.2601 1.5650 0.7688 1.4584 2.2653 2.1642 2.3612 0.7453 1.9581 2.4480 1.4511 2.1716 1.5665 1.3080 1.0063 1.6775 0.9067 0.9145 1.1859 1.0425 0.7465 0.0357 1.1398 3.3927 1.3638 7.8145 258.0737 567.2112 699.8801 701.1156 644.8534 656.7225 490.6534 295.0536 238.8177 219.9711 128.8518 130.1962 13.3620 81.7793 17.6336 13.6160 6.5194 14.0763 -0.5017 2.3120 5.9387 3.3202 -1.3688 21.2216 10.3054 55.0136 683.1291 1045.3290 1283.5030 1304.0467 1106.5524 1007.0039 671.0204 619.3308 347.9649 289.7582 186.7949 114.0600 50.0485 38.2770 65.6972 67.4183 19.7602 24.2129 11.7379 26.9360 18.4028 7.9182 12.7704 7.8574 0.0000 0.9294 68.5697 355.4388 718.1187 737.0382 933.1532 852.3820 695.2614 556.3541 397.9326 289.1109 224.0705 155.4955 118.5435 93.0997 16.0005 7.8327 11.7217 6.1397 15.9786 5.8613 20.7349 2.1115 1.6616 -5.8855 9.5189 11.9959 244.4689 1014.9310 1677.0427 2149.7798 1889.8243 1692.4523 1409.2830 924.2391 719.1174 656.3832 421.8848 260.9357 172.7054 117.1768 112.9293 28.1490 36.5798 12.2680 26.9382 5.2409 4.9453 38.7810 26.9976 53.3054 268.6521 175.3571 150.8813 89.1203 59.9829 40.0500 0.8123 16.0524 0.3929 -0.0056 9.8913 452.3314 284.7039 216.4212 122.2568 77.7950 30.8822 5.0448 13.1977 13.6112 21.6146 27.7966 569.2808 268.1426 205.7614 82.6424 78.1971 43.2239 20.4772 0.8152 10.5756 16.5585 29.7341 
0.0674 11.5596 9.7406 13.0590 5.9078 12.2485 8.6248 2.2549 16.8085 1.3161 5.9567 0.5385 3.8016 2.8840 2.2732 1.3439 3.7922 -2.1884 2.7761 1.7311 2.6707 0.3840 -3.7354 0.7645 -1.8076 0.0240 -0.0118 -0.7205 0.2965 2.9860 2.4086 4.6982 6.8319 3.9267 3.3372 4.0613 8.1644 1.1737 1.6865 4.9979 3.2001 1.6276 1.1512 0.7397 2.7028 0.5835 1.0732 -0.0840 1.1007 0.2990 -0.7418 0.5230 0.0000 3.9931 4.1981 7.0243 7.7375 4.3550 2.7454 7.9762 1.2264 2.0096 5.3354 5.1549 -1.6955 -4.9451 4.3542 0.2026 -3.3332 3.9716 -0.1987 -2.1296 -0.2953 -3.8453 3.0217 -1.3545 -1.1201 -13.6241 0.0000 -0.6562 -3.0603 -2.4610 2.7366 2.2961 -2.8961 -2.5951 -2.1674 2.9191 -4.0811 -2.1779 0.0503 -0.5364 -2.0929 -0.1960 1.6895 -4.1405 -0.6103 1.8691 -0.9683 -1.3725 -0.0681 -1.0197 -2.2877 -12.0532 4.4032 22.5515 512.1741 941.4234 1158.3838 1062.3716 952.3633 676.4988 586.6226 893.4829 394.0064 100.0989 194.8182 -182.2583 299.5050 -106.7796 65.0190 52.2111 51.5518 -33.5866 14.5125 -8.6029 -5.9518 -0.3901 -1.3062 -44.3626 2.2611 164.7347 1012.7726 1855.8186 2463.4030 2208.1510 1974.3650 1419.8823 1411.2202 545.6863 1012.8413 378.8545 198.7601 533.5122 205.6391 272.7143 10.5672 -79.9495 -17.1267 50.5933 62.1400 -46.1427 -30.1805 -14.8881 -6.6979 -76.9104 0.0000 8.4443 -50.2796 434.2305 206.0172 816.3660 124.9964 748.4541 618.2946 436.4938 133.7185 313.5968 -66.9236 -230.9782 -43.9137 -108.6579 40.7506 -34.1264 37.8350 -36.7010 -6.1795 -13.0420 -58.0581 -22.5782 -7.4171 52.7374 -38.6529 41.8604 319.1395 191.4301 1362.0120 630.6091 1792.2831 839.7934 368.7669 527.1648 292.0166 -647.4704 154.7457 -64.5965 -241.4258 56.5753 -86.2737 8.3165 58.6222 35.1637 1.2308 146.4285 -20.8441 -156.3484 -64.9133 -285.0960 344.9013 311.0260 24.8011 117.6087 -34.8527 -114.5343 57.1677 -27.3035 62.9626 -1.5047 52.5201 435.9757 526.1705 204.0952 135.3167 64.6915 52.0631 42.2219 -18.6036 24.5998 -30.0275 48.2103 659.9829 345.9980 327.1269 213.2400 121.2603 104.9102 56.8293 95.0830 1.6566 -27.5618 67.5247 
-0.0289 0.2315 4.7200 3.3429 4.3460 4.5965 3.5763 4.3258 1.3161 6.9475 1.8912 4.7139 1.9582 2.5946 1.6317 2.2922 2.0522 2.7194 0.5393 0.9538 -0.2658 1.1113 2.5130 1.0588 1.0388 2.8523 0.0078 0.8662 0.7202 0.5074 0.8885 0.8952 0.5080 2.2171 2.0775 2.1648 0.0268 1.1928 2.1780 0.1266 0.6856 2.0833 0.4920 1.5050 0.8242 0.9794 1.1805 0.9107 0.3379 -0.0182 0.9054 3.7370 0.0000 -0.2214 0.0382 -0.5598 2.1467 2.5954 6.9857 1.6422 3.5968 3.5208 3.0814 2.5800 4.3224 3.5590 2.0588 2.8014 3.1727 0.9715 0.4224 1.7403 1.6613 2.0089 -0.0446 1.0845 0.9510 5.5033 0.0000 0.2736 1.2067 1.9154 0.4072 0.9995 2.4100 2.3208 2.6433 0.3338 1.9201 1.8977 1.2490 2.2448 0.6288 1.1382 1.1126 1.4470 0.8224 0.6137 1.4657 1.0535 0.4961 -0.4826 1.1334 3.7214 1.8743 9.8218 166.5690 468.4535 574.9563 635.4433 498.4916 641.8251 434.1239 249.3711 194.5248 194.8478 123.2827 146.6862 -7.2937 87.7820 14.4256 9.6199 -6.7770 11.1346 -2.6835 1.8118 9.8653 6.6832 -3.3969 18.6958 11.8429 48.3743 597.6259 827.0005 1154.0449 1203.8596 991.9201 948.6137 517.3196 622.4234 251.6619 249.6646 119.8475 79.0290 -10.4694 11.6073 60.2954 72.3320 0.7569 29.0758 -1.5341 30.8489 24.8899 2.4289 27.7557 14.0168 0.0000 0.2840 71.5764 316.3972 619.7887 592.2607 921.3557 731.2679 576.7272 449.0381 318.0499 256.6926 224.4125 116.1818 116.7644 88.1528 -21.1925 -2.9186 -12.0170 2.3793 18.4969 1.7575 36.3317 -3.2408 -2.2383 -17.2362 11.8611 10.3622 203.4546 854.9697 1522.0005 2047.5109 1571.3628 1499.5304 1263.4618 687.8119 549.4155 619.8509 355.2693 208.3418 123.3903 35.2794 84.5638 -25.8658 17.0139 1.8479 18.8497 -31.6720 7.3224 43.5264 34.2218 46.3925 236.3279 161.1006 145.0852 105.7428 74.3070 49.0571 -10.3516 12.7058 -7.1701 -2.5913 6.9434 337.4638 232.3342 187.9539 104.8617 62.1013 17.3664 -3.8009 13.2114 15.3792 32.7440 36.2580 583.0761 218.8421 180.9124 45.5078 79.9030 22.5658 2.8309 -9.6489 15.0522 24.0177 21.5084 
0.0528 4.8223 6.0008 6.4579 4.5803 6.8733 4.2604 2.8390 5.9567 1.8912 6.6283 2.4494 2.7130 1.9921 1.7394 2.2387 2.1293 0.7100 1.7616 1.0835 0.6192 0.6176 -0.7373 0.2629 -0.0141 1.6682 -0.0008 0.2709 0.9451 1.6934 1.0466 2.1466 2.8172 2.0903 2.4731 2.2021 3.7474 1.9667 1.7541 2.9953 1.6530 1.3649 0.8924 1.2034 1.5644 0.4632 1.3666 0.3485 0.7780 0.1731 -0.4796 0.7386 0.0000 0.6419 2.4496 2.6314 3.1563 4.3664 6.6297 6.1200 3.0570 5.0586 4.7049 4.4077 1.1166 2.7144 3.0459 2.5899 0.6055 3.0252 0.8659 1.0748 0.9639 -0.1476 1.2213 1.1296 0.4472 -0.8396 0.0000 0.2241 0.5577 -0.2981 1.2106 2.4978 0.5926 0.9759 0.7833 2.4006 0.9728 0.4703 1.2546 1.2761 -0.0263 0.7833 0.8825 0.1972 0.3220 1.2858 0.4164 -0.0376 0.1205 0.1317 -0.2498 -1.9814 3.1984 7.5511 308.0491 590.1687 741.5432 686.9532 704.0212 579.6257 430.1021 361.8347 272.6303 210.5586 109.2102 -6.5208 131.5725 8.7192 30.1667 14.8609 15.0199 4.3650 3.3695 -1.0106 4.6899 -0.9314 -1.0133 -10.5051 7.4550 78.6707 685.2302 1135.4302 1516.2202 1413.6194 1308.1637 954.3319 774.9006 556.8031 620.6664 261.0109 190.4740 235.7378 96.8862 138.8080 36.5007 -3.7858 7.9067 36.9674 33.0838 -12.7763 -10.1628 -1.8550 8.4433 -29.6460 0.0000 4.1464 18.5012 321.7846 500.2463 669.8097 610.8694 772.3031 613.4198 637.9860 345.6977 316.1806 191.2138 76.8641 122.0930 4.7866 43.9842 5.0933 39.6236 -19.6692 12.5858 -0.3892 -12.5477 -3.5079 3.0645 10.5036 -9.5524 42.5134 232.2929 738.0535 1487.2943 1462.3630 1699.6612 1553.4262 1247.6581 864.2528 671.0478 212.0845 409.8975 175.7367 38.6292 140.8902 81.1799 53.5611 43.0815 7.4304 37.9128 71.0357 5.4408 -21.9245 -22.6400 -50.6388 293.4765 221.9574 113.9646 82.8239 18.4586 -17.3969 26.8314 3.1242 17.9340 -2.1023 25.6709 452.4710 376.7988 212.4875 103.8959 81.4544 32.0778 22.2175 -4.3686 14.0171 -2.9302 35.1419 448.8103 221.8463 185.4378 101.2137 68.5580 57.4697 16.9072 24.4794 1.9218 -10.2159 32.4148 
-0.0113 0.9128 4.7563 3.4282 3.4772 5.7254 2.4740 4.5967 0.5385 4.7139 2.4494 7.8151 2.7049 3.4535 2.6398 2.9420 1.4336 3.2769 0.5300 1.0184 0.4066 1.6410 3.0296 0.7693 1.0974 4.2192 0.0091 0.6861 0.9209 0.8649 0.8304 1.1319 -0.0657 2.8080 2.0234 2.7291 0.2944 2.1798 2.3073 0.4105 0.7704 1.7284 1.2003 1.5809 0.6625 0.8297 1.2579 1.3868 0.6501 0.1389 0.2601 3.3126 0.0000 -1.0921 -0.3814 -2.7904 1.3053 2.7181 6.0817 1.3367 3.0983 3.2326 2.4266 1.9374 4.4807 5.0810 1.2013 2.7917 2.9736 1.1960 0.4166 1.6070 2.0039 1.8595 -0.8661 1.8577 1.1775 5.5059 0.0000 0.5268 1.3548 1.7330 0.0710 1.0143 2.4079 2.0631 2.2605 -0.2748 1.9462 2.3837 1.1591 2.6516 1.7148 0.8792 0.2078 1.9504 0.3126 0.8162 1.3751 0.7051 0.8271 0.0145 1.7474 2.8996 -0.7721 5.5711 184.5112 452.9847 580.6360 644.6151 621.6972 695.1717 510.6273 200.9032 193.8659 239.9413 116.5432 167.0357 -29.2279 123.6232 9.7986 14.1226 -1.3742 19.9095 -7.0039 3.8328 8.3704 6.7615 -2.5136 33.5129 10.7032 37.7646 649.4307 923.2336 1238.0889 1288.7543 1140.7922 1083.0912 557.1838 676.4970 277.5896 293.4617 193.0310 62.4046 18.4806 0.5911 82.1436 92.1169 17.7007 11.6942 8.9212 29.3797 26.6609 13.0280 10.3245 -12.8729 0.0000 -0.8989 75.6496 306.8419 633.0097 511.0143 730.2021 667.9463 533.6053 452.7187 276.4935 195.5726 184.5353 143.1551 96.5006 97.2808 -9.5835 -6.3805 -10.9439 -8.7615 17.4838 6.1176 32.6248 3.8882 5.9703 -11.8791 15.3435 4.0719 194.8286 827.4118 1317.2806 1865.9467 1483.7407 1290.0164 1192.9088 597.6696 542.1505 626.8603 318.3080 141.7278 135.0612 85.0526 103.7848 -9.1230 -1.6754 -18.9015 18.4216 -14.8179 -7.7606 57.0837 33.4289 63.7999 261.0792 148.1393 159.6193 84.6864 67.9059 54.3477 -8.9122 21.6181 -9.1868 -0.8495 2.9977 422.1780 207.0934 196.0755 91.5689 73.5758 14.8438 -4.9083 9.4646 8.8233 27.7259 23.3935 554.3292 253.8532 226.6023 50.2291 72.8626 36.4460 17.3775 -16.6557 4.8286 19.5717 20.8967 
0.0109 2.4713 2.9326 4.2167 2.5089 5.9812 2.9388 2.7135 3.8016 1.9582 2.7130 2.7049 4.1689 2.1642 2.0709 1.7091 1.2906 1.0086 1.1338 1.0914 1.4130 0.9458 0.4629 0.6257 0.2689 3.3086 -0.0003 -0.0562 0.6777 0.8350 0.9945 1.5601 1.6650 2.1843 1.3583 2.1672 2.2589 1.5982 1.4581 1.5911 1.1743 1.0943 0.9355 0.9067 1.0110 0.5978 0.8540 0.6343 0.8514 0.4555 0.1939 2.9445 0.0000 0.0747 0.9018 0.7874 2.8156 2.7602 4.1948 3.3963 3.0264 2.7983 3.1825 2.8469 3.0121 1.9758 2.9741 1.8168 1.2063 2.3352 1.1061 0.7248 1.3582 0.3172 0.7803 0.7534 0.6276 1.7115 0.0000 0.0949 0.4238 0.4864 0.9885 1.2192 0.7260 0.8091 1.3984 1.1858 0.6275 1.7130 1.2453 1.2751 1.5258 1.0702 1.0382 0.9258 0.5691 1.1389 0.5942 0.6478 0.7542 0.4104 0.3977 1.5375 -0.1733 5.0291 179.6971 398.2398 516.4928 494.1871 537.5509 464.4614 393.3759 330.5576 231.4479 162.8466 127.3346 52.1312 69.3533 42.1880 25.5513 23.0846 20.8257 6.4676 1.5142 1.1403 -0.0461 0.3670 0.9689 8.8671 2.9089 50.7443 492.7390 881.6883 1031.5073 1050.9515 943.2331 830.4603 710.0018 456.0849 416.1829 259.2552 204.9043 175.8070 122.7163 86.2844 54.0911 30.5968 27.8057 19.0038 27.3293 10.8946 8.3754 10.1949 1.5327 -2.7107 0.0000 0.9630 16.4051 236.1237 415.2974 549.8533 502.0086 667.5053 601.6694 456.7705 362.9745 284.2289 185.6519 99.5498 72.5088 85.7473 52.2907 11.2777 36.9540 10.4891 6.2485 6.0711 -1.3412 5.8833 3.6361 23.9869 0.4053 5.8755 177.6773 600.5330 1215.9309 1405.5949 1615.1818 1311.1270 996.1497 877.1561 702.8983 424.8867 402.9265 261.2260 158.4359 179.0982 102.1133 68.6122 58.2632 40.2658 27.0367 59.1248 9.3412 5.4283 7.8826 14.8818 230.7587 167.3814 102.2297 64.7913 22.3401 2.5281 14.3082 7.5186 14.2035 1.9441 17.1948 422.8833 291.3706 184.1858 104.8444 60.2456 33.9911 19.6164 7.5012 11.1951 1.4729 23.2382 391.7929 264.3346 187.7618 97.3285 59.6781 50.1153 31.5089 19.2617 3.8198 -0.1437 27.1107 
0.0042 2.2920 3.6348 3.7409 2.3151 5.0338 2.5305 2.7587 2.8840 2.5946 1.9921 3.4535 2.1642 3.9099 1.9705 1.7760 1.4754 1.2803 0.9500 0.9289 1.0911 0.9910 1.0538 0.7575 0.2627 2.8659 0.0013 0.1987 0.3986 0.8991 0.9554 1.3449 1.0994 2.3314 1.4664 1.9855 1.6572 1.3844 1.5318 1.1875 1.0551 1.1231 1.0105 0.8696 0.8986 0.6803 0.8039 0.7726 0.6704 0.2410 0.2016 2.7755 0.0000 0.2948 0.5285 0.2390 2.2094 2.3193 3.2014 2.2159 2.4061 2.1842 2.6600 2.3049 2.8377 1.8470 2.0239 1.7564 1.4886 1.8688 0.9814 0.7445 1.2528 0.6054 0.6583 0.8267 0.6093 2.6897 0.0000 0.0163 0.0991 0.4100 0.8318 0.7157 0.7254 0.7886 1.4334 0.8456 0.4358 1.4782 1.0611 1.6296 1.0403 0.8891 0.9413 0.6597 0.4832 1.1423 0.8411 0.4994 0.7150 0.0599 0.8676 1.4675 -0.8306 6.8954 174.6591 379.9296 468.6388 480.9475 461.8280 457.4118 349.8158 287.4369 187.3769 142.7411 117.8751 71.9379 51.0890 51.5148 20.9963 22.2017 11.2400 11.1427 0.2123 0.4497 1.5985 4.6524 -0.8211 7.1082 2.7152 41.0879 483.7766 724.0100 987.6237 987.2678 890.1819 809.0370 575.7898 454.5365 336.1895 262.3144 184.0116 162.8299 79.6858 60.3237 68.4441 42.7453 20.4917 21.7060 19.8166 13.7905 13.9446 10.3247 4.5390 2.2777 0.0000 0.3659 21.4389 224.7204 343.0126 434.2285 415.7475 515.7275 471.7163 357.5735 238.1907 235.6603 135.3131 68.9705 63.7780 82.1515 28.1840 6.9535 14.8798 2.1511 12.3532 2.8866 8.9837 -0.0805 2.4972 15.2287 1.5073 1.0280 148.9754 440.2293 935.4415 1133.0072 1263.6217 959.6154 819.8178 636.5574 543.7712 399.3959 320.3938 197.1639 138.1511 135.9370 90.4731 50.5509 50.7180 35.2476 26.2933 28.8509 5.1354 12.6370 15.3694 24.4862 240.5927 190.4979 116.2164 77.4167 35.6650 13.1877 8.0106 7.9190 7.6268 2.1858 14.1548 421.7176 318.0542 213.5754 116.5456 61.7013 27.9399 17.6566 6.9919 11.6563 10.4337 31.0513 434.5278 247.7897 195.3248 81.2941 60.8096 35.5460 25.1442 13.6017 5.6540 6.1719 32.4014 
0.0145 2.0450 2.6535 2.4634 1.1917 4.3062 1.3878 2.0933 2.2732 1.6317 1.7394 2.6398 2.0709 1.9705 2.8463 1.3077 0.5365 1.1467 0.7243 0.7678 1.3468 0.9421 1.0341 0.5858 0.1308 2.6725 0.0004 0.0127 0.2433 0.8902 0.7982 1.2409 0.8780 1.8031 1.0365 1.6659 1.5749 1.4961 1.4179 0.8539 0.9664 0.6616 1.0775 0.8592 0.7921 0.5239 0.6092 0.7686 0.7054 0.2691 -0.0387 2.3847 0.0000 0.1019 0.4177 -0.2620 1.6807 2.0135 1.8180 1.8540 1.8948 1.5829 2.0275 1.5877 2.2294 1.9738 1.5016 1.4154 1.2765 1.8138 1.0181 0.5606 1.0968 0.4790 0.4430 0.8384 0.4820 2.7290 0.0000 -0.0088 0.2226 0.1737 0.4517 0.4482 0.4000 0.5336 0.7414 0.7390 0.2493 0.9008 0.7989 1.2467 1.2759 0.5652 0.7437 0.6914 -0.0052 1.1342 0.7790 0.2698 0.6947 0.2534 1.0431 1.5879 -2.5537 3.7807 142.1763 291.7018 348.6641 366.2440 411.0302 364.0811 297.2759 224.8704 145.0721 118.9944 101.7148 62.2324 41.3691 49.8615 13.1630 24.2355 10.3328 13.0887 -1.2532 0.4168 -0.6647 5.7390 -0.2934 5.8970 -1.5157 28.6418 422.6767 583.5870 803.0224 776.1934 749.8161 683.4534 469.7789 349.9281 269.8340 227.0686 154.9038 132.7817 77.3074 45.7060 65.8380 35.8425 22.6764 7.9836 20.5568 8.6813 13.3230 13.1492 -2.6220 -0.3942 0.0000 -0.6291 10.6344 176.1923 258.9548 346.5042 265.2558 417.7742 408.4469 307.6844 195.4977 208.0977 107.9830 50.3334 38.4439 81.5119 30.0093 9.2027 14.2378 0.7480 8.0481 2.9828 4.5203 3.2040 5.6080 20.2935 0.4808 -3.7069 115.1616 335.9474 679.6758 855.7188 1066.0675 720.4693 653.2465 549.7057 486.2019 344.1083 258.5643 160.6577 140.3431 132.5535 81.0950 56.0574 38.2186 33.3573 24.9460 31.8175 1.3374 7.6349 10.8670 32.8265 169.2497 128.8449 81.6986 42.5076 20.9320 9.8590 9.2096 7.7629 6.0785 3.5297 10.3733 298.4598 214.2183 148.3549 71.1302 40.0110 16.6940 17.2648 2.0017 3.7093 5.3414 23.9224 267.1593 184.0466 153.3518 51.3496 32.8354 22.4940 21.7645 8.1596 -0.8545 1.4950 22.3320 
0.0045 0.9515 2.6369 2.5804 2.0351 3.3722 1.6350 2.4144 1.3439 2.2922 2.2387 2.9420 1.7091 1.7760 1.3077 2.7716 1.0861 1.4578 0.6349 0.7134 0.2143 0.7301 1.0528 0.4579 0.4880 2.4185 0.0032 0.4489 0.7150 0.5162 0.3243 0.7682 0.5359 1.5172 1.2565 1.5309 1.1421 1.2709 1.2347 1.0077 0.6449 1.1688 0.6598 0.9392 0.7365 0.5658 0.8475 0.5516 0.3787 0.0923 0.1255 2.0507 0.0000 -0.4615 0.4168 -1.2065 0.5927 1.7360 4.1132 1.5814 1.9292 2.3575 1.6451 1.7345 2.2649 2.7397 1.2975 1.7565 1.4642 1.3082 0.4270 1.0768 1.0391 0.7471 0.2291 0.9152 0.7906 2.7732 0.0000 0.3295 0.6711 0.7582 0.2744 1.0363 1.0645 0.9919 1.2320 0.4606 1.0985 1.3084 0.7907 1.2883 0.7562 0.8486 0.4900 1.0751 0.2975 0.7420 0.7259 0.5165 0.3950 -0.0422 0.7152 1.5565 0.5470 3.8074 103.2447 251.0131 340.7937 362.4192 379.3647 402.1607 308.1136 157.1782 147.1744 161.0805 79.1655 74.8382 28.9072 58.0112 14.3381 11.0754 6.7110 16.4646 -0.9587 -2.1001 6.3708 2.8936 -0.6627 12.7269 4.0559 27.7366 339.2450 528.7062 742.1748 782.8759 729.5973 641.3108 407.4124 426.3017 306.3200 201.8632 157.9650 104.3924 54.1762 55.2135 52.4500 36.0152 14.8055 22.4187 18.7725 15.4836 12.4492 6.8825 11.3323 -2.2586 0.0000 0.8312 33.7383 163.9101 317.2556 292.4383 390.9926 410.6082 334.8710 341.6810 223.7369 172.5066 169.1546 102.8560 86.1010 60.8094 21.8874 8.2017 11.8103 -3.6644 15.8299 2.0154 14.6743 1.8931 3.5992 3.3653 4.7312 10.6772 113.2332 396.6471 743.7474 951.4305 894.0242 892.2686 772.3953 499.8017 443.0910 388.7597 305.3812 161.7908 120.3131 118.4891 86.0785 42.5567 28.3958 7.0261 23.4521 24.0347 3.6581 27.7798 15.7358 34.9995 187.4537 134.8751 112.2934 61.2181 39.2364 22.4317 5.1999 10.8162 0.0934 0.4627 11.4500 343.0519 228.7498 170.8246 89.3373 65.7716 21.3220 7.7738 4.4802 9.7667 8.0771 26.1471 292.8248 156.2129 121.5562 41.7253 41.5286 27.6111 8.8400 -3.8357 3.6394 3.7929 13.3653 
0.0030 2.2413 3.0523 4.0291 2.9213 3.7270 3.3163 1.7325 3.7922 2.0522 2.1293 1.4336 1.2906 1.4754 0.5365 1.0861 3.1471 0.0971 0.8740 0.7088 0.2424 0.2559 -0.3636 0.4685 -0.0092 0.7091 -0.0005 0.1650 0.3902 0.6060 0.6995 1.1149 1.7536 1.4232 1.3698 1.4005 1.8897 0.3755 0.8357 1.5611 0.8680 1.2352 0.1901 0.5079 0.9043 0.4419 0.6945 0.0363 0.2740 0.0603 0.2970 1.2328 0.0000 0.8078 1.1521 1.7374 2.2361 1.6194 3.4146 2.6018 1.5267 1.9305 2.3401 2.3476 1.0308 -0.1069 1.9433 1.0146 0.1180 1.1385 0.0708 0.2716 0.3266 -0.2031 0.9186 -0.0950 0.1188 -1.4772 0.0000 -0.0178 -0.2604 0.1068 0.9922 1.1195 0.1737 0.2185 0.6209 0.9143 -0.0856 0.4633 0.4676 0.5176 -0.5157 0.5229 0.6747 -0.3486 0.4510 0.5066 0.1675 0.1744 0.0221 -0.4217 -0.5198 -1.3617 3.1813 7.8223 138.5615 312.4430 398.8115 397.2713 318.5319 311.7925 236.7785 262.4296 147.9412 84.5778 74.9247 -7.1848 71.9402 -9.0823 22.0831 12.9595 12.4450 -4.6790 5.0493 -1.8682 3.0276 -0.1093 -1.0757 -5.3551 5.7560 52.2762 336.0200 617.1094 823.2992 807.6322 688.6761 543.0541 476.3895 311.8707 337.6579 144.5729 77.8393 153.9145 48.4821 83.2072 14.5714 -3.4694 -2.3023 31.3714 12.7837 1.0131 0.2506 -6.1792 13.2572 -6.6582 0.0000 2.8799 10.2542 172.4139 227.5230 339.2299 334.5854 382.5241 293.3884 240.6618 147.7192 148.9301 78.4734 1.1234 42.8240 -5.9547 10.6581 -4.6790 10.5317 -3.8093 6.8557 -2.8946 -1.5277 -6.9975 -4.8206 4.9466 -5.7058 18.7858 126.0181 301.5234 803.2944 789.8294 864.0306 750.0968 520.8598 379.4933 251.0693 53.6503 187.6542 84.3542 -13.1371 34.1178 7.7250 3.3202 24.2226 10.7536 7.1534 28.9464 4.3364 -21.4098 -4.2396 -51.6752 161.3197 133.6566 56.4388 67.8652 17.9898 -12.3744 10.7243 -4.4148 13.2306 -1.7680 16.0481 248.5816 235.4711 124.8227 88.4628 46.3703 24.9210 7.8311 2.0634 14.4555 2.8412 24.8863 309.7918 124.8728 105.5084 64.8944 56.6065 33.8216 11.3915 20.1487 6.9573 0.1377 22.4049 
-0.0157 -1.7458 1.0124 -0.6587 1.2815 0.9688 0.0314 2.4032 -2.1884 2.7194 0.7100 3.2769 1.0086 1.2803 1.1467 1.4578 0.0971 3.6924 -0.0299 0.3584 -0.1907 0.9415 2.5010 0.3389 1.0849 2.6022 0.0074 0.6088 0.5024 -0.0805 0.1357 -0.1906 -1.0633 0.8650 0.6656 0.8263 -1.2732 1.2998 1.3850 -0.4772 0.0020 0.9021 0.5468 1.0771 -0.0037 0.4457 0.7016 0.8659 0.2610 0.0878 0.3540 2.3691 0.0000 -1.3833 -0.8351 -2.3539 -0.4312 1.2896 3.5018 0.2722 2.3595 2.5699 1.3527 0.9702 3.4102 4.7573 0.7338 2.2355 2.9679 0.4790 0.8465 1.8763 1.4861 2.3057 -0.6677 1.6537 1.1238 7.2902 0.0000 0.4261 1.4400 1.4887 -0.5197 0.4893 2.2962 2.2336 2.1346 -0.0317 2.5431 2.3247 1.1681 1.9142 1.9542 0.9017 0.3861 2.4391 0.7057 0.4110 1.2759 0.9999 0.6105 0.5228 1.5805 5.5713 -0.8916 -2.0970 22.8622 104.3455 131.8507 208.2229 211.2618 295.2618 210.0942 -35.4336 61.7082 145.8483 36.8098 135.8232 -67.7556 87.1547 -5.9031 2.0546 -9.6506 17.7502 -4.0384 5.5474 5.7875 4.4133 -1.1913 26.1734 7.3101 -7.3180 211.0256 220.8506 290.9090 380.4463 351.0187 409.7656 136.9493 354.4914 25.0359 131.5710 98.8278 -44.7355 -16.4270 -39.0832 54.0331 71.8887 20.5947 6.0585 -8.5525 29.2113 22.1993 11.3096 8.7759 20.8324 0.0000 -2.0410 53.0835 101.9339 408.9968 234.1374 555.2219 386.5618 327.6377 311.4028 250.8066 151.8221 180.9559 181.6188 106.0802 99.7075 1.5867 16.0102 -5.3999 10.0501 12.1077 6.2665 31.4468 6.9940 4.9114 -16.0525 15.5291 -1.1960 69.0486 572.0797 718.6790 1275.5847 850.7453 973.5659 998.0685 566.5556 501.9239 692.5594 312.4967 218.3186 203.4751 93.3929 111.4849 25.3541 6.6845 0.6231 24.3206 -31.7601 12.5245 68.1661 33.0809 116.4340 146.5239 76.7032 121.8285 44.5957 57.4751 64.6508 -9.2177 17.6291 -15.0092 0.3747 -5.9674 285.7780 133.3599 147.3074 77.4996 56.8684 12.7766 -0.7145 14.0663 4.1509 26.7017 18.0211 253.1003 114.9837 90.8961 7.1959 32.0292 8.5235 2.2091 -24.0293 4.2507 16.7388 7.1719 
0.0239 2.0082 1.7943 2.3593 1.4937 2.7763 1.7200 0.8841 2.7761 0.5393 1.7616 0.5300 1.1338 0.9500 0.7243 0.6349 0.8740 -0.0299 1.5304 0.4073 0.6085 0.2230 -0.5207 0.2453 -0.1104 0.8410 -0.0023 -0.0016 0.1444 0.6404 0.5541 0.8679 1.3183 0.8427 0.8133 0.7104 1.6826 0.6748 0.6657 1.2773 0.7544 0.4327 0.3765 0.4001 0.7107 0.2020 0.4595 0.1432 0.3930 0.1482 -0.0597 0.8356 0.0000 0.5618 0.9238 1.7983 1.6050 1.6810 2.0592 2.6656 1.4000 1.9789 2.1624 2.0492 0.6137 0.6010 1.7314 1.0647 0.3205 1.5439 0.8223 0.4490 0.5065 -0.0618 1.0282 0.3631 0.1423 0.4845 0.0000 -0.0625 -0.0640 -0.3384 0.6969 0.8224 -0.0215 0.3168 0.4971 1.3666 0.2611 0.2942 0.7493 0.5925 0.2365 0.5716 0.7725 0.1498 0.4903 0.7591 0.2681 0.1624 0.1942 0.2778 -0.0965 0.1367 0.7125 3.4158 112.8816 215.5697 264.4416 230.8277 226.5359 174.6866 137.7100 183.0116 118.0809 65.9612 57.3488 -9.1951 70.1857 -5.8427 16.9035 7.0385 8.2492 -0.2566 2.8871 0.9136 -0.1479 -0.5169 0.1531 -9.4309 1.3760 27.4567 224.5646 387.2410 514.4857 490.7814 445.6293 333.8212 331.8110 198.9713 249.6312 114.6833 89.7627 121.0687 64.2576 67.6817 20.8190 -1.8509 9.7866 19.3243 15.0248 -4.4598 -3.5818 1.4453 2.3369 2.1705 0.0000 1.4722 -6.5696 109.6082 130.1031 269.5955 211.0561 303.2988 285.5783 254.6348 180.3876 176.4558 95.5131 43.5519 56.7053 26.7703 34.6870 10.8567 26.1905 3.3655 4.6254 1.9356 -7.3172 -1.0730 1.0507 13.8132 -5.3203 10.3227 81.0416 224.9669 546.6530 514.0672 742.2669 649.9233 503.2643 475.3891 375.9679 148.1376 230.8776 148.6421 67.1567 104.2382 55.4211 48.5657 44.5001 33.4624 23.9341 38.2926 12.9626 -12.9749 -7.1966 -8.1076 144.4162 124.4350 52.9166 44.4129 6.4083 -9.7018 14.7877 -0.2009 10.9326 0.5541 13.4806 246.8128 225.8979 125.9202 68.1037 36.6343 21.9601 20.4111 2.3740 8.9749 -1.1192 22.0099 193.4151 120.4173 84.9612 57.3170 32.2337 24.0499 11.7676 18.9239 2.7148 -4.8741 20.4371 
0.0003 1.1592 1.7682 2.1743 1.0681 2.2152 1.4012 1.1670 1.7311 0.9538 1.0835 1.0184 1.0914 0.9289 0.7678 0.7134 0.7088 0.3584 0.4073 1.5299 0.5830 0.2813 0.1767 0.3244 0.1179 1.3858 0.0000 -0.0029 0.4561 0.3065 0.3912 0.6879 0.7435 0.9839 0.6038 1.0724 1.2085 0.5586 0.7793 0.7470 0.5359 0.5777 0.4013 0.4175 0.5081 0.3355 0.2951 0.1618 0.3537 0.2176 0.2608 1.4950 0.0000 0.2109 0.6503 0.5025 1.1346 0.9930 1.4828 1.2800 1.3262 0.9877 1.3031 1.0690 1.3140 0.5062 1.2803 0.6791 0.6328 1.0107 0.4995 0.2722 0.5957 0.1523 0.5184 0.1705 0.2854 0.9806 0.0000 -0.0034 0.0837 0.2383 0.5158 0.5304 0.3459 0.2925 0.6486 0.5184 0.2142 0.7895 0.4669 0.4321 0.5131 0.6751 0.6417 0.2444 0.3287 0.5598 0.2798 0.2940 0.3099 -0.0428 0.1329 0.9549 0.0408 1.9709 77.4289 173.6013 223.1584 202.3741 222.2156 196.7622 154.4085 141.0955 88.9506 49.9234 60.6569 24.8552 34.1858 16.8375 12.1110 14.5116 8.9759 4.4797 1.3006 -1.0833 0.6730 0.8525 0.6886 3.1839 -0.5910 27.0666 221.6187 375.7547 452.5198 443.6243 402.8572 348.5176 291.5010 185.4954 192.2513 130.2202 96.9942 82.0341 60.2137 48.1701 22.9871 13.1880 14.0080 6.4412 15.4083 2.9937 5.8573 1.6941 4.6222 3.3450 0.0000 0.6062 9.3926 104.4721 151.0500 235.0124 210.1022 274.0105 241.1120 186.5149 140.9068 115.7719 85.9096 26.9387 25.8544 30.7794 24.5009 10.7009 15.5232 6.6044 4.5960 1.2976 -0.3294 2.0455 1.4714 9.9620 -1.6295 4.5309 78.6024 256.2489 504.4346 579.0571 643.9321 535.9897 420.5173 381.7621 315.4887 181.8435 188.0702 130.2945 82.3170 72.7492 42.8267 39.9624 32.7396 18.6688 16.5752 30.6028 5.9953 1.5437 5.3602 8.4507 99.3431 89.0528 53.1415 34.8512 14.4999 -0.1348 5.2031 4.0371 5.6585 2.6477 14.3308 209.7126 158.7993 102.3297 56.2062 29.0297 19.8536 12.0272 4.0999 5.1573 -0.7951 14.0317 176.4446 125.7862 84.1962 49.5542 28.5074 17.8068 14.8520 7.3439 2.5998 2.9008 14.9177 
0.0194 2.0119 0.7257 1.7473 -0.0886 3.0038 0.9292 0.4204 2.6707 -0.2658 0.6192 0.4066 1.4130 1.0911 1.3468 0.2143 0.2424 -0.1907 0.6085 0.5830 2.8951 0.3750 -0.2205 0.3248 -0.3394 1.3224 -0.0040 -0.4349 -0.1355 0.5965 0.6952 1.0435 1.1382 1.0835 0.2361 0.9409 1.8133 0.6671 0.7823 0.8935 0.7902 0.0316 0.6878 0.2355 0.5545 0.1748 0.1455 0.3054 0.5987 0.3269 -0.0521 1.4555 0.0000 0.6097 0.6773 1.1593 1.8070 1.1874 -0.5088 1.8241 0.8500 0.2777 1.4880 1.0342 0.8555 -0.2497 1.3417 0.3627 0.0742 1.5612 1.0389 -0.1920 0.4930 -0.3148 0.9042 0.0451 -0.0408 0.1968 0.0000 -0.2711 -0.4603 -0.5162 0.6923 0.0593 -0.4930 -0.3911 0.0300 0.8527 -0.6745 0.4813 0.4546 0.2865 0.9716 0.3523 0.7618 0.0425 0.0653 0.9123 0.2447 0.0464 0.5519 0.4859 0.2572 0.4205 -2.5443 1.5650 82.1927 140.3632 148.9725 141.6937 196.8471 102.6146 121.9069 193.5146 84.4050 20.1260 72.6411 -4.5281 55.7289 -2.3359 12.2379 26.0130 17.2552 0.8298 3.0307 1.8904 -5.9482 2.8435 1.2520 -5.0172 -5.2617 20.8355 205.5835 320.2552 384.0492 347.8766 360.9327 321.5234 351.4665 112.5199 197.2495 137.3457 106.5625 132.0635 97.9554 54.6182 37.3828 3.1349 24.7723 2.9103 17.7871 -3.5089 5.6536 8.0387 -11.1996 4.8555 0.0000 -0.3767 -22.4901 73.3170 35.0425 199.8981 -12.4299 213.4346 264.4158 141.7876 117.5818 155.7059 36.2645 -4.2005 -11.2965 53.7332 45.3994 14.5124 22.4794 11.2741 -1.1644 1.4267 -11.4330 2.2329 2.8783 30.7344 -7.1457 -8.7487 62.6606 84.7097 317.4139 314.1075 713.2582 319.1615 259.8710 431.8466 365.4805 131.2720 178.2470 141.5987 102.5674 123.0881 38.7528 72.3827 43.9260 50.6593 17.9796 49.4246 9.2069 -20.5943 -3.7258 5.8472 95.3095 83.5260 20.1864 18.0684 -5.8483 -14.9846 15.5469 -1.8529 14.2740 4.8301 12.4551 199.6524 173.6071 90.8012 56.9309 19.1611 21.3533 25.0385 1.1452 1.9661 -6.5574 16.6883 105.1525 135.5238 106.4842 60.9481 23.2049 21.7802 29.8687 21.9476 -4.0184 -5.5711 23.5654 
