0.12099912100786142 0.08835988609453653 0.0658272902963581 0.04722723794806529 0.028737521380095638 0.021844700536876566 0.020115979410358233 0.010357902777364118 -0.0008487006426662799 -0.0016382807004325477
0.08835988609453653 0.08607306807133117 0.06118835856621143 0.04586305901848118 0.02854730160910444 0.01936850922897721 0.019473070256379982 0.010829346069502721 -0.000702884749875981 -0.00637891905365274
0.06582729029635809 0.06118835856621143 0.05190672779503113 0.03730047024297196 0.02214488300436248 0.014452126842331029 0.017664092468366213 0.012340021237724706 0.0030415708143838108 -0.002398995567496388
0.0472272379480653 0.04586305901848118 0.03730047024297196 0.03498977222587077 0.02255575158387758 0.016667136348360326 0.015859537768323613 0.011120150312478724 0.004529121678765969 0.0009139681503623879
0.028737521380095634 0.02854730160910444 0.022144883004362483 0.022555751583877588 0.024293242171283234 0.020304481342481178 0.012377482483066053 0.004035286938883743 0.0005386911278816304 0.00046713514803316914
0.021844700536876573 0.01936850922897721 0.014452126842331027 0.016667136348360326 0.020304481342481178 0.028067340833352498 0.017595128855095832 0.004823802376521546 0.00023481355286384157 0.003471100615631151
0.020115979410358233 0.019473070256379982 0.01766409246836621 0.015859537768323613 0.012377482483066053 0.017595128855095832 0.031560986439313994 0.02645744441090232 0.021218986949563288 0.0143537822037509
0.010357902777364118 0.010829346069502721 0.012340021237724706 0.011120150312478724 0.004035286938883743 0.004823802376521546 0.02645744441090232 0.04782374028228881 0.04652891422950961 0.030535080226058803
-0.0008487006426662799 -0.0007028847498759809 0.003041570814383811 0.004529121678765969 0.0005386911278816304 0.00023481355286384157 0.021218986949563288 0.04652891422950961 0.06259821546936661 0.04516214634948171
-0.0016382807004325475 -0.0063789190536527405 -0.0023989955674963877 0.0009139681503623879 0.00046713514803316914 0.003471100615631151 0.0143537822037509 0.030535080226058803 0.04516214634948171 0.06394109311888731
