      0.0520	      0.0930	      0.1295	      0.1134	      0.0379	      0.0883	      0.0055	      0.0570	      0.0458	     -0.0028	      0.0679	      0.0212	     -0.0457	      0.0069	      0.0055	      0.0182	     -0.0173	      0.0228	      0.0365	      0.0027	      0.0226	     -0.0289	      0.0102	      0.0072	     -0.0278	     -0.0425	     -0.0001	     -0.0001	      0.0014	      0.0021	      0.0099	      0.0422	      0.0025	     -0.0186	     -0.0109	      0.0301	      0.0549	     -0.0302	      0.0105	      0.0339	     -0.0042	     -0.0216	      0.0101	      0.0030	      0.0139	      0.0106	      0.0085	     -0.0209	     -0.0017	      0.0092	     -0.0310	     -0.0816	     -0.0336	      0.0942	      3.6457	      6.2048	      0.5358	      2.5312	     -1.4490	      1.2864	      1.4592	      6.8177	      2.8710	      4.8401	      3.0806	     -0.6201	      4.1350	     -0.2202	      1.6716	      0.7618	      0.8176	     -0.0061	      0.2000	      0.1873	     -0.3305	     -0.0183	      0.2214	      0.2655	     -0.2386	      1.0670	      7.8399	      3.9785	      7.1469	     -6.0168	      5.0452	      0.1299	      1.3829	      4.3650	     11.0176	     -1.4659	      6.4373	      5.0295	      3.1068	      5.8479	      1.8049	      1.3602	      1.2355	      1.3312	      1.6788	      0.9448	      0.3302	     -0.8697	     -0.9410	     -0.8220	      1.5064	      1.7966	     -0.1680	      0.2767	     -0.5197	     -0.8071	      0.5972	     -0.1539	      0.1973	      0.0300	      0.4255	      1.5016	      3.1750	      1.1136	     -0.0764	      0.2936	      0.0600	      0.7593	     -0.3023	      0.0329	     -0.3411	      0.6765	     -1.5158	      0.6296	      0.9061	      0.4234	      0.0600	      0.1692	      0.0379	      0.3410	     -0.2687	     -0.5531	      0.2675
      0.0930	     17.7752	     17.7531	     18.7515	     12.0089	     12.8531	      6.6771	      6.7161	     10.7474	     -0.1677	      6.1588	      2.8570	     -1.8732	     -3.4359	      2.1716	     -0.5678	     -2.3857	      0.2565	      0.3206	     -2.1615	      0.9237	     -3.9617	     -0.5703	     -0.8947	     -3.4910	    -17.5336	     -0.0087	     -0.9190	     -1.5176	      0.6505	      3.7710	      5.4059	      1.7341	     -1.5073	     -0.2584	      3.8295	      2.3302	     -3.6358	     -0.4343	      2.5850	      0.1446	     -0.8675	      0.8037	     -4.1240	      0.1221	      1.2288	     -0.8721	     -1.9130	     -0.1354	     -1.2623	     -3.3529	    -17.0576	      2.5738	     30.6733	    633.4866	   1374.2769	   1154.9219	   1405.6077	    523.1201	    816.8742	    575.7568	    738.2868	      7.8964	     28.7034	   -188.5276	   -492.1448	    149.5906	   -253.6433	     40.2906	    -21.9705	     41.9979	    -87.9143	     -6.2487	    -14.6851	    -56.2917	    -22.6389	     -3.6630	      5.8648	     -4.1452	    172.1557	   1156.1536	   1310.9218	   2265.6284	    927.0670	   1687.9212	    356.5060	     74.0349	   -315.2047	    237.9565	   -871.6177	   -149.4834	    -25.2932	   -269.6401	    134.3088	   -139.8119	   -136.4127	    -25.1179	      6.9600	     46.4427	     56.6374	    -71.7825	   -161.5390	    -93.2978	   -408.6275	    280.4923	    255.4906	      6.2624	     90.2077	    -45.5311	   -110.1931	     44.4952	    -19.3731	     46.4398	     -4.1977	     39.5412	    237.2827	    345.5714	    113.2131	     35.9984	     30.3161	     21.0661	     24.1543	    -24.9264	     15.8382	    -23.5947	     29.5204	    443.9064	    190.1189	    232.2953	    106.1188	     57.2876	     64.7577	     35.7449	     73.1357	     -5.4395	    -24.5991	     39.7615
      0.1295	     17.7531	     46.0776	     32.7004	     24.1559	     22.0691	     18.9382	     14.5684	     15.6884	      7.8429	     11.0826	      7.6593	      1.5182	      1.6062	      3.1405	      3.4700	      1.7670	      2.1651	      1.6039	      0.9136	      0.8776	     -1.6725	      1.3419	      0.1348	     -1.3949	     -9.5137	     -0.0009	      0.4800	      3.3795	      3.7310	      6.0624	      7.8135	      5.0415	      2.1070	      3.2652	      5.4067	      5.3199	     -0.7276	      1.5213	      4.0892	      0.7438	      2.0136	      1.8034	     -1.3477	      1.3139	      1.9679	      1.0420	     -1.3385	      0.1938	     -1.1890	     -1.5816	    -10.0528	      6.2847	     48.1046	   1330.9520	   2720.1598	   2958.5420	   3015.4902	   2343.8751	   2194.5105	   1448.3029	   1349.4815	    360.8260	    369.9278	     54.5020	   -257.2263	    231.4813	   -173.6968	     43.4079	     32.3068	     34.2632	    -52.7668	     26.6795	    -17.8727	    -22.7598	    -20.5264	     -7.7984	     -9.0972	      5.1112	    283.9031	   2425.2490	   3703.9276	   4936.7912	   3608.0274	   3340.6180	   1814.0730	   1224.0826	    414.0429	    670.4200	   -358.1924	    174.7633	    163.2909	   -120.3255	    192.9797	     -8.8789	    -29.7618	     -5.8506	     37.9834	     89.1251	     52.8879	    -34.7097	   -124.1966	    -53.4061	   -267.0918	    353.0255	    277.6256	     72.1330	    105.0428	     -0.4034	    -67.8773	     40.9603	     -9.2878	     26.2023	     -2.4503	     38.0319	    302.6193	    404.3146	    165.6475	     91.2773	     70.3848	     30.1652	     15.1162	    -24.3302	     13.4889	     -8.6086	     51.7275	    825.2799	    312.5216	    322.7364	    149.6899	    109.3694	     77.7965	     33.8784	     54.5883	     -1.3925	     -9.6460	     56.3047
      0.1134	     18.7515	     32.7004	     44.6843	     27.4191	     26.6628	     24.1972	     19.6449	     24.1820	      9.9472	     18.0763	     10.6143	      3.8325	     -0.2834	      7.8264	      3.0946	      2.3706	      2.8121	      5.1840	      1.3320	      2.3339	     -2.7126	      1.5948	     -0.3910	     -2.6716	    -12.9066	     -0.0115	     -0.7480	      2.5039	      2.4705	      9.5131	      9.5417	      7.1441	      2.2389	      5.0177	      9.2643	      6.9359	     -0.0208	      3.3879	      6.1180	      2.3681	      2.6200	      3.0563	     -2.8116	      3.8121	      2.2755	      0.6213	     -1.1544	      0.9863	      0.4612	     -3.0933	     -9.8982	      9.0047	     45.7820	   1177.9254	   2715.8589	   3118.7797	   3514.4024	   2722.6158	   2570.5970	   1957.7486	   1957.5940	    930.9209	    651.7009	    210.7151	   -341.0069	    410.0597	   -258.7835	    131.0749	     42.4696	    126.8498	    -43.5842	     16.6700	    -11.9120	    -81.8825	    -32.2998	    -15.9324	    -17.3492	      3.3952	    311.7381	   2302.3767	   4245.9691	   6234.6030	   4917.0249	   5215.1679	   3349.4715	   2683.9614	   1537.2751	   1597.8600	   -261.3112	    453.4143	    603.5229	    -24.2654	    349.9990	    -39.3505	    -44.2022	     91.6870	    138.2508	     87.0532	     91.2175	    -25.8695	   -198.2403	    -98.1535	   -316.7863	    469.1891	    436.5850	     56.8726	    129.7781	    -43.2625	   -125.0205	     58.0789	    -28.2018	     61.8312	     -5.1590	     50.1908	    490.0040	    695.8614	    238.1073	    154.9196	     52.0916	     64.2334	     42.9337	    -13.0929	     27.5401	    -20.1780	     42.1157	   1108.6166	    573.4013	    419.3955	    301.0460	    157.2019	    113.8790	     68.8767	    120.4486	     12.7763	    -17.5193	     92.9464
      0.0379	     12.0089	     24.1559	     27.4191	     29.0388	     26.1318	     27.0198	     19.8487	     21.4164	     15.3327	     17.8828	     13.7122	      8.5161	      5.8168	      9.1723	      6.2730	      5.4774	      5.0566	      4.5791	      2.8704	      2.6825	      1.4890	      1.8491	      1.5183	      0.0457	     -2.4419	     -0.0002	      0.0541	      3.1958	      3.4418	      7.9302	      8.0705	      7.7632	      5.9977	      7.1241	      8.3525	      6.0618	      3.7055	      5.1778	      6.2253	      3.5049	      3.7440	      3.0205	      0.6989	      3.5096	      2.3128	      2.4773	      1.0159	      1.5701	      0.7151	     -0.6798	     -2.0174	      8.5338	     38.1405	   1015.3853	   2558.3443	   3371.3603	   3646.8622	   3253.4127	   2969.7204	   2282.5564	   1924.0620	   1073.9996	    801.0086	    301.0110	     -9.0611	    289.7039	    -84.6929	     52.2585	     -1.1824	     69.9841	    -36.4454	     16.7079	      2.4168	    -33.9855	    -24.1683	    -19.2361	    -27.2128	     26.0398	    251.0407	   2279.9712	   4736.5540	   6916.0820	   6711.3273	   6238.5742	   4651.2963	   3665.9284	   2246.0537	   1634.9706	    468.0131	    504.3763	    510.4601	    -59.6901	    153.8314	     20.2907	    -46.1529	     23.4249	     78.5492	     30.3796	     28.5974	    -15.1223	   -103.8221	    -41.6934	   -189.4472	    489.5971	    338.8690	    117.7692	    135.2478	     14.5139	    -37.4877	     31.5191	    -10.9115	     38.9880	     -8.9291	     16.7436	    542.1082	    547.0272	    235.4357	    172.9040	     76.4286	     53.6668	      9.9837	      2.0630	     24.7664	     18.1784	     34.8464	   1186.8471	    480.9304	    399.1515	    235.2472	    168.5890	    109.4961	     53.6956	     78.3927	     17.5674	      6.8817	     83.7091
      0.0883	     12.8531	     22.0691	     26.6628	     26.1318	     56.4556	     41.6927	     30.0933	     30.7211	     24.1646	     27.8754	     22.2811	     15.7346	     16.3095	     16.6741	     13.2101	      9.3636	     12.4438	      9.5074	      5.8949	      7.6426	      4.5438	      4.3392	      4.6232	      1.2806	     10.8475	     -0.0022	     -0.0482	      6.5719	      4.8285	     10.0042	     11.0649	     10.5581	     10.1318	     10.9407	     13.1555	     11.2730	      9.2940	      9.8457	     10.7561	      7.5115	      5.1333	      6.7258	      4.4256	      6.1732	      5.1158	      5.0821	      3.0532	      3.9320	      2.7889	     -0.1280	      5.2017	      4.4196	     43.7210	   1037.7095	   3151.9366	   4299.9010	   4671.6538	   4395.5195	   4334.4020	   3647.0032	   3218.6540	   2074.6551	   1682.0138	   1004.5953	    416.9388	    562.3166	    264.7485	    211.1050	     28.4330	    193.0130	     16.4731	     58.5530	     30.6601	    -41.0755	    -13.8954	     -3.8555	      7.6188	     17.1273	    241.3860	   2943.6092	   6273.3451	  10094.3383	  10682.6408	  10822.4359	   8363.3173	   6623.7135	   4903.2760	   3953.3143	   1881.7967	   1757.7694	   1367.5577	    477.6783	    691.5461	    392.5742	    251.2542	    222.0482	    191.5756	    173.5566	    151.9207	     29.6689	    -70.2637	    -53.2517	    -63.0360	    735.3123	    524.7021	    258.4355	    177.6518	     39.4007	    -28.6661	     55.1091	      6.2570	     46.1548	     -1.1913	     39.7967	   1064.9067	    946.7378	    474.0444	    259.3419	    145.2061	     94.8312	     59.3096	      0.8766	     25.8193	      6.0499	     68.0587	   1471.2230	    773.5292	    604.8080	    329.1076	    213.5041	    147.3515	     88.1452	     82.2603	      9.3430	     -3.6904	    124.3472
      0.0055	      6.6771	     18.9382	     24.1972	     27.0198	     41.6927	     62.1098	     30.4758	     29.0633	     30.9500	     29.2015	     24.2048	     17.3458	     17.7973	     14.7990	     15.7405	     13.5624	     11.6907	      8.5020	      8.1519	      4.5091	      6.2718	      4.1717	      4.9117	      3.8461	     15.4157	      0.0076	      1.5702	      9.7240	      5.8158	      9.3195	     10.4380	     12.5410	     12.3819	     14.1503	     12.4972	     11.5002	     10.2815	     10.5952	     10.8515	      5.6722	      8.4903	      5.2987	      6.3383	      7.3913	      4.0881	      6.1928	      3.9709	      2.5833	      2.0399	      1.0262	     11.3503	     13.3011	     46.2272	    893.1782	   2974.6872	   4536.2911	   4720.7526	   5026.2159	   4618.6017	   3641.3544	   3182.8937	   2288.6790	   1757.3686	   1201.9447	    647.3153	    613.2528	    280.5304	    162.8321	    -11.3103	    150.2112	     32.9593	     72.1687	     28.1122	      9.7689	    -20.7202	    -17.5234	    -42.9938	     41.8589	    261.7664	   2645.6181	   6568.3818	  10551.7422	  11817.0406	  10682.6166	   9226.8609	   7178.8924	   5250.4393	   3894.5330	   2129.7284	   1787.8023	   1330.8287	    353.4028	    524.3282	    374.3789	    181.7390	    166.6438	    168.3093	    138.3474	    102.5510	     57.7097	    -24.6099	     20.9405	     37.5695	    723.6610	    499.7197	    328.4166	    228.3183	     95.6508	     24.5618	     25.6512	     15.9007	     22.4535	    -10.6288	     33.0118	   1075.1410	    908.9302	    483.9100	    291.5327	    169.1813	     97.0181	     23.4544	     18.7645	     39.2351	     32.2034	     63.0032	   1588.9295	    668.6226	    463.1182	    283.2262	    240.3105	    133.0106	     41.8646	     48.8862	     32.9927	     20.8551	    100.4434
      0.0570	      6.7161	     14.5684	     19.6449	     19.8487	     30.0933	     30.4758	     28.8139	     23.8274	     21.9555	     25.1971	     19.0171	     14.3527	     14.9659	     14.0533	     12.4063	     10.3018	     10.9236	      9.3949	      7.1533	      6.0023	      5.2117	      4.2514	      4.6156	      2.6360	     15.4434	     -0.0004	      0.6205	      5.8288	      3.8349	      7.5409	      9.3036	      9.6602	     10.1422	     10.9972	     11.7341	     10.8705	      9.8390	      9.6228	     10.0314	      7.0554	      6.5397	      5.9902	      6.2353	      6.1388	      4.5166	      5.3865	      3.2955	      3.4992	      3.1199	      1.1310	     12.3983	      5.0611	     22.0046	    744.7840	   2262.2498	   3401.1757	   3783.1048	   3981.4439	   3753.2310	   3096.3822	   2700.1014	   1894.9244	   1531.4307	    964.0376	    500.7579	    545.2094	    237.1778	    191.1168	     90.3816	    143.6008	     40.1941	     47.1050	     27.1568	    -16.1540	     -1.8056	     -1.0351	      0.9787	     17.2671	    203.5984	   2137.3117	   5130.8654	   8041.3248	   8847.3437	   8724.3262	   7418.6611	   6243.5082	   4669.8747	   3690.7139	   2082.8595	   1759.7357	   1362.5417	    633.7377	    647.2376	    408.0409	    275.3063	    226.3544	    184.8100	    155.7270	    118.7300	     69.8139	     -9.2341	     -9.4981	    126.0943	    709.6869	    544.6348	    305.0450	    182.2963	     68.7946	     15.8664	     45.0374	     12.3897	     29.7957	      1.0239	     40.3817	   1163.2924	    999.2108	    561.6605	    323.0259	    168.8744	    100.2817	     63.4705	     18.8578	     26.4346	     23.0212	     77.8247	   1256.2822	    682.9474	    477.6773	    291.1175	    185.5482	    112.2828	     63.1254	     57.0013	     13.8428	      6.0319	    106.2792
      0.0458	     10.7474	     15.6884	     24.1820	     21.4164	     30.7211	     29.0633	     23.8274	     32.1599	     17.4837	     24.6519	     16.9803	     13.3856	      9.0209	     15.6666	      9.7808	      8.2982	      9.4989	      9.2433	      5.4384	      6.4179	      2.0185	      4.5939	      2.8415	      0.5858	      6.2079	     -0.0089	     -0.5493	      3.3132	      2.8888	      9.1935	     10.3101	      9.3322	      7.9752	      9.3113	     13.1173	     10.6440	      7.2142	      8.2470	      9.6287	      6.8145	      6.5367	      7.0670	      2.6411	      6.7516	      5.3915	      3.9487	      1.9976	      3.6419	      2.1589	      0.0358	      6.8309	      5.4482	     32.8751	    746.3591	   2372.0069	   3212.0773	   3886.2020	   3588.9051	   3630.7373	   3102.7526	   2841.0890	   1834.5963	   1433.1715	    893.9924	    176.5119	    590.8918	    116.7267	    240.0778	    103.8267	    193.3651	     21.2938	     44.2109	      3.6410	    -50.2855	    -10.8534	     -6.3201	     25.7961	      1.0476	    246.9762	   2215.9555	   4848.1566	   8087.9990	   8259.5286	   8890.4414	   7080.9012	   5897.9463	   4398.1764	   3771.6325	   1663.3803	   1680.7951	   1513.3377	    625.7648	    761.0570	    319.3971	    233.6717	    262.7704	    236.9646	    165.1009	    176.5856	     38.3392	    -90.8390	    -28.9990	    -40.0398	    713.2229	    610.9396	    252.1362	    203.9973	     33.4467	    -50.9827	     66.0281	     -5.4530	     61.8659	      4.7862	     66.4615	   1175.3175	   1115.0501	    581.0085	    354.8220	    158.2818	    118.8034	     82.0876	     11.6828	     36.1475	     -3.7263	     89.3072	   1390.1717	    810.2336	    570.3684	    378.9260	    213.6770	    140.4541	     89.2325	    105.3868	     19.6924	     -6.0246	    126.0500
     -0.0028	     -0.1677	      7.8429	      9.9472	     15.3327	     24.1646	     30.9500	     21.9555	     17.4837	     29.4856	     21.7284	     19.7658	     16.1425	     19.4603	     12.4761	     15.1021	     13.8045	     11.8176	      8.4722	      9.1403	      4.9237	      8.9041	      5.0604	      6.3922	      5.3050	     27.8894	      0.0112	      2.0662	      7.0025	      4.5025	      5.0232	      6.3726	      9.2337	     12.4083	     13.2475	      9.3364	      9.4142	     11.3840	     10.9925	      9.1595	      6.1809	      8.1547	      5.4342	      9.5807	      6.3988	      4.3187	      7.1815	      5.1796	      3.1931	      2.6899	      4.0307	     23.1773	      4.7837	     13.3958	    531.9890	   1859.3856	   3159.8077	   3317.2325	   4090.0160	   3688.3967	   2932.0728	   2393.5215	   1929.1081	   1594.6145	   1146.8079	    871.1226	    515.2393	    458.4850	    124.5216	     69.0243	     64.5476	     75.6368	     54.4444	     37.5995	     54.4443	      8.5085	     -3.0997	    -23.3981	     33.6828	    126.2096	   1755.0845	   4674.5686	   7409.2325	   9088.3772	   8044.4280	   7653.5336	   6293.3299	   4858.3345	   3440.2885	   2746.5672	   1860.9115	   1294.3453	    673.7915	    478.0265	    540.3537	    307.3498	    208.3417	    167.3106	    133.6896	     42.4691	    115.5541	    109.2510	     80.9098	    342.4734	    734.1165	    546.7488	    424.7185	    219.9176	    147.9916	    111.8390	      7.3051	     34.7867	     -8.9948	     -1.9483	     20.3593	   1221.4540	    965.7799	    634.8475	    335.9487	    183.8858	     81.7327	     42.5859	     38.8391	     31.0164	     65.3724	     85.8820	   1374.0322	    662.2818	    433.6309	    212.3993	    184.7143	     66.8459	     21.4268	      0.4456	     30.0532	     37.4146	     85.9792
      0.0679	      6.1588	     11.0826	     18.0763	     17.8828	     27.8754	     29.2015	     25.1971	     24.6519	     21.7284	     31.6683	     19.2404	     13.9237	     15.2043	     15.1988	     13.1586	     10.6880	     11.7591	     10.6400	      7.7395	      6.0593	      5.0925	      4.1927	      4.9799	      2.5229	     15.4302	     -0.0027	      0.4772	      5.3965	      3.3386	      7.5851	      9.7559	      9.7565	     10.4615	     11.2993	     13.0248	     11.9392	      9.9705	     10.3180	     11.1656	      7.1849	      6.9906	      6.4920	      6.0864	      6.8050	      4.8515	      5.8356	      3.1306	      3.8624	      3.6026	      0.9701	     12.3398	      4.6686	     17.2109	    620.1583	   2043.6383	   3140.6310	   3595.4454	   3875.9879	   3699.4183	   3072.2235	   2803.8949	   1962.0285	   1638.8114	   1025.9404	    465.2359	    652.3775	    221.8804	    212.2348	    106.0920	    156.5354	     28.0744	     41.2659	     21.6086	    -30.5803	      0.0710	      0.1790	     -6.3889	     11.1425	    218.7370	   2030.1645	   4949.0224	   8081.5747	   8725.1288	   8959.1975	   7682.5575	   6610.4116	   4915.2126	   4012.7288	   2123.0730	   1845.9838	   1499.3852	    664.2214	    694.4361	    440.0284	    281.8073	    246.1839	    190.1364	    174.1569	    120.9644	     60.7569	    -15.2829	    -21.5989	    126.6941	    754.6939	    599.6599	    323.1422	    192.9052	     64.9587	      3.6482	     53.1193	     12.1880	     36.5428	      2.3455	     49.7765	   1275.6382	   1110.0776	    631.7147	    339.9750	    170.8482	    102.3169	     78.4956	     17.1626	     25.7933	     22.0549	     84.4278	   1258.8716	    686.9313	    480.7891	    313.5599	    183.6785	    108.5785	     56.4572	     66.3001	     17.3336	      2.6702	    116.0156
      0.0212	      2.8570	      7.6593	     10.6143	     13.7122	     22.2811	     24.2048	     19.0171	     16.9803	     19.7658	     19.2404	     19.9890	     14.4047	     15.8565	     12.0876	     12.3179	     10.2903	     10.0880	      7.2260	      6.7614	      5.4824	      6.1140	      3.9130	      5.1190	      3.5444	     18.6774	      0.0054	      1.1071	      4.7183	      3.7054	      5.1814	      6.8173	      7.4232	      9.8967	     10.4960	      9.1052	      8.3918	      9.6361	      8.8690	      8.8828	      6.1995	      6.2670	      4.9440	      6.7882	      5.1663	      4.2201	      5.6221	      4.0171	      3.3909	      2.3364	      2.3909	     14.7794	      2.4866	     14.1312	    507.0636	   1694.5831	   2703.0095	   2931.7582	   3300.0288	   3181.1010	   2615.2886	   2141.4443	   1591.8854	   1328.9936	    883.6657	    571.3500	    434.7003	    344.2683	    135.7937	     66.1686	     87.7779	     41.6514	     37.2382	     24.8940	     23.7145	      8.0292	      1.2068	     12.4342	     22.3780	    132.7983	   1669.4344	   4020.1685	   6442.2305	   7480.3362	   7132.4648	   6364.3666	   5226.0842	   3966.0325	   3003.7884	   2092.1364	   1574.0996	   1111.5816	    578.3064	    510.1023	    437.4610	    246.8578	    183.7090	    146.0749	    124.4678	     83.3334	     70.8211	     62.6367	     40.7441	    165.0976	    646.7613	    478.0960	    323.1291	    186.8054	     96.5121	     55.4284	     20.8281	     22.7490	     11.8782	     -0.3959	     26.2966	   1089.3572	    835.8015	    535.0379	    290.8815	    162.0876	     75.2378	     42.5383	     23.7777	     27.4137	     39.6229	     71.4841	   1159.9350	    607.3637	    441.2559	    213.1332	    166.2025	     87.8379	     43.9228	     24.9761	     17.2360	     17.5813	     80.9877
     -0.0457	     -1.8732	      1.5182	      3.8325	      8.5161	     15.7346	     17.3458	     14.3527	     13.3856	     16.1425	     13.9237	     14.4047	     21.3716	     15.1328	     13.2296	     10.9082	     10.4654	      9.8664	      7.1864	      7.2766	      7.0794	      7.3958	      4.7112	      5.0568	      5.1792	     28.2410	      0.0066	      0.6316	      5.1914	      3.4337	      4.1033	      4.2822	      6.2118	     10.1036	      9.7300	      7.3226	      6.8751	     12.2770	      8.6626	      6.7943	      7.9324	      7.5637	      5.7781	      8.3119	      4.9461	      4.6160	      5.2431	      5.5068	      4.6461	      3.4071	      4.8090	     27.1536	     -1.6938	      0.4033	    266.3121	   1149.9691	   2202.5501	   2397.4078	   3026.7106	   2945.4110	   2605.7311	   1875.1489	   1707.1286	   1280.4804	   1032.6996	    775.0735	    308.4666	    535.1376	    177.4190	    125.6300	    121.4549	    114.3968	     30.3239	     33.2860	     36.5373	     32.4778	     10.8275	     66.9117	     12.1371	     48.6383	   1227.7366	   3528.5890	   5214.5776	   6812.4067	   6424.1093	   6079.1894	   5050.2361	   4135.6737	   3075.7232	   2670.2089	   1825.3185	   1311.2100	    984.1029	    600.3706	    555.1821	    395.6598	    284.6916	    178.3752	    130.6757	    136.2264	    115.7796	    154.0242	    103.4316	    387.1235	    560.7953	    420.8774	    348.5210	    154.1456	    113.5726	     94.8437	      5.9679	     37.5678	      3.5860	     10.0341	     26.1970	   1183.3087	    779.5742	    556.0575	    327.9770	    154.1269	     91.7446	     46.9773	     46.7640	     21.9761	     35.0552	     58.0265	    948.1043	    657.9487	    385.7369	    202.0483	    128.3152	     73.7343	     60.1929	      3.5924	     19.6427	     30.5385	     64.9237
      0.0069	     -3.4359	      1.6062	     -0.2834	      5.8168	     16.3095	     17.7973	     14.9659	      9.0209	     19.4603	     15.2043	     15.8565	     15.1328	     22.9632	     10.3039	     13.5002	     11.3295	     11.4218	      7.6756	      8.3364	      5.9556	      9.4585	      4.5182	      6.6231	      5.9196	     33.1357	      0.0122	      1.8973	      6.2779	      3.7248	      2.2134	      3.6178	      5.8086	     11.0924	     10.2708	      6.5261	      7.5247	     12.7834	      9.6356	      7.8068	      7.2641	      6.4825	      5.1789	     10.4044	      4.5082	      4.0680	      6.5781	      5.5727	      3.9600	      3.6241	      4.9372	     26.0146	     -2.9436	     -5.9210	    280.0178	   1025.9552	   2101.9818	   2083.1878	   2969.1746	   2709.9810	   2294.0525	   1716.3625	   1553.2315	   1359.5757	   1006.4581	    974.4833	    350.5620	    580.5536	    122.4705	    102.5700	     55.1981	    100.6913	     45.6118	     41.8742	     61.0727	     30.4284	     14.4075	     19.1630	     20.3434	     12.0602	   1155.8484	   3225.7738	   4834.1990	   6618.4661	   5979.3996	   5901.7437	   5057.5494	   4145.9428	   2968.9504	   2847.7645	   1816.3143	   1130.2337	    870.3217	    517.5979	    631.7858	    424.8013	    232.6816	    135.1120	    141.5323	     61.5131	    120.2667	    193.2548	     88.7632	    471.6079	    616.0648	    440.9514	    414.4143	    145.5904	    142.9307	    144.8480	      2.6937	     49.0268	    -24.1549	      7.3482	      6.6191	   1215.3072	    819.0029	    616.1652	    310.1530	    182.6298	     70.7015	     46.0741	     38.1639	     13.1190	     56.3288	     69.7945	    940.6590	    579.6961	    374.1110	    149.9998	    119.2732	     46.2625	     30.9523	    -30.7064	     13.0790	     32.3016	     66.1868
      0.0055	      2.1716	      3.1405	      7.8264	      9.1723	     16.6741	     14.7990	     14.0533	     15.6666	     12.4761	     15.1988	     12.0876	     13.2296	     10.3039	     14.9735	      8.1719	      7.4883	      8.5279	      7.6315	      5.4202	      6.1567	      4.4339	      4.2500	      3.6783	      2.6670	     18.0131	     -0.0023	     -0.1220	      2.7081	      2.0754	      4.8159	      4.9599	      5.5006	      7.3804	      7.1023	      8.2676	      6.9406	      8.4753	      7.3032	      6.6772	      6.6349	      5.6218	      5.8154	      4.9879	      5.0025	      4.4682	      3.9727	      3.5253	      3.8794	      2.8758	      2.5606	     17.3800	     -1.0349	      6.6742	    279.7509	   1130.0008	   1817.1484	   2202.8325	   2387.3738	   2407.3265	   2225.0241	   1844.4040	   1472.7042	   1167.7275	    832.8271	    459.3262	    394.5360	    330.7734	    191.4887	    110.6804	    139.2160	     70.7510	     30.0996	     18.8693	     -6.1457	     15.6680	      5.8602	     49.0581	      0.1523	     80.0726	   1188.2759	   2944.6433	   4739.3401	   5524.2635	   5913.3170	   5160.0553	   4400.5517	   3578.3133	   2873.4865	   1967.5126	   1516.2256	   1260.1774	    783.5441	    614.9063	    427.4346	    310.4901	    264.0527	    200.6291	    131.9391	    133.8546	     74.4851	     52.5314	     38.4317	    222.9445	    520.5133	    427.9655	    256.9397	    138.9333	     62.6224	     30.0567	     32.3688	     16.2557	     26.2597	      9.2700	     35.1442	   1027.6393	    811.2558	    509.2995	    296.5290	    129.2805	     88.6054	     64.9157	     28.1018	     22.1489	     14.8876	     64.5774	    851.2207	    587.5816	    375.9262	    232.0257	    124.3044	     77.8339	     60.3327	     44.1585	     16.3567	      9.1876	     81.1855
      0.0182	     -0.5678	      3.4700	      3.0946	      6.2730	     13.2101	     15.7405	     12.4063	      9.7808	     15.1021	     13.1586	     12.3179	     10.9082	     13.5002	      8.1719	     12.4569	      8.4355	      8.2892	      5.7725	      6.2488	      4.1019	      5.7049	      3.7682	      4.5185	      3.8130	     20.8152	      0.0060	      1.3895	      4.3579	      2.7710	      2.2700	      3.9767	      4.9284	      7.6162	      7.8252	      6.0607	      6.7745	      8.0892	      7.0926	      6.4930	      4.7404	      5.5605	      4.0529	      6.8546	      4.3236	      3.5348	      4.9426	      3.6006	      2.6781	      2.0162	      2.9940	     17.0041	      0.2774	      4.0213	    256.3018	    935.9002	   1655.9454	   1744.5474	   2285.2600	   2181.0980	   1810.8996	   1493.3444	   1237.1614	   1090.5269	    818.9031	    617.6197	    376.9725	    381.7774	    127.3106	     82.4489	     66.5092	     65.7718	     41.6185	     20.2148	     42.4998	     16.7168	      7.5329	     16.6861	     12.2237	     58.4510	    973.0848	   2463.8664	   4030.5355	   5059.6130	   4796.3076	   4674.3067	   3914.7700	   3188.3669	   2463.4010	   1999.4716	   1455.2000	    996.9803	    655.8156	    498.8877	    464.0841	    295.8908	    191.9246	    139.0731	    130.3014	     77.2714	     85.4952	    107.3395	     65.0984	    277.4414	    481.7431	    368.2276	    299.5006	    140.4716	    102.8635	     79.3639	     13.6412	     29.0618	     -5.7896	      3.9187	     22.9013	    916.2584	    682.3320	    480.0995	    252.4582	    149.6994	     62.4638	     43.2208	     23.6688	     19.8468	     33.9215	     71.8525	    785.0289	    453.5985	    304.4219	    142.4101	    111.8764	     49.6716	     20.8027	     -5.1593	     14.3783	     16.3773	     54.9029
     -0.0173	     -2.3857	      1.7670	      2.3706	      5.4774	      9.3636	     13.5624	     10.3018	      8.2982	     13.8045	     10.6880	     10.2903	     10.4654	     11.3295	      7.4883	      8.4355	     11.1263	      6.7937	      5.5047	      6.1279	      3.7739	      5.7752	      4.0385	      3.9703	      3.8350	     22.4405	      0.0057	      1.0902	      3.9207	      2.3221	      2.4368	      2.4900	      4.5435	      7.4090	      7.4607	      4.9859	      5.3423	      7.5186	      6.4035	      5.0878	      4.1391	      5.9160	      3.9973	      6.5352	      4.4321	      3.1643	      4.4478	      3.5656	      2.5055	      1.9445	      3.8090	     20.5854	      0.4866	      1.7748	    160.0377	    732.4966	   1361.3607	   1496.1961	   2052.4055	   1874.7391	   1561.9365	   1252.0183	   1117.6232	    932.4350	    790.1569	    600.3894	    297.5553	    361.7516	    112.1682	     90.3589	     49.1617	     83.6856	     38.6592	     24.0095	     43.1836	     16.1212	      3.6337	     11.6076	      9.1839	     35.6656	    765.3835	   2173.5031	   3456.2877	   4579.0030	   4075.0209	   4131.1411	   3498.5175	   2922.7771	   2148.7484	   1928.4386	   1287.9321	    964.1884	    654.3467	    389.7982	    412.3854	    285.5929	    200.7170	    143.6677	    107.1963	     54.7996	    105.4486	    103.4792	     83.6550	    345.8898	    387.4841	    318.4207	    266.7881	    133.7521	    104.7505	     82.6360	      1.3286	     26.2309	     -9.7359	      6.9880	     23.6216	    801.4434	    608.7654	    435.5999	    245.3633	    119.6678	     64.9324	     42.5001	     33.9631	     18.5055	     38.0325	     65.6930	    697.4879	    405.1598	    235.0506	    130.8676	    101.0554	     25.4570	     16.5351	     -8.1473	     19.8093	     28.5580	     54.2131
      0.0228	      0.2565	      2.1651	      2.8121	      5.0566	     12.4438	     11.6907	     10.9236	      9.4989	     11.8176	     11.7591	     10.0880	      9.8664	     11.4218	      8.5279	      8.2892	      6.7937	      9.7892	      5.8803	      5.2382	      4.7083	      4.9763	      3.5052	      3.9712	      2.9653	     18.9515	      0.0025	      0.6386	      3.1615	      1.9880	      2.4121	      3.4994	      4.2571	      6.6691	      6.2658	      5.8479	      5.9563	      7.5871	      6.4759	      5.6997	      5.2977	      4.6088	      4.4305	      5.9172	      3.7872	      3.4742	      4.0634	      3.3149	      2.9394	      2.4679	      2.6086	     16.0256	     -1.8410	      0.6189	    202.7335	    772.5593	   1340.9085	   1507.2699	   1882.1688	   1849.3088	   1645.9391	   1368.7373	   1127.0135	    977.5154	    718.5947	    522.1424	    320.2295	    340.1372	    134.3268	     90.8215	     79.2624	     64.0022	     31.4785	     23.3661	     18.2680	     17.1873	     10.3469	     26.8096	      3.6520	     39.4043	    863.5321	   2151.8291	   3476.7871	   4347.2656	   4423.1860	   4102.4883	   3554.5101	   2949.6880	   2345.2555	   1829.8949	   1345.7962	    973.3585	    666.6847	    490.1107	    421.5055	    299.9608	    206.4101	    139.1762	    125.4626	     85.7751	     78.3751	     83.4059	     41.0344	    261.2247	    453.5656	    361.7563	    267.6221	    120.4165	     79.4798	     60.3809	     21.0615	     23.5188	      3.2365	      7.8088	     25.1385	    904.7422	    687.7037	    471.4723	    246.7229	    131.6747	     68.3631	     55.1168	     23.9170	     15.0047	     23.6614	     65.5078	    646.3150	    430.5716	    284.8732	    145.7779	     92.0101	     45.6690	     33.4449	      7.7334	      9.2723	     11.9564	     58.8647
      0.0365	      0.3206	      1.6039	      5.1840	      4.5791	      9.5074	      8.5020	      9.3949	      9.2433	      8.4722	     10.6400	      7.2260	      7.1864	      7.6756	      7.6315	      5.7725	      5.5047	      5.8803	      8.2763	      4.3895	      4.1813	      3.4556	      3.5430	      2.7910	      1.8769	     16.8842	     -0.0041	      0.0239	      2.2607	      0.8771	      3.0826	      2.5356	      3.4824	      4.8778	      4.7596	      5.4611	      5.4480	      5.8536	      5.3938	      4.7553	      4.4692	      3.8317	      4.2343	      4.2940	      4.0904	      2.8437	      2.9932	      2.3071	      2.5894	      2.9613	      2.0571	     15.5204	     -1.8537	     -1.2734	    127.2199	    525.5990	    879.4348	   1135.5623	   1391.2295	   1294.3328	   1249.1740	   1172.2424	   1014.6460	    838.1359	    637.9691	    407.7782	    334.1057	    249.8845	    160.2327	    103.9370	     99.5614	     77.0551	     28.7825	     23.1572	     -9.1875	     12.4706	      8.5407	     21.4219	     -6.7889	     20.3281	    543.4298	   1559.7813	   2514.5629	   3047.2990	   3387.7505	   3136.2386	   2897.8282	   2544.2608	   2100.1532	   1474.1546	   1165.9360	    994.6603	    680.5562	    500.2439	    367.8150	    299.8085	    240.0094	    183.7886	    122.9467	     85.5902	     86.0214	     48.1981	     17.6850	    288.0134	    347.1279	    321.5068	    187.5934	     80.7108	     40.3833	     29.3977	     26.4137	     13.0537	      9.5085	     10.1085	     25.2883	    738.3363	    646.5254	    396.8117	    216.0082	     85.1727	     65.4499	     67.2055	     23.3481	     11.3660	     10.3264	     55.0113	    453.9833	    383.0195	    198.2899	    158.2003	     65.6890	     28.2161	     31.2371	     26.2493	      9.9025	      3.5126	     62.0776
      0.0027	     -2.1615	      0.9136	      1.3320	      2.8704	      5.8949	      8.1519	      7.1533	      5.4384	      9.1403	      7.7395	      6.7614	      7.2766	      8.3364	      5.4202	      6.2488	      6.1279	      5.2382	      4.3895	      6.3882	      2.9290	      4.1149	      2.9774	      2.8709	      2.9267	     17.6857	      0.0032	      0.8078	      3.1728	      1.5061	      1.3446	      1.7102	      3.0927	      5.0108	      4.9500	      3.7193	      4.4787	      5.8536	      4.9590	      3.6655	      3.4131	      4.1735	      3.0575	      5.1705	      3.3641	      2.2589	      3.1750	      2.5404	      2.0156	      1.9703	      2.7286	     16.1805	     -0.5556	     -3.9721	     94.3551	    413.2799	    866.1595	    933.0307	   1411.9204	   1254.2003	   1073.0985	    871.6023	    842.3037	    700.0521	    596.1394	    477.9266	    239.7885	    277.9089	    101.1981	     85.5574	     51.8176	     74.4285	     28.3053	     17.8906	     27.5262	     16.6964	      7.1961	     13.6036	      2.9118	     16.1472	    466.7874	   1469.2131	   2182.9279	   2973.3086	   2716.1086	   2874.0238	   2527.2438	   2179.8345	   1657.2129	   1480.2884	   1033.4840	    757.1368	    571.9203	    352.0254	    339.3679	    253.9746	    171.9609	    115.5229	     94.8090	     53.0161	     84.4796	     89.8162	     57.6560	    294.8806	    271.0634	    229.2484	    197.4549	     77.1073	     70.7549	     63.8976	      5.4366	     21.5246	     -8.8067	      6.9612	     17.7504	    602.4974	    453.0628	    326.6196	    177.4204	     89.6633	     49.3197	     37.5765	     23.9549	     10.1998	     21.7551	     47.6091	    456.2826	    328.6483	    175.0137	    110.4961	     67.8313	     21.5825	     15.8737	     -7.6437	     12.2863	     15.9690	     39.4482
      0.0226	      0.9237	      0.8776	      2.3339	      2.6825	      7.6426	      4.5091	      6.0023	      6.4179	      4.9237	      6.0593	      5.4824	      7.0794	      5.9556	      6.1567	      4.1019	      3.7739	      4.7083	      4.1813	      2.9290	      6.6897	      2.5193	      2.5400	      2.2598	      1.3191	     12.5123	     -0.0021	     -0.2865	      1.2534	      1.0534	      1.9484	      2.0880	      2.2817	      3.6208	      3.2375	      3.8239	      3.7046	      4.6708	      4.1761	      3.2519	      4.0686	      2.7772	      3.4982	      3.5234	      2.6771	      2.5320	      2.2088	      2.1527	      2.5883	      2.1145	      1.8128	     11.5270	     -4.0148	     -1.6281	    107.0219	    457.4502	    650.2202	    854.9369	    935.9983	   1041.8490	   1026.6025	    827.9000	    697.7174	    560.8520	    467.8311	    281.0500	    169.5543	    241.1253	    120.6196	     84.6650	     71.8311	     57.1177	     12.5799	     21.8370	     -1.3060	     16.8906	     12.4280	     45.6252	     -6.4918	     10.4885	    534.6771	   1241.8280	   1907.5509	   2355.8951	   2646.6156	   2279.2155	   1996.5663	   1796.9852	   1538.8461	   1162.2154	    920.4068	    705.7494	    560.7115	    393.2003	    285.0879	    233.3586	    179.5466	    117.1810	     97.6267	     86.7331	     64.2834	     45.7845	     20.0555	    177.8414	    267.7090	    226.1263	    144.2873	     75.1451	     38.2083	     22.8167	     17.1838	     14.5353	      9.6768	      9.8508	     27.6950	    588.4848	    434.6002	    293.9453	    154.0754	     70.6858	     52.2216	     52.1012	     19.0612	      8.8097	      6.1023	     43.9573	    411.6366	    368.4808	    239.7691	    133.6356	     66.5457	     38.2961	     44.8293	     17.1582	      2.4786	      6.1551	     48.4050
     -0.0289	     -3.9617	     -1.6725	     -2.7126	      1.4890	      4.5438	      6.2718	      5.2117	      2.0185	      8.9041	      5.0925	      6.1140	      7.3958	      9.4585	      4.4339	      5.7049	      5.7752	      4.9763	      3.4556	      4.1149	      2.5193	      6.6324	      2.2007	      3.1749	      3.3640	     19.2439	      0.0079	      0.8484	      2.8440	      1.5483	      0.5299	      0.1199	      2.3340	      5.3956	      4.5598	      1.9914	      2.2176	      6.3673	      4.5341	      2.5780	      3.5197	      3.2374	      2.2984	      5.4594	      2.0040	      1.5821	      3.1453	      3.1833	      1.9700	      2.0664	      3.3885	     16.7413	     -1.9707	     -7.8455	     44.8611	    261.1092	    790.3987	    742.2660	   1284.1589	   1045.5628	    919.9657	    580.0727	    658.2460	    557.5192	    436.4751	    524.0354	     90.0581	    306.3789	     28.2475	     48.6982	      4.0673	     63.3395	     16.5130	     24.8657	     35.8107	     18.2708	      4.4464	      1.7040	     12.1318	    -34.2199	    330.5750	   1268.4114	   1715.9001	   2814.0367	   2271.8355	   2447.7839	   2168.5370	   1813.2973	   1110.0442	   1429.1811	    724.8008	    465.1835	    411.6510	    127.4073	    290.9959	    200.1320	    102.3162	     59.0313	     38.0615	     -4.3659	     69.9891	    116.8529	     60.9274	    312.2017	    226.7568	    146.3649	    184.8805	     50.7727	     76.8406	     93.9843	    -10.8415	     26.1906	    -19.9748	      4.3379	     -8.9252	    487.8340	    296.2708	    256.1545	    139.9341	     66.9427	     29.3878	     15.5869	     28.0616	      2.8694	     38.2979	     24.3374	    380.0484	    224.9040	    127.4968	     48.8987	     42.5174	      2.7612	      9.2522	    -24.5046	     10.5163	     26.9229	     27.4032
