      0.0520	      0.0984	      0.1371	      0.1192	      0.0389	      0.0886	      0.0054	      0.0574	      0.0454	     -0.0027	      0.0679	      0.0214	     -0.0459	      0.0069	      0.0055	      0.0182	     -0.0173	      0.0228	      0.0365	      0.0027	      0.0226	     -0.0289	      0.0102	      0.0072	     -0.0278	     -0.0425	     -0.0001	     -0.0001	      0.0005	      0.0025	      0.0102	      0.0424	      0.0024	     -0.0186	     -0.0108	      0.0302	      0.0549	     -0.0302	      0.0105	      0.0339	     -0.0042	     -0.0216	      0.0101	      0.0030	      0.0139	      0.0106	      0.0085	     -0.0209	     -0.0017	      0.0092	     -0.0310	     -0.0816	     -0.0336	      0.0942	      3.6457	      6.2048	      0.5358	      2.5312	     -1.4490	      1.2864	      1.4592	      6.8177	      2.8710	      4.8401	      3.0806	     -0.6201	      4.1350	     -0.2202	      1.6716	      0.7618	      0.8176	     -0.0061	      0.2000	      0.1873	     -0.3305	     -0.0183	      0.2214	      0.2655	     -0.2386	      1.0670	      7.8399	      3.9785	      7.1469	     -6.0168	      5.0452	      0.1299	      1.3829	      4.3650	     11.0176	     -1.4659	      6.4373	      5.0295	      3.1068	      5.8479	      1.8049	      1.3602	      1.2355	      1.3312	      1.6788	      0.9448	      0.3302	     -0.8697	     -0.9410	     -0.8220	      1.5064	      1.7966	     -0.1680	      0.2767	     -0.5197	     -0.8071	      0.5972	     -0.1539	      0.1973	      0.0300	      0.4255	      1.5016	      3.1750	      1.1136	     -0.0764	      0.2936	      0.0600	      0.7593	     -0.3023	      0.0329	     -0.3411	      0.6765	     -1.5158	      0.6296	      0.9061	      0.4234	      0.0600	      0.1692	      0.0379	      0.3410	     -0.2687	     -0.5531	      0.2675
      0.0984	     19.8963	     19.8742	     20.6973	     13.0879	     13.6066	      7.0160	      7.0548	     11.2984	     -0.2309	      6.4508	      2.9902	     -2.0293	     -3.7095	      2.2755	     -0.6481	     -2.5464	      0.2296	      0.3129	     -2.3098	      0.9625	     -4.2200	     -0.6029	     -0.9715	     -3.7062	    -18.6380	     -0.0092	     -1.0610	     -1.8399	      0.7253	      3.9969	      5.7265	      1.8027	     -1.6135	     -0.2989	      4.0321	      2.4407	     -3.8847	     -0.4916	      2.7054	      0.1260	     -0.9313	      0.8395	     -4.4004	      0.1170	      1.2901	     -0.9405	     -2.0394	     -0.1525	     -1.3530	     -3.5540	    -18.0980	      2.7493	     32.6702	    673.5081	   1459.1302	   1224.7194	   1488.9122	    550.6502	    860.6094	    605.1380	    776.7961	      2.7088	     25.6551	   -203.1637	   -524.6198	    156.1151	   -270.2649	     42.0642	    -23.5525	     44.3316	    -93.1477	     -6.6053	    -15.7508	    -59.7109	    -24.0907	     -4.0360	      6.2612	     -4.4625	    182.6282	   1227.6056	   1389.4823	   2395.2118	    970.4751	   1772.6805	    358.7784	     60.6446	   -349.4290	    238.6172	   -933.3994	   -166.0116	    -30.2463	   -288.3231	    139.7116	   -150.0889	   -145.5826	    -27.3913	      7.3424	     48.5506	     59.7576	    -76.2952	   -171.5411	    -98.7694	   -433.5777	    290.6469	    264.6025	      2.8090	     94.1772	    -48.8756	   -117.1704	     46.9789	    -20.7659	     49.1965	     -4.4424	     41.6561	    240.2795	    356.7691	    114.0517	     36.0859	     30.8352	     21.8902	     25.1819	    -26.5619	     16.6368	    -25.1659	     30.9178	    462.2389	    194.9920	    242.3631	    110.8531	     59.9886	     68.2295	     37.6194	     77.4691	     -5.8363	    -26.0988	     41.7952
      0.1371	     19.8742	     51.5304	     35.9832	     26.1574	     23.4802	     19.9782	     15.3274	     16.3101	      8.3149	     11.5770	      8.0530	      1.5887	      1.8074	      3.2488	      3.6854	      1.9106	      2.2948	      1.6936	      1.0135	      0.9126	     -1.6758	      1.4400	      0.1795	     -1.4124	     -9.6566	     -0.0007	      0.5397	      3.6295	      4.1019	      6.4086	      8.2205	      5.2819	      2.2577	      3.4613	      5.6237	      5.5812	     -0.7203	      1.6126	      4.2692	      0.7834	      2.1180	      1.8860	     -1.3353	      1.3602	      2.0636	      1.1236	     -1.3813	      0.2046	     -1.2400	     -1.5953	    -10.3084	      6.5363	     50.4230	   1407.2640	   2868.4844	   3123.2835	   3174.2772	   2478.6883	   2310.8517	   1522.3814	   1413.5238	    378.9753	    390.3267	     59.8962	   -261.2589	    241.7354	   -178.1574	     44.5017	     34.8809	     34.6209	    -54.0731	     28.3315	    -18.4283	    -22.8554	    -21.1620	     -8.0267	     -9.9006	      5.4536	    297.7537	   2559.3818	   3909.1279	   5184.2152	   3793.5330	   3489.0749	   1895.7816	   1278.0125	    431.1861	    694.4672	   -364.3488	    184.3264	    168.8950	   -122.2711	    200.2136	     -5.2567	    -28.2050	     -5.5988	     39.5320	     94.0518	     54.1123	    -35.2243	   -127.7181	    -54.8469	   -273.7269	    367.6346	    289.0632	     76.4643	    108.8004	      0.4703	    -69.4339	     42.3075	     -9.2459	     26.4528	     -2.4670	     39.3080	    312.6530	    419.6226	    172.3766	     94.4197	     73.4845	     30.9668	     15.5539	    -25.3973	     13.7553	     -8.4724	     54.1599	    861.0626	    325.0915	    335.7054	    154.3129	    113.1182	     80.0039	     34.7463	     55.8409	     -1.5788	     -9.7109	     58.5430
      0.1192	     20.6973	     35.9832	     48.3127	     29.2694	     27.8587	     25.1503	     20.3842	     24.9846	     10.2753	     18.6753	     10.9227	      3.8960	     -0.3693	      8.0938	      3.1494	      2.4485	      2.8855	      5.4202	      1.3884	      2.4194	     -2.8237	      1.6940	     -0.4223	     -2.7730	    -13.2153	     -0.0121	     -0.8981	      2.5108	      2.6510	      9.9564	      9.9241	      7.3920	      2.3191	      5.1728	      9.5716	      7.1931	     -0.0580	      3.4894	      6.2949	      2.4300	      2.7078	      3.1735	     -2.9170	      3.9627	      2.3506	      0.6304	     -1.2117	      1.0191	      0.5005	     -3.1889	    -10.0663	      9.3143	     47.6343	   1225.8821	   2820.0832	   3230.9732	   3639.3041	   2818.1738	   2654.6924	   2021.8459	   2025.1465	    964.1088	    674.2370	    220.4587	   -352.9185	    425.1728	   -267.6537	    137.2097	     45.0783	    132.4905	    -43.4211	     17.5734	    -11.8281	    -85.2498	    -33.3568	    -16.4180	    -17.7565	      3.0666	    322.7093	   2389.2434	   4402.5007	   6446.0802	   5069.0796	   5376.3407	   3444.3234	   2761.0078	   1583.7220	   1649.8196	   -275.5846	    468.9795	    630.4019	    -18.8911	    365.0289	    -38.8033	    -42.7961	     97.7133	    145.9064	     91.3827	     94.9612	    -25.6031	   -205.3427	   -101.6354	   -323.3004	    478.3312	    446.5656	     54.8734	    132.2595	    -45.9733	   -130.0097	     60.1853	    -29.4175	     63.9074	     -5.1488	     51.9315	    496.4882	    713.4705	    241.3725	    158.2069	     51.8151	     66.2554	     45.0092	    -13.5358	     28.2615	    -21.3018	     43.5967	   1130.6307	    584.3111	    426.1808	    308.9556	    160.3255	    116.2469	     70.6160	    124.6947	     13.0428	    -18.3590	     95.8392
      0.0389	     13.0879	     26.1574	     29.2694	     30.4644	     26.9290	     27.6801	     20.2932	     21.8498	     15.6219	     18.2005	     13.9685	      8.7187	      5.8970	      9.3938	      6.3647	      5.5907	      5.1469	      4.7077	      2.9318	      2.7649	      1.5231	      1.9203	      1.5404	      0.0495	     -2.3756	     -0.0003	     -0.0122	      3.2430	      3.6170	      8.1945	      8.2709	      7.9305	      6.1362	      7.2661	      8.5153	      6.1691	      3.7863	      5.2827	      6.3289	      3.5960	      3.8288	      3.0992	      0.7074	      3.5888	      2.3671	      2.5197	      1.0513	      1.6191	      0.7506	     -0.6666	     -1.8785	      8.6568	     39.0340	   1040.9880	   2618.4779	   3447.1947	   3728.7532	   3325.5140	   3033.0133	   2334.0391	   1965.1705	   1100.0614	    818.8189	    309.4918	     -7.8279	    295.6277	    -84.3594	     54.5521	     -0.0269	     72.4730	    -35.8077	     17.0617	      2.6939	    -34.9173	    -24.4568	    -19.6044	    -27.1139	     26.3775	    255.9379	   2333.1254	   4845.1792	   7060.4418	   6848.3361	   6364.9571	   4742.5270	   3737.8782	   2293.8390	   1668.9003	    481.6641	    517.1625	    526.6232	    -54.4686	    159.2111	     22.8424	    -44.8880	     26.2485	     82.5058	     31.4209	     29.7639	    -14.5173	   -105.4852	    -42.0337	   -190.1328	    497.0616	    344.3051	    118.7168	    137.1504	     14.3199	    -38.3760	     32.0854	    -11.1911	     39.8457	     -8.9836	     16.9617	    550.1036	    556.3091	    238.6869	    176.3032	     76.9036	     54.8338	     10.4183	      2.3563	     25.2175	     18.4571	     35.4105	   1206.1935	    489.7833	    405.1137	    239.6335	    171.1016	    111.1284	     54.9770	     80.2714	     17.9939	      7.0910	     85.4180
      0.0886	     13.6066	     23.4802	     27.8587	     26.9290	     57.2105	     42.1596	     30.4241	     30.8602	     24.4497	     28.0583	     22.4867	     15.9572	     16.5688	     16.8190	     13.3678	      9.5164	     12.5796	      9.6219	      6.0129	      7.7300	      4.6783	      4.4193	      4.6989	      1.3663	     11.3726	     -0.0021	     -0.0765	      6.6329	      5.0221	     10.1585	     11.1748	     10.6708	     10.3032	     11.0825	     13.2292	     11.3682	      9.4747	      9.9685	     10.8285	      7.6145	      5.2201	      6.7950	      4.5665	      6.2298	      5.1609	      5.1608	      3.1310	      3.9891	      2.8516	     -0.0430	      5.6626	      4.3750	     43.8043	   1048.9692	   3179.2668	   4344.6463	   4713.8294	   4449.5966	   4378.5220	   3683.9517	   3243.5974	   2098.1532	   1700.6072	   1019.2975	    431.6220	    565.7335	    273.5713	    212.9937	     30.4116	    194.2488	     18.9022	     59.2891	     31.3887	    -40.3649	    -13.3767	     -3.6852	      8.0406	     17.3332	    241.8077	   2970.3233	   6340.6182	  10177.3567	  10788.8607	  10909.8360	   8444.7064	   6691.5271	   4959.6914	   3990.7335	   1921.2353	   1781.5945	   1383.8253	    492.0795	    698.2045	    401.6537	    258.2124	    225.9253	    194.2868	    175.4718	    152.7461	     31.8399	    -67.4700	    -51.8389	    -54.3941	    739.6285	    527.2032	    261.9284	    177.9675	     40.7767	    -26.7408	     54.9232	      6.8625	     45.6446	     -1.0333	     39.5576	   1073.8555	    952.1635	    478.1606	    261.8046	    146.2686	     95.4422	     59.6471	      1.3821	     25.7451	      6.6564	     68.4967	   1480.9950	    780.6142	    608.1121	    330.7176	    214.4476	    147.5115	     88.6168	     81.7429	      9.4834	     -3.1742	    125.0466
      0.0054	      7.0160	     19.9782	     25.1503	     27.6801	     42.1596	     62.6272	     30.6978	     29.1505	     31.1658	     29.3571	     24.3320	     17.4667	     17.9501	     14.8805	     15.8499	     13.6863	     11.7693	      8.5817	      8.2462	      4.5402	      6.3585	      4.2246	      4.9609	      3.9109	     15.7855	      0.0078	      1.6089	      9.8938	      5.9940	      9.4046	     10.5482	     12.6296	     12.5125	     14.2517	     12.5451	     11.5706	     10.3846	     10.6790	     10.8976	      5.7145	      8.5654	      5.3368	      6.4343	      7.4486	      4.1110	      6.2482	      4.0189	      2.6087	      2.0763	      1.0821	     11.6947	     13.3306	     46.2248	    897.4167	   2987.3954	   4560.6709	   4743.4628	   5061.0279	   4645.2105	   3662.1759	   3198.5675	   2306.0643	   1770.3327	   1213.9007	    658.0339	    617.3281	    286.0660	    164.2597	    -10.0834	    150.9672	     34.7307	     72.7204	     28.6076	     10.4210	    -20.4377	    -17.4754	    -43.1543	     42.0426	    262.1511	   2657.2031	   6607.4518	  10602.0697	  11884.0881	  10733.4725	   9283.6201	   7226.2572	   5290.6663	   3921.0468	   2156.6182	   1804.8112	   1343.3589	    363.0184	    528.5349	    380.4599	    186.0038	    169.4904	    170.3322	    139.6571	    102.8105	     59.4117	    -22.6542	     22.2727	     44.1208	    725.8560	    501.4687	    330.9121	    228.8637	     96.7740	     25.9122	     25.3840	     16.3143	     22.0306	    -10.5683	     32.9995	   1080.5177	    912.6740	    486.8002	    293.0910	    169.7557	     97.4364	     23.7083	     19.2297	     39.3029	     32.6759	     63.3216	   1594.8287	    672.3972	    463.7105	    284.0850	    240.8849	    132.7958	     41.6863	     48.4258	     33.3018	     21.2891	    100.7714
      0.0574	      7.0548	     15.3274	     20.3842	     20.2932	     30.4241	     30.6978	     28.9811	     23.8639	     22.0455	     25.2678	     19.0771	     14.4153	     15.0496	     14.1088	     12.4574	     10.3558	     10.9738	      9.4533	      7.2011	      6.0422	      5.2575	      4.2864	      4.6431	      2.6644	     15.6710	     -0.0004	      0.6059	      5.8930	      3.9310	      7.6311	      9.3700	      9.7078	     10.2042	     11.0436	     11.7637	     10.9106	      9.9009	      9.6696	     10.0567	      7.0938	      6.5692	      6.0202	      6.2905	      6.1682	      4.5337	      5.4152	      3.3225	      3.5235	      3.1534	      1.1627	     12.6095	      5.0175	     21.9218	    745.7890	   2266.0487	   3409.2098	   3791.4655	   3995.4510	   3764.5488	   3107.3357	   2708.4914	   1904.5015	   1539.2357	    971.1073	    506.6890	    547.3762	    241.0375	    192.5154	     91.5595	    144.4488	     41.4672	     47.3882	     27.5223	    -16.0058	     -1.5336	     -0.8991	      1.2711	     17.1930	    203.2382	   2141.7200	   5146.6161	   8061.0736	   8876.1647	   8751.0060	   7446.2568	   6268.6759	   4693.6379	   3708.5168	   2099.4986	   1771.1952	   1371.5679	    641.6708	    651.4455	    412.2981	    278.8230	    228.7120	    186.4735	    156.8365	    119.3165	     70.9723	     -8.1192	     -8.9934	    130.4351	    710.6892	    545.6699	    306.1792	    182.2179	     69.1307	     16.4731	     45.0357	     12.5866	     29.6263	      1.1356	     40.4027	   1166.7215	   1001.8021	    563.4413	    323.9526	    169.0684	    100.5593	     63.8880	     19.0959	     26.3764	     23.1454	     78.0524	   1257.5688	    685.5304	    478.3318	    291.7555	    185.6262	    112.1172	     63.2663	     56.8479	     13.8713	      6.1306	    106.5371
      0.0454	     11.2984	     16.3101	     24.9846	     21.8498	     30.8602	     29.1505	     23.8639	     32.1012	     17.5394	     24.6266	     16.9962	     13.4204	      9.0791	     15.6855	      9.8055	      8.3419	      9.5225	      9.2693	      5.4741	      6.4398	      2.0646	      4.6198	      2.8627	      0.6203	      6.4413	     -0.0089	     -0.6344	      3.1971	      2.9563	      9.2402	     10.3416	      9.3398	      8.0288	      9.3449	     13.1096	     10.6466	      7.2599	      8.2717	      9.6234	      6.8349	      6.5622	      7.0825	      2.6897	      6.7665	      5.3991	      3.9673	      2.0257	      3.6579	      2.1795	      0.0778	      7.0517	      5.3983	     32.7091	    744.7733	   2369.0941	   3211.8200	   3884.6580	   3594.2135	   3633.3535	   3105.9765	   2841.5222	   1839.4996	   1436.6948	    899.0060	    182.4417	    591.1762	    120.7032	    240.6554	    104.6281	    193.5186	     22.5338	     44.3786	      3.9410	    -49.8302	    -10.5366	     -6.1942	     26.0404	      1.0061	    245.8668	   2213.7668	   4850.4785	   8086.4160	   8268.7337	   8893.8712	   7091.6490	   5907.7272	   4410.5493	   3778.6185	   1677.3864	   1687.7075	   1518.2831	    632.0656	    762.6329	    322.8721	    236.4681	    264.4622	    237.8832	    165.6319	    176.6631	     39.3625	    -89.2141	    -28.0291	    -35.3961	    712.6190	    610.6367	    253.0602	    203.7084	     34.0036	    -50.0204	     65.7328	     -5.1590	     61.5019	      4.8963	     66.3577	   1176.5156	   1114.9453	    581.8223	    355.1367	    158.1995	    118.8515	     82.2265	     11.9939	     36.0651	     -3.5156	     89.3253	   1389.6281	    811.4407	    569.8750	    378.7486	    213.3948	    139.9389	     89.1325	    104.8938	     19.7969	     -5.7501	    126.0068
     -0.0027	     -0.2309	      8.3149	     10.2753	     15.6219	     24.4497	     31.1658	     22.0455	     17.5394	     29.4820	     21.7569	     19.7614	     16.1444	     19.4522	     12.4864	     15.1003	     13.8054	     11.8191	      8.4877	      9.1446	      4.9288	      8.9006	      5.0670	      6.3900	      5.3032	     27.9067	      0.0112	      2.1242	      7.1651	      4.6071	      5.0907	      6.4238	      9.2624	     12.4230	     13.2414	      9.3440	      9.4233	     11.3843	     10.9955	      9.1613	      6.1854	      8.1571	      5.4406	      9.5799	      6.4079	      4.3210	      7.1800	      5.1787	      3.1963	      2.6975	      4.0304	     23.2041	      4.7814	     13.3879	    531.8066	   1859.1876	   3159.3203	   3317.5191	   4090.3127	   3688.3998	   2932.8082	   2394.9738	   1930.8538	   1595.6373	   1147.9528	    871.3595	    515.9930	    458.6226	    125.0673	     69.3297	     64.9697	     75.8978	     54.4908	     37.6390	     54.2864	      8.5256	     -3.0810	    -23.3222	     33.6038	    126.2019	   1754.7418	   4675.2337	   7409.9187	   9088.3633	   8046.5887	   7655.5191	   6295.9366	   4861.6165	   3443.7759	   2747.7458	   1862.7860	   1296.7052	    675.4760	    479.3268	    540.8500	    308.0022	    209.0517	    167.8823	    133.9685	     42.7711	    115.7486	    109.1739	     80.8540	    343.0867	    733.9738	    546.9426	    424.5774	    219.8085	    147.8392	    111.6917	      7.3859	     34.7548	     -8.9331	     -1.9153	     20.4321	   1221.7527	    966.4648	    635.0238	    336.1103	    183.7957	     81.8445	     42.7620	     38.8721	     31.0176	     65.2727	     85.9045	   1373.5173	    662.7007	    433.4598	    212.7261	    184.6661	     66.8234	     21.4881	      0.5759	     30.0687	     37.3599	     86.0681
      0.0679	      6.4508	     11.5770	     18.6753	     18.2005	     28.0583	     29.3571	     25.2678	     24.6266	     21.7569	     31.6784	     19.2516	     13.9048	     15.2211	     15.1959	     13.1704	     10.6976	     11.7644	     10.6424	      7.7486	      6.0556	      5.1005	      4.1945	      4.9845	      2.5323	     15.4679	     -0.0027	      0.4535	      5.3810	      3.4036	      7.6449	      9.8130	      9.7756	     10.4820	     11.3114	     13.0243	     11.9446	      9.9772	     10.3215	     11.1669	      7.1849	      6.9967	      6.4906	      6.0983	      6.8080	      4.8506	      5.8401	      3.1339	      3.8610	      3.6046	      0.9743	     12.3668	      4.6763	     17.1809	    619.9505	   2042.9994	   3141.2030	   3594.9880	   3877.6579	   3700.0673	   3072.3927	   2803.9961	   1963.0810	   1639.6212	   1026.8820	    466.6797	    652.7551	    222.4002	    212.2870	    106.1151	    156.5261	     28.2242	     41.3503	     21.6348	    -30.4351	      0.1005	      0.1997	     -6.4520	     11.1787	    218.6390	   2029.4656	   4949.6328	   8081.4751	   8727.0369	   8959.0206	   7685.2258	   6612.6554	   4917.5081	   4014.0297	   2125.3410	   1847.4037	   1499.8488	    664.8795	    694.7528	    440.6445	    282.2240	    246.3170	    190.1543	    174.2779	    120.9526	     60.8856	    -14.9249	    -21.4256	    127.4300	    754.6857	    599.5927	    323.4683	    192.8592	     65.1087	      3.8761	     53.0738	     12.2623	     36.4388	      2.3417	     49.7408	   1275.9609	   1110.0530	    631.8878	    340.0136	    170.9914	    102.3101	     78.4648	     17.1888	     25.7892	     22.0890	     84.4265	   1258.7314	    686.8766	    480.4927	    313.4388	    183.6355	    108.5222	     56.3447	     66.1380	     17.3562	      2.6907	    115.9421
      0.0214	      2.9902	      8.0530	     10.9227	     13.9685	     22.4867	     24.3320	     19.0771	     16.9962	     19.7614	     19.2516	     19.9880	     14.3993	     15.8527	     12.0890	     12.3175	     10.2894	     10.0884	      7.2305	      6.7622	      5.4832	      6.1106	      3.9147	      5.1180	      3.5423	     18.6756	      0.0054	      1.1267	      4.7522	      3.7789	      5.2247	      6.8548	      7.4400	      9.9048	     10.4943	      9.1082	      8.3969	      9.6335	      8.8690	      8.8845	      6.1992	      6.2667	      4.9458	      6.7871	      5.1691	      4.2209	      5.6217	      4.0149	      3.3909	      2.3377	      2.3888	     14.7786	      2.4866	     14.1349	    507.0788	   1694.6147	   2702.6607	   2931.7259	   3299.8043	   3180.9734	   2615.2873	   2141.9714	   1592.2520	   1329.3150	    884.0025	    571.2507	    435.0609	    344.1899	    135.9828	     66.2670	     87.9005	     41.6921	     37.2655	     24.8933	     23.6635	      8.0236	      1.2173	     12.4513	     22.3449	    132.8571	   1669.4480	   4020.0166	   6442.3490	   7479.5848	   7132.8023	   6364.5626	   5226.5244	   3966.7567	   3005.0082	   2092.0876	   1574.7158	   1112.2758	    578.7290	    510.6488	    437.5746	    247.0321	    183.9008	    146.2445	    124.6046	     83.4517	     70.8624	     62.5530	     40.6868	    165.1459	    646.7744	    478.2402	    323.0892	    186.7956	     96.4500	     55.3425	     20.8756	     22.7293	     11.9030	     -0.3868	     26.3432	   1089.4704	    836.1331	    535.1322	    290.9166	    162.0869	     75.2681	     42.6106	     23.7638	     27.4178	     39.5738	     71.5230	   1159.7425	    607.4722	    441.2362	    213.2329	    166.1978	     87.8389	     43.9304	     25.0214	     17.2277	     17.5402	     81.0135
     -0.0459	     -2.0293	      1.5887	      3.8960	      8.7187	     15.9572	     17.4667	     14.4153	     13.4204	     16.1444	     13.9048	     14.3993	     21.4094	     15.1494	     13.2300	     10.9134	     10.4702	      9.8699	      7.1829	      7.2808	      7.0853	      7.4077	      4.7145	      5.0624	      5.1892	     28.2945	      0.0066	      0.6482	      5.3053	      3.4903	      4.1521	      4.2946	      6.2373	     10.1171	      9.7364	      7.3150	      6.8692	     12.2919	      8.6654	      6.7890	      7.9376	      7.5670	      5.7794	      8.3238	      4.9433	      4.6177	      5.2462	      5.5158	      4.6504	      3.4086	      4.8213	     27.2022	     -1.7146	      0.3559	    265.7802	   1148.7449	   2201.8541	   2395.9567	   3026.7416	   2945.4114	   2606.0029	   1874.0209	   1707.3945	   1280.5461	   1033.3897	    776.4704	    307.9608	    536.3202	    177.3858	    125.7269	    121.3662	    114.6415	     30.3153	     33.3450	     36.7348	     32.5847	     10.8746	     67.0727	     12.1466	     48.2458	   1226.8746	   3527.6314	   5211.4061	   6812.3734	   6422.2393	   6079.3620	   5049.8070	   4136.4244	   3075.4116	   2673.3709	   1826.3556	   1311.3540	    985.3495	    600.3681	    555.9651	    396.1946	    284.9030	    178.3538	    130.7044	    136.2322	    115.9487	    154.5729	    103.7666	    388.0402	    560.5724	    420.5969	    348.8014	    154.0961	    113.7757	     95.1562	      5.8468	     37.6784	      3.4741	     10.0576	     26.1485	   1183.5304	    778.9907	    556.1391	    327.9619	    154.1416	     91.7160	     46.9262	     46.8422	     21.9544	     35.1262	     57.9930	    947.8816	    658.1548	    385.7054	    201.8280	    128.2045	     73.6333	     60.1866	      3.3985	     19.6577	     30.6313	     64.8397
      0.0069	     -3.7095	      1.8074	     -0.3693	      5.8970	     16.5688	     17.9501	     15.0496	      9.0791	     19.4522	     15.2211	     15.8527	     15.1494	     22.9656	     10.3037	     13.5032	     11.3293	     11.4222	      7.6766	      8.3371	      5.9555	      9.4596	      4.5187	      6.6235	      5.9204	     33.1420	      0.0122	      1.9848	      6.4698	      3.7976	      2.2787	      3.6331	      5.8386	     11.0936	     10.2675	      6.5255	      7.5264	     12.7875	      9.6358	      7.8062	      7.2652	      6.4818	      5.1793	     10.4057	      4.5082	      4.0679	      6.5782	      5.5736	      3.9606	      3.6252	      4.9382	     26.0209	     -2.9456	     -5.9288	    279.9473	   1025.7812	   2101.8689	   2083.0395	   2969.1990	   2709.9128	   2294.0735	   1716.3022	   1553.3591	   1359.6196	   1006.5589	    974.6454	    350.5372	    580.6508	    122.4920	    102.5939	     55.2113	    100.7302	     45.6108	     41.8886	     61.0743	     30.4386	     14.4129	     19.1735	     20.3416	     12.0177	   1155.7014	   3225.7904	   4833.9056	   6618.4778	   5979.2922	   5901.8322	   5057.7160	   4146.2141	   2969.0879	   2848.1033	   1816.4780	   1130.3415	    870.5136	    517.6358	    631.8623	    424.8843	    232.7367	    135.1325	    141.5419	     61.5206	    120.2949	    193.2968	     88.7790	    471.7429	    616.0365	    440.9290	    414.4271	    145.5700	    142.9361	    144.8714	      2.6865	     49.0348	    -24.1628	      7.3522	      6.6147	   1215.3479	    818.9889	    616.1755	    310.1580	    182.6210	     70.7072	     46.0809	     38.1755	     13.1147	     56.3319	     69.7852	    940.5842	    579.7312	    374.0851	    150.0026	    119.2581	     46.2515	     30.9579	    -30.7163	     13.0797	     32.3080	     66.1853
      0.0055	      2.2755	      3.2488	      8.0938	      9.3938	     16.8190	     14.8805	     14.1088	     15.6855	     12.4864	     15.1959	     12.0890	     13.2300	     10.3037	     14.9735	      8.1722	      7.4879	      8.5277	      7.6316	      5.4201	      6.1572	      4.4334	      4.2500	      3.6781	      2.6669	     18.0117	     -0.0023	     -0.1574	      2.6831	      2.1071	      4.8678	      4.9843	      5.5166	      7.3894	      7.1088	      8.2694	      6.9413	      8.4754	      7.3027	      6.6775	      6.6348	      5.6219	      5.8153	      4.9876	      5.0026	      4.4681	      3.9726	      3.5251	      3.8791	      2.8758	      2.5602	     17.3788	     -1.0339	      6.6756	    279.7687	   1130.0203	   1817.1610	   2202.8517	   2387.3602	   2407.3097	   2225.0108	   1844.4334	   1472.7300	   1167.7344	    832.8257	    459.3083	    394.5689	    330.7453	    191.5013	    110.6793	    139.2263	     70.7491	     30.1022	     18.8671	     -6.1487	     15.6653	      5.8597	     49.0584	      0.1528	     80.0830	   1188.2718	   2944.6423	   4739.3311	   5524.1543	   5913.2665	   5160.0338	   4400.5318	   3578.3061	   2873.5236	   1967.4459	   1516.2477	   1260.2013	    783.5433	    614.9469	    427.4282	    310.4866	    264.0564	    200.6417	    131.9431	    133.8646	     74.4832	     52.5217	     38.4273	    222.9241	    520.5206	    427.9742	    256.9351	    138.9356	     62.6168	     30.0486	     32.3738	     16.2531	     26.2630	      9.2691	     35.1464	   1027.6487	    811.2752	    509.3021	    296.5354	    129.2866	     88.6087	     64.9174	     28.1002	     22.1516	     14.8833	     64.5794	    851.2151	    587.5816	    375.9186	    232.0331	    124.3080	     77.8406	     60.3325	     44.1642	     16.3572	      9.1828	     81.1854
      0.0182	     -0.6481	      3.6854	      3.1494	      6.3647	     13.3678	     15.8499	     12.4574	      9.8055	     15.1003	     13.1704	     12.3175	     10.9134	     13.5032	      8.1722	     12.4586	      8.4369	      8.2901	      5.7738	      6.2499	      4.1018	      5.7076	      3.7688	      4.5194	      3.8145	     20.8244	      0.0060	      1.4441	      4.4434	      2.8310	      2.3035	      3.9974	      4.9423	      7.6249	      7.8240	      6.0609	      6.7748	      8.0923	      7.0937	      6.4924	      4.7417	      5.5601	      4.0533	      6.8562	      4.3234	      3.5346	      4.9433	      3.6019	      2.6788	      2.0174	      2.9959	     17.0119	      0.2749	      4.0107	    256.2291	    935.6794	   1655.9378	   1744.4282	   2285.4453	   2181.0176	   1810.9129	   1493.2221	   1237.2115	   1090.6084	    818.9161	    617.8403	    376.9163	    381.8952	    127.2751	     82.4590	     66.4880	     65.8023	     41.6195	     20.2214	     42.5073	     16.7259	      7.5319	     16.6690	     12.2262	     58.3778	    972.9144	   2463.8365	   4030.2274	   5059.8105	   4796.2631	   4674.4437	   3915.0865	   3188.6385	   2463.3200	   1999.9142	   1455.1731	    996.9835	    655.8961	    498.7701	    464.1738	    295.9578	    191.9391	    139.0779	    130.2747	     77.2183	     85.5134	    107.4094	     65.1174	    277.6432	    481.6962	    368.1707	    299.5173	    140.4204	    102.8799	     79.4184	     13.6268	     29.0725	     -5.8081	      3.9216	     22.8712	    916.2150	    682.2663	    480.0960	    252.4588	    149.6800	     62.4525	     43.2131	     23.6789	     19.8341	     33.9409	     71.8360	    785.0101	    453.5945	    304.3947	    142.3984	    111.8545	     49.6440	     20.7951	     -5.1769	     14.3831	     16.3929	     54.9079
     -0.0173	     -2.5464	      1.9106	      2.4485	      5.5907	      9.5164	     13.6863	     10.3558	      8.3419	     13.8054	     10.6976	     10.2894	     10.4702	     11.3293	      7.4879	      8.4369	     11.1262	      6.7938	      5.5054	      6.1281	      3.7737	      5.7742	      4.0390	      3.9701	      3.8346	     22.4399	      0.0057	      1.1265	      4.0377	      2.3775	      2.4793	      2.5139	      4.5607	      7.4177	      7.4589	      4.9881	      5.3445	      7.5176	      6.4036	      5.0882	      4.1388	      5.9156	      3.9977	      6.5349	      4.4326	      3.1646	      4.4478	      3.5649	      2.5053	      1.9443	      3.8085	     20.5847	      0.4866	      1.7774	    160.0487	    732.5284	   1361.2563	   1496.1514	   2052.3177	   1874.7151	   1561.9019	   1252.1346	   1117.6801	    932.5133	    790.2640	    600.3616	    297.6624	    361.7447	    112.2167	     90.3808	     49.1865	     83.6937	     38.6695	     24.0057	     43.1799	     16.1202	      3.6376	     11.6132	      9.1747	     35.6858	    765.4010	   2173.3653	   3456.2715	   4578.7161	   4074.9948	   4131.1370	   3498.5096	   2922.8861	   2149.0371	   1928.4237	   1288.1053	    964.3581	    654.4506	    389.9514	    412.4339	    285.6358	    200.7635	    143.7072	    107.2415	     54.8322	    105.4583	    103.4631	     83.6501	    345.8915	    387.4796	    318.4557	    266.7842	    133.7577	    104.7404	     82.6145	      1.3393	     26.2280	     -9.7325	      6.9901	     23.6377	    801.4569	    608.8331	    435.6236	    245.3624	    119.6715	     64.9366	     42.5160	     33.9569	     18.5072	     38.0194	     65.7084	    697.4389	    405.1728	    235.0424	    130.8793	    101.0521	     25.4532	     16.5295	     -8.1419	     19.8077	     28.5473	     54.2146
      0.0228	      0.2296	      2.2948	      2.8855	      5.1469	     12.5796	     11.7693	     10.9738	      9.5225	     11.8191	     11.7644	     10.0884	      9.8699	     11.4222	      8.5277	      8.2901	      6.7938	      9.7892	      5.8803	      5.2382	      4.7083	      4.9763	      3.5053	      3.9712	      2.9653	     18.9515	      0.0025	      0.6570	      3.2063	      2.0261	      2.4538	      3.5149	      4.2715	      6.6726	      6.2674	      5.8487	      5.9574	      7.5881	      6.4755	      5.6997	      5.2978	      4.6086	      4.4305	      5.9172	      3.7871	      3.4742	      4.0634	      3.3149	      2.9394	      2.4679	      2.6086	     16.0256	     -1.8410	      0.6189	    202.7335	    772.5593	   1340.9085	   1507.2699	   1882.1688	   1849.3088	   1645.9391	   1368.7373	   1127.0135	    977.5154	    718.5947	    522.1424	    320.2295	    340.1372	    134.3268	     90.8215	     79.2624	     64.0022	     31.4785	     23.3661	     18.2680	     17.1873	     10.3469	     26.8096	      3.6520	     39.4043	    863.5321	   2151.8291	   3476.7871	   4347.2656	   4423.1860	   4102.4883	   3554.5101	   2949.6880	   2345.2555	   1829.8949	   1345.7962	    973.3585	    666.6847	    490.1107	    421.5055	    299.9608	    206.4101	    139.1762	    125.4626	     85.7751	     78.3751	     83.4059	     41.0344	    261.2247	    453.5656	    361.7562	    267.6221	    120.4165	     79.4798	     60.3809	     21.0615	     23.5188	      3.2365	      7.8088	     25.1385	    904.7422	    687.7037	    471.4723	    246.7229	    131.6747	     68.3631	     55.1168	     23.9170	     15.0047	     23.6614	     65.5078	    646.3150	    430.5716	    284.8732	    145.7779	     92.0101	     45.6690	     33.4449	      7.7334	      9.2723	     11.9564	     58.8647
      0.0365	      0.3129	      1.6936	      5.4202	      4.7077	      9.6219	      8.5817	      9.4533	      9.2693	      8.4877	     10.6424	      7.2305	      7.1829	      7.6766	      7.6316	      5.7738	      5.5054	      5.8803	      8.2763	      4.3895	      4.1819	      3.4556	      3.5430	      2.7910	      1.8769	     16.8842	     -0.0041	      0.0047	      2.2936	      0.8965	      3.1406	      2.5575	      3.4996	      4.8852	      4.7660	      5.4637	      5.4490	      5.8532	      5.3932	      4.7552	      4.4698	      3.8319	      4.2343	      4.2940	      4.0904	      2.8437	      2.9932	      2.3071	      2.5894	      2.9613	      2.0570	     15.5205	     -1.8537	     -1.2734	    127.2214	    525.6023	    879.4393	   1135.5671	   1391.2344	   1294.3369	   1249.1771	   1172.2445	   1014.6473	    838.1368	    637.9695	    407.7785	    334.1058	    249.8846	    160.2328	    103.9371	     99.5615	     77.0551	     28.7825	     23.1572	     -9.1874	     12.4706	      8.5407	     21.4219	     -6.7889	     20.3282	    543.4324	   1559.7881	   2514.5728	   3047.3099	   3387.7609	   3136.2478	   2897.8357	   2544.2665	   2100.1574	   1474.1574	   1165.9380	    994.6616	    680.5571	    500.2445	    367.8154	    299.8088	    240.0096	    183.7888	    122.9468	     85.5903	     86.0214	     48.1981	     17.6851	    288.0135	    347.1282	    321.5070	    187.5935	     80.7109	     40.3833	     29.3977	     26.4137	     13.0537	      9.5085	     10.1085	     25.2883	    738.3369	    646.5258	    396.8120	    216.0083	     85.1728	     65.4500	     67.2055	     23.3481	     11.3660	     10.3264	     55.0113	    453.9838	    383.0197	    198.2900	    158.2004	     65.6891	     28.2161	     31.2372	     26.2493	      9.9025	      3.5126	     62.0776
      0.0027	     -2.3098	      1.0135	      1.3884	      2.9318	      6.0129	      8.2462	      7.2011	      5.4741	      9.1446	      7.7486	      6.7622	      7.2808	      8.3371	      5.4201	      6.2499	      6.1281	      5.2382	      4.3895	      6.3882	      2.9290	      4.1149	      2.9774	      2.8709	      2.9267	     17.6857	      0.0032	      0.8413	      3.2785	      1.5399	      1.3818	      1.7282	      3.1087	      5.0161	      4.9510	      3.7213	      4.4797	      5.8542	      4.9591	      3.6655	      3.4134	      4.1732	      3.0575	      5.1705	      3.3640	      2.2589	      3.1750	      2.5404	      2.0156	      1.9703	      2.7286	     16.1805	     -0.5556	     -3.9721	     94.3551	    413.2799	    866.1595	    933.0307	   1411.9204	   1254.2003	   1073.0985	    871.6023	    842.3037	    700.0521	    596.1394	    477.9266	    239.7885	    277.9089	    101.1981	     85.5574	     51.8176	     74.4285	     28.3053	     17.8906	     27.5262	     16.6964	      7.1961	     13.6036	      2.9118	     16.1472	    466.7874	   1469.2131	   2182.9279	   2973.3086	   2716.1086	   2874.0238	   2527.2438	   2179.8345	   1657.2129	   1480.2884	   1033.4840	    757.1368	    571.9203	    352.0254	    339.3679	    253.9746	    171.9609	    115.5229	     94.8090	     53.0161	     84.4796	     89.8162	     57.6560	    294.8806	    271.0634	    229.2484	    197.4549	     77.1073	     70.7549	     63.8976	      5.4366	     21.5246	     -8.8067	      6.9612	     17.7504	    602.4974	    453.0628	    326.6196	    177.4204	     89.6633	     49.3197	     37.5765	     23.9549	     10.1998	     21.7551	     47.6091	    456.2826	    328.6483	    175.0137	    110.4961	     67.8313	     21.5825	     15.8737	     -7.6437	     12.2863	     15.9690	     39.4482
      0.0226	      0.9625	      0.9126	      2.4194	      2.7649	      7.7300	      4.5402	      6.0422	      6.4398	      4.9288	      6.0556	      5.4832	      7.0853	      5.9555	      6.1572	      4.1018	      3.7737	      4.7083	      4.1819	      2.9290	      6.6907	      2.5187	      2.5404	      2.2594	      1.3188	     12.5121	     -0.0021	     -0.3079	      1.2476	      1.0680	      1.9834	      2.0937	      2.2927	      3.6208	      3.2425	      3.8258	      3.7063	      4.6721	      4.1755	      3.2521	      4.0688	      2.7776	      3.4987	      3.5230	      2.6776	      2.5324	      2.2085	      2.1525	      2.5885	      2.1147	      1.8125	     11.5275	     -4.0150	     -1.6264	    106.9952	    457.4503	    650.1597	    854.9447	    935.9511	   1041.8662	   1026.6646	    828.0194	    697.8090	    560.9022	    467.9182	    281.0208	    169.5941	    241.1294	    120.6611	     84.6841	     71.8662	     57.1305	     12.5852	     21.8353	     -1.3168	     16.8912	     12.4299	     45.6376	     -6.5003	     10.4965	    534.6810	   1241.8228	   1907.6405	   2355.8878	   2646.8360	   2279.3275	   1996.6609	   1797.1423	   1539.1054	   1162.2278	    920.5370	    705.9064	    560.8149	    393.3087	    285.1061	    233.3986	    179.5916	    117.2133	     97.6527	     86.7706	     64.2904	     45.7687	     20.0514	    177.8475	    267.6895	    226.1386	    144.2731	     75.1393	     38.1949	     22.7968	     17.1905	     14.5317	      9.6837	      9.8537	     27.7060	    588.4955	    434.6408	    293.9496	    154.0813	     70.6801	     52.2306	     52.1125	     19.0596	      8.8096	      6.0886	     43.9602	    411.5832	    368.5079	    239.7637	    133.6550	     66.5422	     38.2978	     44.8359	     17.1665	      2.4771	      6.1486	     48.4082
     -0.0289	     -4.2200	     -1.6758	     -2.8237	      1.5231	      4.6783	      6.3585	      5.2575	      2.0646	      8.9006	      5.1005	      6.1106	      7.4077	      9.4596	      4.4334	      5.7076	      5.7742	      4.9763	      3.4556	      4.1149	      2.5187	      6.6324	      2.2007	      3.1749	      3.3640	     19.2439	      0.0079	      0.8901	      2.9819	      1.5802	      0.5705	      0.1220	      2.3536	      5.3954	      4.5567	      1.9909	      2.2183	      6.3682	      4.5340	      2.5780	      3.5199	      3.2366	      2.2984	      5.4594	      2.0038	      1.5821	      3.1453	      3.1833	      1.9700	      2.0664	      3.3885	     16.7413	     -1.9707	     -7.8455	     44.8611	    261.1092	    790.3987	    742.2660	   1284.1589	   1045.5628	    919.9657	    580.0727	    658.2460	    557.5192	    436.4751	    524.0354	     90.0581	    306.3789	     28.2475	     48.6982	      4.0673	     63.3395	     16.5130	     24.8657	     35.8107	     18.2708	      4.4464	      1.7040	     12.1318	    -34.2199	    330.5750	   1268.4114	   1715.9001	   2814.0367	   2271.8355	   2447.7839	   2168.5370	   1813.2973	   1110.0442	   1429.1811	    724.8008	    465.1835	    411.6510	    127.4073	    290.9959	    200.1320	    102.3162	     59.0313	     38.0615	     -4.3659	     69.9891	    116.8529	     60.9274	    312.2017	    226.7568	    146.3649	    184.8805	     50.7727	     76.8406	     93.9843	    -10.8415	     26.1906	    -19.9748	      4.3379	     -8.9252	    487.8340	    296.2708	    256.1545	    139.9341	     66.9427	     29.3878	     15.5869	     28.0616	      2.8694	     38.2979	     24.3374	    380.0484	    224.9040	    127.4968	     48.8987	     42.5174	      2.7612	      9.2522	    -24.5046	     10.5163	     26.9229	     27.4032
