      0.0520	      0.0342	      0.0453	      0.0502	      0.0267	      0.0849	      0.0063	      0.0534	      0.0501	     -0.0044	      0.0679	      0.0198	     -0.0432	      0.0070	      0.0054	      0.0186	     -0.0177	      0.0228	      0.0365	      0.0027	      0.0225	     -0.0289	      0.0102	      0.0072	     -0.0278	     -0.0425	     -0.0001	     -0.0000	      0.0108	     -0.0021	      0.0066	      0.0394	      0.0031	     -0.0188	     -0.0120	      0.0298	      0.0546	     -0.0301	      0.0107	      0.0340	     -0.0043	     -0.0217	      0.0101	      0.0030	      0.0139	      0.0106	      0.0085	     -0.0209	     -0.0017	      0.0092	     -0.0310	     -0.0816	     -0.0336	      0.0942	      3.6457	      6.2048	      0.5358	      2.5312	     -1.4490	      1.2864	      1.4592	      6.8177	      2.8710	      4.8401	      3.0806	     -0.6201	      4.1350	     -0.2202	      1.6716	      0.7618	      0.8176	     -0.0061	      0.2000	      0.1873	     -0.3305	     -0.0183	      0.2214	      0.2655	     -0.2386	      1.0670	      7.8399	      3.9785	      7.1469	     -6.0168	      5.0452	      0.1299	      1.3829	      4.3650	     11.0176	     -1.4659	      6.4373	      5.0295	      3.1068	      5.8479	      1.8049	      1.3602	      1.2355	      1.3312	      1.6788	      0.9448	      0.3302	     -0.8697	     -0.9410	     -0.8220	      1.5064	      1.7966	     -0.1680	      0.2767	     -0.5197	     -0.8071	      0.5972	     -0.1539	      0.1973	      0.0300	      0.4255	      1.5016	      3.1750	      1.1136	     -0.0764	      0.2936	      0.0600	      0.7593	     -0.3023	      0.0329	     -0.3411	      0.6765	     -1.5158	      0.6296	      0.9061	      0.4234	      0.0600	      0.1692	      0.0379	      0.3410	     -0.2687	     -0.5531	      0.2675
      0.0342	      2.9693	      2.3395	      3.6871	      2.8021	      4.6568	      2.5654	      2.7530	      4.1079	      0.5503	      2.8041	      1.4210	     -0.3160	     -0.4442	      1.0334	      0.2858	     -0.6095	      0.5529	      0.4054	     -0.5305	      0.5020	     -1.1195	     -0.2115	     -0.0494	     -1.1241	     -5.3854	     -0.0028	      0.0338	      0.3724	      0.1318	      1.2492	      2.0224	      0.8268	     -0.2993	      0.2247	      1.5895	      1.1076	     -0.9134	      0.1915	      1.2581	      0.3463	     -0.1561	      0.4091	     -1.0841	      0.1802	      0.5545	     -0.1191	     -0.5230	      0.0526	     -0.2643	     -1.1405	     -5.6126	      0.6424	      8.7074	    193.2508	    440.8910	    387.1495	    489.2582	    220.2888	    335.7867	    252.5628	    314.6843	     64.9599	     62.2349	    -27.5316	   -134.9196	     77.8207	    -70.8049	     20.7809	     -4.5681	     16.3277	    -30.3473	     -2.3260	     -2.9633	    -18.6805	     -6.6691	      0.4394	      1.5051	     -0.6550	     56.9583	    370.1815	    446.7560	    840.2111	    449.5781	    755.5698	    331.5087	    221.3276	     61.2617	    230.6898	   -192.0181	     32.3265	     29.1910	    -64.1272	     74.8782	    -26.7648	    -35.5441	     -0.1100	      2.7535	     23.2553	     22.3156	    -22.1431	    -51.5155	    -33.1099	   -134.1755	    168.7920	    155.2601	     44.2496	     46.5434	     -8.7420	    -33.4426	     17.1740	     -4.0521	     16.1166	     -1.5058	     16.2767	    204.3178	    222.3971	    103.9876	     35.0358	     24.6067	     12.0006	     12.8501	     -6.9363	      7.0532	     -6.3116	     14.1490	    242.2499	    136.5148	    121.5492	     54.0420	     27.5763	     26.5674	     15.1246	     25.4683	     -1.0747	     -8.1026	     17.3911
      0.0453	      2.3395	      7.7566	      7.4710	      7.2530	      9.0876	      8.5477	      6.5099	      8.7009	      2.6554	      5.6601	      3.3505	      0.6547	     -0.6177	      1.9533	      1.0901	      0.1977	      0.7393	      0.6170	     -0.1854	      0.4907	     -1.6364	      0.2641	     -0.3564	     -1.2030	     -7.9426	     -0.0028	      0.1197	      1.3491	      0.8520	      2.8576	      3.7368	      2.4632	      0.5337	      1.1190	      3.0237	      2.4499	     -0.8084	      0.5162	      2.1063	      0.3092	      0.8690	      0.8942	     -1.4835	      0.8054	      0.9148	      0.1441	     -0.8684	      0.0748	     -0.6283	     -1.4307	     -7.2407	      3.5170	     22.6021	    491.5204	   1088.5890	   1146.3847	   1268.8323	    860.9297	    914.7568	    633.4393	    645.0167	    161.1834	    145.5400	     -4.8341	   -212.8682	    118.6854	   -124.6295	     31.3762	      3.9915	     30.3285	    -38.3976	      8.5065	    -11.7610	    -21.7078	    -13.5342	     -5.2872	     -0.2595	      1.3442	    131.5473	    949.7886	   1446.7240	   2215.1271	   1567.4659	   1707.5920	    915.2789	    630.8537	    225.4679	    405.9006	   -290.4722	     69.5698	    101.6466	    -98.9247	    113.4070	    -48.7234	    -46.8862	     -8.6202	     20.9485	     34.9309	     39.4201	    -29.0494	    -85.4605	    -37.5570	   -194.1051	    192.3255	    151.8125	     24.4888	     63.7096	    -10.0135	    -50.7541	     26.1418	     -9.7484	     23.4470	     -2.2665	     23.9951	    192.2483	    235.9263	     91.6279	     56.7109	     36.2880	     21.3480	     10.3007	    -12.5921	     10.5581	    -10.1071	     24.9712	    431.6709	    174.2529	    180.0775	     98.8364	     68.1323	     53.5147	     24.3324	     40.8100	      0.6566	     -8.9318	     31.6838
      0.0502	      3.6871	      7.4710	     15.8435	     11.4866	     14.9844	     14.4822	     11.8306	     15.1730	      6.5197	     11.4196	      7.2841	      2.9565	      0.6569	      4.8912	      2.4782	      1.5263	      2.0052	      2.5857	      0.7110	      1.4029	     -1.4911	      0.5051	     -0.0462	     -1.5555	     -9.5116	     -0.0050	      0.3686	      2.2390	      1.0765	      5.1807	      5.7805	      4.4961	      1.4966	      3.3875	      5.9066	      4.1022	      0.3634	      2.2686	      4.1711	      1.6914	      1.6625	      1.7679	     -1.6528	      2.1580	      1.4493	      0.5204	     -0.5242	      0.6248	      0.0289	     -2.0422	     -8.0488	      5.5991	     25.4068	    650.4010	   1569.3910	   1884.6523	   2140.4842	   1671.4786	   1645.5479	   1252.6785	   1214.5167	    565.8538	    403.8032	    103.5361	   -209.9794	    243.8151	   -161.2113	     63.5922	     13.7740	     64.8018	    -45.3782	      6.7316	    -12.8358	    -44.8423	    -20.6730	    -10.5914	    -12.8694	      7.0094	    191.0556	   1346.8436	   2524.1215	   3908.3532	   3244.4231	   3442.2667	   2306.1010	   1836.4509	   1026.3592	   1026.3051	   -104.3042	    282.1963	    307.8540	    -83.3827	    184.6702	    -45.3690	    -59.6696	     25.3970	     54.0394	     39.4289	     50.0370	    -28.8007	   -120.1136	    -59.8530	   -245.1310	    368.6270	    326.7985	     78.8636	    102.4817	    -13.4432	    -70.1391	     34.9085	    -14.8294	     38.9926	     -5.2710	     31.0436	    418.6780	    502.1616	    202.1897	    118.7600	     55.1331	     41.9915	     20.1036	     -8.2219	     19.6047	     -7.8157	     25.8250	    866.4608	    453.3938	    344.7569	    214.0402	    122.8425	     87.8318	     49.7448	     73.7420	      9.8446	     -8.2824	     61.1250
      0.0267	      2.8021	      7.2530	     11.4866	     16.3856	     18.3822	     20.2707	     15.1716	     16.6543	     12.2156	     14.3481	     10.9001	      6.2509	      4.9354	      6.7374	      5.2627	      4.2303	      4.0632	      3.1655	      2.1946	      1.7782	      1.1140	      1.0668	      1.2748	      0.0036	     -3.1712	      0.0008	      0.5479	      2.7746	      1.8805	      5.3447	      6.0574	      6.0021	      4.5439	      5.5857	      6.5640	      4.8777	      2.8074	      4.0228	      5.0859	      2.5039	      2.8127	      2.1546	      0.6059	      2.6380	      1.7151	      2.0108	      0.6266	      1.0306	      0.3250	     -0.8259	     -3.5447	      7.1801	     28.3129	    733.7556	   1896.8750	   2537.1811	   2746.0621	   2460.2978	   2273.4989	   1716.2463	   1471.8682	    787.3203	    605.0954	    207.7218	    -22.6271	    224.5416	    -88.3615	     27.0294	    -13.8934	     42.6061	    -43.4607	     12.8160	     -0.6315	    -23.7358	    -20.9952	    -15.1845	    -28.2997	     22.3253	    197.1707	   1695.2756	   3541.6763	   5328.1242	   5204.2307	   4848.3620	   3647.7586	   2874.4813	   1720.4160	   1261.7442	    317.8527	    363.7287	    332.6661	   -117.1266	     94.6553	     -7.7785	    -60.0675	     -7.6343	     35.0266	     18.9248	     15.7659	    -21.7775	    -85.5286	    -37.9499	   -181.9054	    407.4867	    279.0724	    107.3457	    114.3182	     16.6489	    -27.7157	     25.2901	     -7.8362	     29.5530	     -8.3291	     14.3452	    454.1590	    444.9261	    199.6718	    135.5126	     71.2033	     40.8304	      5.2032	     -1.1631	     19.8043	     15.1117	     28.6411	    974.0366	    383.5487	    333.5670	    186.9978	    140.9499	     91.5410	     39.5999	     57.7267	     12.8762	      4.5794	     64.9106
      0.0849	      4.6568	      9.0876	     14.9844	     18.3822	     49.3469	     37.0963	     26.7509	     29.4000	     21.0502	     25.8975	     20.0171	     13.3276	     13.4628	     15.0801	     11.4841	      7.6818	     10.9503	      8.2490	      4.5970	      6.6806	      3.0640	      3.4590	      3.7913	      0.3376	      5.0712	     -0.0040	      0.4118	      6.5882	      2.9860	      8.6134	      9.9527	      9.4337	      8.2691	      9.3866	     12.3506	     10.2307	      7.3133	      8.4944	      9.9606	      6.3802	      4.1772	      5.9656	      2.8764	      5.5500	      4.6192	      4.2157	      2.1965	      3.3040	      2.0987	     -1.0633	      0.1311	      4.9098	     42.8051	    913.8528	   2851.3051	   3807.7027	   4207.7220	   3800.6718	   3849.0824	   3240.5701	   2944.2762	   1816.1753	   1477.4869	    842.8715	    255.4234	    524.7314	    167.6980	    190.3295	      6.6687	    179.4196	    -10.2474	     50.4561	     22.6454	    -48.8920	    -19.6010	     -5.7281	      2.9786	     14.8626	    236.7476	   2649.7540	   5533.3408	   9181.1360	   9514.2213	   9861.0345	   7468.0371	   5877.7628	   4282.7065	   3541.7028	   1447.9724	   1495.6932	   1188.6142	    319.2659	    618.3034	    292.7000	    174.7147	    179.4002	    161.7521	    152.4887	    142.8416	      5.7878	   -100.9949	    -68.7914	   -158.0975	    687.8338	    497.1902	    220.0142	    174.1788	     24.2647	    -49.8452	     57.1529	     -0.4038	     51.7669	     -2.9295	     42.4270	    966.4693	    887.0553	    428.7661	    232.2524	    133.5188	     88.1110	     55.5964	     -4.6836	     26.6358	     -0.6217	     63.2413	   1363.7303	    695.5944	    568.4626	    311.3977	    203.1254	    145.5913	     82.9585	     87.9516	      7.7988	     -9.3682	    116.6545
      0.0063	      2.5654	      8.5477	     14.4822	     20.2707	     37.0963	     56.9194	     28.2163	     28.2538	     28.6001	     27.5289	     22.8082	     16.0301	     16.1197	     13.9023	     14.5425	     12.1999	     10.8256	      7.6258	      7.1147	      4.1667	      5.3184	      3.5899	      4.3710	      3.1334	     11.3473	      0.0065	      1.2723	      8.3922	      4.0245	      8.5425	      9.3159	     11.6381	     10.9749	     13.0354	     11.9781	     10.7282	      9.1480	      9.6741	     10.3443	      5.2085	      7.6628	      4.8798	      5.2826	      6.7602	      3.8370	      5.5833	      3.4426	      2.3035	      1.6392	      0.4112	      7.5614	     12.9770	     46.2540	    846.5544	   2834.8973	   4268.1138	   4470.9407	   4643.2834	   4325.9055	   3412.3170	   3010.4818	   2097.4405	   1614.7635	   1070.4292	    529.4107	    568.4244	    219.6390	    147.1290	    -24.8057	    141.8953	     13.4738	     66.0999	     22.6633	      2.5959	    -23.8277	    -18.0507	    -41.2286	     39.8378	    257.5347	   2518.1825	   6138.6118	   9998.1403	  11079.5181	  10123.2018	   8602.5100	   6657.8796	   4807.9418	   3602.8812	   1833.9400	   1600.7049	   1192.9968	    247.6307	    478.0543	    307.4877	    134.8270	    135.3305	    146.0574	    123.9401	     99.6972	     38.9883	    -46.1230	      6.2868	    -34.4947	    699.5159	    480.4813	    300.9652	    222.3193	     83.2952	      9.7066	     28.5899	     11.3520	     27.1050	    -11.2937	     33.1468	   1015.9972	    867.7486	    452.1183	    274.3909	    162.8627	     92.4170	     20.6612	     13.6464	     38.4895	     27.0054	     59.5005	   1524.0383	    627.1024	    456.6031	    273.7791	    233.9931	    135.3730	     43.8261	     53.9499	     29.5926	     16.0811	     96.8355
      0.0534	      2.7530	      6.5099	     11.8306	     15.1716	     26.7509	     28.2163	     27.1284	     23.5173	     20.9869	     24.4317	     18.3612	     13.6768	     14.0483	     13.4436	     11.8477	      9.7081	     10.3712	      8.7523	      6.6268	      5.5638	      4.7080	      3.8657	      4.3120	      2.3237	     12.9397	     -0.0004	      0.8055	      5.3500	      2.8404	      6.6674	      8.6068	      9.1824	      9.4700	     10.4951	     11.4149	     10.4333	      9.1605	      9.1066	      9.7534	      6.6342	      6.2149	      5.6608	      5.6279	      5.8149	      4.3287	      5.0709	      2.9984	      3.2321	      2.7520	      0.7829	     10.0742	      5.5401	     22.9155	    733.7285	   2220.4613	   3312.8014	   3691.1364	   3827.3659	   3628.7350	   2975.8942	   2607.8113	   1789.5767	   1445.5761	    886.2717	    435.5158	    521.3751	    194.7204	    175.7324	     77.4245	    134.2729	     26.1899	     43.9897	     23.1361	    -17.7840	     -4.7980	     -2.5309	     -2.2368	     18.0830	    207.5616	   2088.8200	   4957.6079	   7824.0889	   8530.3124	   8430.8493	   7115.1084	   5966.6626	   4408.4793	   3494.8821	   1899.8297	   1633.6817	   1263.2527	    546.4739	    600.9500	    361.2122	    236.6231	    200.4208	    166.5116	    143.5232	    112.2785	     57.0713	    -21.4976	    -15.0498	     78.3453	    698.6624	    533.2496	    292.5687	    183.1583	     65.0984	      9.1927	     45.0558	     10.2233	     31.6593	     -0.2049	     40.1507	   1125.5723	    970.7067	    542.0715	    312.8314	    166.7405	     97.2280	     58.8776	     16.2382	     27.0750	     21.6557	     75.3202	   1242.1299	    654.5352	    470.4775	    284.0993	    184.6907	    114.1049	     61.5746	     58.6895	     13.5300	      4.9470	    103.4423
      0.0501	      4.1079	      8.7009	     15.1730	     16.6543	     29.4000	     28.2538	     23.5173	     32.9327	     16.8800	     24.9458	     16.8039	     13.0319	      8.3847	     15.4581	      9.5141	      7.8169	      9.2392	      8.9568	      5.0452	      6.1780	      1.5116	      4.3088	      2.6082	      0.2059	      3.6411	     -0.0095	      0.4527	      4.8709	      2.1840	      8.7574	      9.9660	      9.2872	      7.3894	      8.9447	     13.2059	     10.6186	      6.7146	      7.9749	      9.6874	      6.5905	      6.2551	      6.8963	      2.1062	      6.5877	      5.3081	      3.7442	      1.6884	      3.4657	      1.9328	     -0.4267	      4.4022	      5.9973	     34.7011	    763.8031	   2404.0482	   3214.9077	   3903.1865	   3530.5120	   3601.9585	   3067.2897	   2836.3241	   1780.6596	   1394.4150	    838.8437	    111.2847	    587.7627	     72.9854	    233.7237	     95.0112	    191.6762	      7.6540	     42.3663	      0.3400	    -55.2939	    -14.3378	     -7.7045	     23.1088	      1.5045	    259.1799	   2240.0318	   4822.6151	   8105.4125	   8158.2726	   8852.7140	   6962.6759	   5790.3570	   4262.0742	   3694.7862	   1509.3132	   1604.7587	   1458.9386	    556.4558	    743.7223	    281.1716	    202.9116	    244.1597	    226.8597	    159.2604	    175.7324	     27.0832	   -108.7128	    -39.6686	    -91.1201	    719.8660	    614.2711	    241.9720	    207.1742	     27.3206	    -61.5679	     69.2762	     -8.6868	     65.8696	      3.5751	     67.6034	   1162.1377	   1116.2032	    572.0567	    351.3609	    159.1873	    118.2737	     80.5601	      8.2614	     37.0543	     -6.0432	     89.1085	   1396.1510	    796.9545	    575.7949	    380.8772	    216.7810	    146.1212	     90.3322	    110.8103	     18.5422	     -9.0435	    126.5256
     -0.0044	      0.5503	      2.6554	      6.5197	     12.2156	     21.0502	     28.6001	     20.9869	     16.8800	     29.5454	     21.4146	     19.8188	     16.1173	     19.5503	     12.3634	     15.1213	     13.7958	     11.8006	      8.3014	      9.0928	      4.8684	      8.9420	      4.9878	      6.4168	      5.3244	     27.6993	      0.0117	      1.3995	      5.2165	      3.3459	      4.3032	      5.8227	      8.9253	     12.2522	     13.3205	      9.2560	      9.3146	     11.3799	     10.9586	      9.1394	      6.1314	      8.1293	      5.3629	      9.5901	      6.2996	      4.2943	      7.1972	      5.1892	      3.1585	      2.6058	      4.0350	     22.8825	      4.8098	     13.4825	    533.9955	   1861.5632	   3165.1694	   3314.0789	   4086.7515	   3688.3628	   2923.9834	   2377.5466	   1909.9047	   1583.3646	   1134.2145	    868.5167	    506.9489	    456.9720	    118.5185	     65.6648	     59.9037	     72.7660	     53.9339	     37.1658	     56.1818	      8.3200	     -3.3056	    -24.2322	     34.5511	    126.2946	   1758.8545	   4667.2523	   7401.6848	   9088.5303	   8020.6603	   7631.6925	   6264.6558	   4822.2328	   3401.9275	   2733.6029	   1840.2920	   1268.3867	    655.2626	    463.7233	    534.8940	    300.1732	    200.5321	    161.0217	    130.6223	     39.1471	    113.4144	    110.0996	     81.5233	    335.7275	    735.6860	    544.6167	    426.2705	    221.1177	    149.6685	    113.4596	      6.4154	     35.1378	     -9.6730	     -2.3114	     19.5595	   1218.1678	    958.2467	    632.9083	    334.1715	    184.8766	     80.5028	     40.6483	     38.4758	     31.0025	     66.4688	     85.6345	   1379.6959	    657.6738	    435.5131	    208.8045	    185.2448	     67.0934	     20.7532	     -0.9885	     29.8830	     38.0161	     85.0010
      0.0679	      2.8041	      5.6601	     11.4196	     14.3481	     25.8975	     27.5289	     24.4317	     24.9458	     21.4146	     31.5722	     19.1174	     14.1339	     15.0198	     15.2310	     13.0292	     10.5826	     11.7009	     10.6136	      7.6389	      6.1007	      5.0036	      4.1731	      4.9295	      2.4198	     15.0158	     -0.0030	      0.7812	      5.6505	      2.6329	      6.9287	      9.1333	      9.5518	     10.2360	     11.1650	     13.0313	     11.8812	      9.8973	     10.2800	     11.1508	      7.1843	      6.9238	      6.5077	      5.9555	      6.7711	      4.8615	      5.7865	      3.0948	      3.8779	      3.5807	      0.9239	     12.0428	      4.5844	     17.5400	    622.4438	   2050.6654	   3134.3396	   3600.4766	   3857.6174	   3692.2793	   3070.3620	   2802.7817	   1950.4511	   1629.9043	   1015.5821	    449.3533	    648.2245	    216.1616	    211.6605	    105.8383	    156.6379	     26.4274	     40.3380	     21.3205	    -32.1781	     -0.2534	     -0.0493	     -5.6944	     10.7444	    219.8153	   2037.8521	   4942.3082	   8082.6707	   8704.1397	   8961.1438	   7653.2069	   6585.7305	   4889.9624	   3998.4196	   2098.1246	   1830.3651	   1494.2857	    656.9829	    690.9521	    433.2517	    277.2241	    244.7196	    189.9393	    172.8253	    121.0947	     59.3410	    -19.2214	    -23.5047	    118.5991	    754.7847	    600.3996	    319.5553	    193.4111	     63.3082	      1.1414	     53.6201	     11.3710	     37.6864	      2.3873	     50.1697	   1272.0880	   1110.3484	    629.8110	    339.5502	    169.2736	    102.3915	     78.8345	     16.8742	     25.8382	     21.6798	     84.4418	   1260.4136	    687.5341	    484.0498	    314.8923	    184.1513	    109.1977	     57.6949	     68.0837	     17.0845	      2.4443	    116.8236
      0.0198	      1.4210	      3.3505	      7.2841	     10.9001	     20.0171	     22.8082	     18.3612	     16.8039	     19.8188	     19.1174	     20.0026	     14.4605	     15.8983	     12.0730	     12.3214	     10.3013	     10.0837	      7.1769	      6.7521	      5.4742	      6.1512	      3.8943	      5.1298	      3.5665	     18.6979	      0.0056	      0.8860	      4.3373	      2.8955	      4.7093	      6.4091	      7.2390	      9.8091	     10.5160	      9.0731	      8.3366	      9.6639	      8.8680	      8.8640	      6.2033	      6.2706	      4.9248	      6.7999	      5.1359	      4.2104	      5.6270	      4.0406	      3.3914	      2.3229	      2.4137	     14.7887	      2.4864	     14.0913	    506.8962	   1694.2364	   2706.8468	   2932.1140	   3302.4982	   3182.5046	   2615.3034	   2135.6461	   1587.8530	   1325.4575	    879.9610	    572.4416	    430.7340	    345.1299	    133.7136	     65.0856	     86.4286	     41.2040	     36.9376	     24.9018	     24.2751	      8.0906	      1.0910	     12.2457	     22.7423	    132.1514	   1669.2850	   4021.8391	   6440.9268	   7488.6011	   7128.7517	   6362.2095	   5221.2430	   3958.0658	   2990.3705	   2092.6729	   1567.3216	   1103.9460	    573.6582	    504.0914	    436.2117	    244.9412	    181.5992	    144.2088	    122.9632	     82.0321	     70.3659	     63.5580	     41.3742	    164.5661	    646.6173	    476.5106	    323.5683	    186.9133	     97.1956	     56.3727	     20.3055	     22.9649	     11.6050	     -0.4959	     25.7843	   1088.1124	    832.1529	    534.0004	    290.4944	    162.0952	     74.9043	     41.7423	     23.9302	     27.3685	     40.1628	     71.0564	   1162.0526	    606.1709	    441.4720	    212.0363	    166.2546	     87.8275	     43.8382	     24.4784	     17.3276	     18.0334	     80.7044
     -0.0432	     -0.3160	      0.6547	      2.9565	      6.2509	     13.3276	     16.0301	     13.6768	     13.0319	     16.1173	     14.1339	     14.4605	     20.9730	     14.9516	     13.2251	     10.8518	     10.4124	      9.8277	      7.2257	      7.2300	      7.0150	      7.2649	      4.6748	      4.9957	      5.0701	     27.6524	      0.0062	      0.4744	      3.9989	      2.8174	      3.5717	      4.1344	      5.9383	      9.9523	      9.6588	      7.4053	      6.9414	     12.1152	      8.6323	      6.8521	      7.8746	      7.5264	      5.7629	      8.1811	      4.9773	      4.5977	      5.2090	      5.4075	      4.5984	      3.3909	      4.6739	     26.6196	     -1.4651	      0.9245	    272.1631	   1163.4350	   2210.2070	   2413.3703	   3026.3706	   2945.4063	   2602.7410	   1887.5569	   1704.2038	   1279.7576	   1025.1095	    759.7081	    314.0300	    522.1293	    177.7839	    124.5643	    122.4308	    111.7047	     30.4186	     32.6369	     34.3640	     31.3022	     10.3098	     65.1408	     12.0330	     52.9556	   1237.2186	   3539.1223	   5249.4638	   6812.7722	   6444.6797	   6077.2903	   5054.9561	   4127.4158	   3079.1506	   2635.4273	   1813.9106	   1309.6266	    970.3908	    600.3971	    546.5692	    389.7776	    282.3659	    178.6116	    130.3595	    136.1626	    113.9197	    147.9880	     99.7471	    377.0399	    563.2479	    423.9636	    345.4375	    154.6894	    111.3394	     91.4067	      7.3001	     36.3502	      4.8171	      9.7749	     26.7310	   1180.8704	    785.9932	    555.1600	    328.1428	    153.9642	     92.0595	     47.5393	     45.9032	     22.2152	     34.2749	     58.3955	    950.5532	    655.6819	    386.0838	    204.4717	    129.5330	     74.8456	     60.2625	      5.7251	     19.4770	     29.5177	     65.8483
      0.0070	     -0.4442	     -0.6177	      0.6569	      4.9354	     13.4628	     16.1197	     14.0483	      8.3847	     19.5503	     15.0198	     15.8983	     14.9516	     22.9381	     10.3059	     13.4680	     11.3316	     11.4177	      7.6654	      8.3287	      5.9558	      9.4459	      4.5129	      6.6188	      5.9104	     33.0664	      0.0122	      0.9353	      4.1756	      2.9224	      1.4981	      3.4494	      5.4801	     11.0784	     10.3078	      6.5329	      7.5056	     12.7384	      9.6333	      7.8133	      7.2524	      6.4904	      5.1751	     10.3904	      4.5083	      4.0686	      6.5766	      5.5636	      3.9536	      3.6123	      4.9264	     25.9461	     -2.9220	     -5.8356	    280.7926	   1027.8686	   2103.2232	   2084.8188	   2968.9053	   2710.7310	   2293.8211	   1717.0261	   1551.8284	   1359.0923	   1005.3493	    972.7004	    350.8350	    579.4838	    122.2348	    102.3073	     55.0530	    100.2626	     45.6232	     41.7162	     61.0548	     30.3156	     14.3489	     19.0470	     20.3627	     12.5280	   1157.4652	   3225.5912	   4837.4264	   6618.3370	   5980.5815	   5900.7707	   5055.7165	   4142.9586	   2967.4374	   2844.0379	   1814.5141	   1129.0483	    868.2108	    517.1804	    630.9452	    423.8890	    232.0746	    134.8864	    141.4268	     61.4315	    119.9562	    192.7926	     88.5897	    470.1223	    616.3763	    441.1982	    414.2736	    145.8144	    142.8711	    144.5913	      2.7727	     48.9386	    -24.0682	      7.3051	      6.6679	   1214.8600	    819.1569	    616.0528	    310.0977	    182.7261	     70.6384	     45.9987	     38.0361	     13.1654	     56.2950	     69.8968	    941.4815	    579.3099	    374.3957	    149.9693	    119.4397	     46.3828	     30.8911	    -30.5972	     13.0716	     32.2316	     66.2033
      0.0054	      1.0334	      1.9533	      4.8912	      6.7374	     15.0801	     13.9023	     13.4436	     15.4581	     12.3634	     15.2310	     12.0730	     13.2251	     10.3059	     14.9739	      8.1686	      7.4921	      8.5305	      7.6307	      5.4214	      6.1512	      4.4396	      4.2498	      3.6807	      2.6688	     18.0285	     -0.0023	      0.2669	      2.9829	      1.7259	      4.2447	      4.6915	      5.3237	      7.2818	      7.0311	      8.2480	      6.9324	      8.4738	      7.3093	      6.6738	      6.6350	      5.6199	      5.8168	      4.9908	      5.0006	      4.4687	      3.9745	      3.5281	      3.8817	      2.8766	      2.5651	     17.3927	     -1.0466	      6.6585	    279.5550	   1129.7859	   1817.0095	   2202.6213	   2387.5238	   2407.5115	   2225.1705	   1844.0815	   1472.4203	   1167.6524	    832.8429	    459.5233	    394.1743	    331.0822	    191.3510	    110.6927	    139.1024	     70.7723	     30.0714	     18.8931	     -6.1135	     15.6985	      5.8653	     49.0557	      0.1470	     79.9582	   1188.3207	   2944.6537	   4739.4392	   5525.4651	   5913.8725	   5160.2923	   4400.7702	   3578.3926	   2873.0784	   1968.2471	   1515.9829	   1259.9148	    783.5524	    614.4594	    427.5046	    310.5281	    264.0118	    200.4905	    131.8949	    133.7440	     74.5062	     52.6374	     38.4802	    223.1686	    520.4328	    427.8690	    256.9905	    138.9084	     62.6844	     30.1463	     32.3131	     16.2853	     26.2228	      9.2797	     35.1205	   1027.5353	    811.0416	    509.2709	    296.4586	    129.2132	     88.5688	     64.8969	     28.1193	     22.1195	     14.9342	     64.5550	    851.2818	    587.5819	    376.0103	    231.9448	    124.2643	     77.7593	     60.3348	     44.0958	     16.3511	      9.2407	     81.1868
      0.0186	      0.2858	      1.0901	      2.4782	      5.2627	     11.4841	     14.5425	     11.8477	      9.5141	     15.1213	     13.0292	     12.3214	     10.8518	     13.4680	      8.1686	     12.4392	      8.4199	      8.2789	      5.7586	      6.2362	      4.1030	      5.6751	      3.7617	      4.5082	      3.7974	     20.7144	      0.0060	      0.7908	      3.4290	      2.1113	      1.9073	      3.7473	      4.7774	      7.5201	      7.8383	      6.0584	      6.7710	      8.0550	      7.0799	      6.4995	      4.7259	      5.5647	      4.0485	      6.8370	      4.3255	      3.5368	      4.9350	      3.5870	      2.6707	      2.0021	      2.9729	     16.9179	      0.3055	      4.1387	    257.1006	    938.3294	   1656.0291	   1745.8583	   2283.2218	   2181.9824	   1810.7542	   1494.6895	   1236.6104	   1089.6305	    818.7598	    615.1930	    377.5904	    380.4819	    127.7011	     82.3380	     66.7430	     65.4357	     41.6078	     20.1417	     42.4175	     16.6162	      7.5439	     16.8740	     12.1963	     59.2562	    974.9588	   2464.1956	   4033.9250	   5057.4407	   4796.7980	   4672.7995	   3911.2887	   3185.3797	   2464.2926	   1994.6024	   1455.4961	    996.9449	    654.9302	    500.1822	    463.0973	    295.1540	    191.7644	    139.0203	    130.5952	     77.8558	     85.2951	    106.5701	     64.8895	    275.2217	    482.2598	    368.8539	    299.3168	    141.0352	    102.6823	     78.7637	     13.8001	     28.9445	     -5.5867	      3.8861	     23.2323	    916.7349	    683.0548	    480.1378	    252.4515	    149.9134	     62.5887	     43.3058	     23.5580	     19.9857	     33.7084	     72.0344	    785.2357	    453.6420	    304.7207	    142.5388	    112.1173	     49.9743	     20.8866	     -4.9659	     14.3254	     16.2064	     54.8477
     -0.0177	     -0.6095	      0.1977	      1.5263	      4.2303	      7.6818	     12.1999	      9.7081	      7.8169	     13.7958	     10.5826	     10.3013	     10.4124	     11.3316	      7.4921	      8.4199	     11.1277	      6.7928	      5.4970	      6.1252	      3.7756	      5.7864	      4.0328	      3.9722	      3.8401	     22.4464	      0.0058	      0.6913	      2.6305	      1.7138	      1.9686	      2.2285	      4.3544	      7.3142	      7.4801	      4.9622	      5.3180	      7.5297	      6.4021	      5.0830	      4.1427	      5.9201	      3.9935	      6.5386	      4.4258	      3.1602	      4.4478	      3.5728	      2.5076	      1.9466	      3.8141	     20.5933	      0.4857	      1.7463	    159.9167	    732.1474	   1362.5097	   1496.6879	   2053.3714	   1875.0031	   1562.3180	   1250.7392	   1116.9962	    931.5728	    788.9787	    600.6950	    296.3772	    361.8271	    111.6350	     90.1169	     48.8891	     83.5968	     38.5457	     24.0513	     43.2236	     16.1320	      3.5911	     11.5466	      9.2854	     35.4432	    765.1912	   2175.0191	   3456.4661	   4582.1587	   4075.3085	   4131.1867	   3498.6048	   2921.5782	   2145.5724	   1928.6016	   1286.0270	    962.3217	    653.2042	    388.1130	    411.8515	    285.1208	    200.2056	    143.2328	    106.6995	     54.4416	    105.3426	    103.6558	     83.7083	    345.8707	    387.5332	    318.0361	    266.8317	    133.6901	    104.8613	     82.8726	      1.2113	     26.2627	     -9.7729	      6.9643	     23.4447	    801.2941	    608.0205	    435.3386	    245.3740	    119.6274	     64.8861	     42.3255	     34.0315	     18.4863	     38.1768	     65.5234	    698.0271	    405.0174	    235.1403	    130.7387	    101.0912	     25.4986	     16.5973	     -8.2078	     19.8275	     28.6757	     54.1960
      0.0228	      0.5529	      0.7393	      2.0052	      4.0632	     10.9503	     10.8256	     10.3712	      9.2392	     11.8006	     11.7009	     10.0837	      9.8277	     11.4177	      8.5305	      8.2789	      6.7928	      9.7892	      5.8802	      5.2382	      4.7074	      4.9763	      3.5046	      3.9712	      2.9653	     18.9515	      0.0025	      0.4356	      2.6686	      1.5684	      1.9537	      3.3290	      4.0986	      6.6300	      6.2479	      5.8392	      5.9453	      7.5761	      6.4803	      5.7006	      5.2962	      4.6108	      4.4305	      5.9172	      3.7876	      3.4742	      4.0634	      3.3149	      2.9394	      2.4679	      2.6086	     16.0256	     -1.8410	      0.6189	    202.7335	    772.5593	   1340.9086	   1507.2700	   1882.1687	   1849.3088	   1645.9391	   1368.7373	   1127.0134	    977.5154	    718.5947	    522.1424	    320.2295	    340.1372	    134.3268	     90.8215	     79.2624	     64.0022	     31.4785	     23.3661	     18.2680	     17.1873	     10.3469	     26.8096	      3.6520	     39.4043	    863.5322	   2151.8291	   3476.7871	   4347.2656	   4423.1860	   4102.4883	   3554.5100	   2949.6879	   2345.2555	   1829.8949	   1345.7962	    973.3585	    666.6846	    490.1107	    421.5055	    299.9608	    206.4101	    139.1762	    125.4626	     85.7751	     78.3751	     83.4059	     41.0344	    261.2247	    453.5656	    361.7563	    267.6221	    120.4165	     79.4798	     60.3809	     21.0615	     23.5188	      3.2365	      7.8088	     25.1385	    904.7422	    687.7037	    471.4723	    246.7229	    131.6747	     68.3631	     55.1168	     23.9170	     15.0047	     23.6614	     65.5079	    646.3150	    430.5716	    284.8732	    145.7779	     92.0101	     45.6690	     33.4449	      7.7334	      9.2723	     11.9564	     58.8647
      0.0365	      0.4054	      0.6170	      2.5857	      3.1655	      8.2490	      7.6258	      8.7523	      8.9568	      8.3014	     10.6136	      7.1769	      7.2257	      7.6654	      7.6307	      5.7586	      5.4970	      5.8802	      8.2762	      4.3895	      4.1743	      3.4556	      3.5425	      2.7909	      1.8769	     16.8840	     -0.0041	      0.2351	      1.8989	      0.6635	      2.4448	      2.2947	      3.2928	      4.7960	      4.6894	      5.4318	      5.4369	      5.8574	      5.4008	      4.7557	      4.4622	      3.8290	      4.2342	      4.2940	      4.0898	      2.8437	      2.9931	      2.3070	      2.5894	      2.9613	      2.0571	     15.5203	     -1.8537	     -1.2737	    127.2036	    525.5629	    879.3849	   1135.5097	   1391.1757	   1294.2878	   1249.1408	   1172.2199	   1014.6323	    838.1266	    637.9646	    407.7753	    334.1038	    249.8832	    160.2319	    103.9362	     99.5608	     77.0544	     28.7822	     23.1568	     -9.1876	     12.4706	      8.5406	     21.4217	     -6.7891	     20.3261	    543.4008	   1559.7066	   2514.4539	   3047.1792	   3387.6356	   3136.1370	   2897.7458	   2544.1989	   2100.1070	   1474.1246	   1165.9139	    994.6463	    680.5466	    500.2369	    367.8095	    299.8053	    240.0073	    183.7866	    122.9449	     85.5894	     86.0210	     48.1982	     17.6848	    288.0122	    347.1251	    321.5048	    187.5924	     80.7103	     40.3832	     29.3976	     26.4136	     13.0535	      9.5085	     10.1085	     25.2880	    738.3304	    646.5214	    396.8094	    216.0071	     85.1723	     65.4496	     67.2052	     23.3480	     11.3660	     10.3262	     55.0110	    453.9770	    383.0167	    198.2885	    158.1998	     65.6886	     28.2160	     31.2369	     26.2492	      9.9025	      3.5125	     62.0774
      0.0027	     -0.5305	     -0.1854	      0.7110	      2.1946	      4.5970	      7.1147	      6.6268	      5.0452	      9.0928	      7.6389	      6.7521	      7.2300	      8.3287	      5.4214	      6.2362	      6.1252	      5.2382	      4.3895	      6.3882	      2.9287	      4.1149	      2.9770	      2.8709	      2.9267	     17.6857	      0.0032	      0.4403	      2.0101	      1.1345	      0.9347	      1.5124	      2.9166	      4.9524	      4.9391	      3.6969	      4.4670	      5.8467	      4.9578	      3.6656	      3.4097	      4.1764	      3.0575	      5.1705	      3.3647	      2.2589	      3.1750	      2.5404	      2.0156	      1.9703	      2.7286	     16.1805	     -0.5556	     -3.9721	     94.3551	    413.2799	    866.1595	    933.0307	   1411.9204	   1254.2003	   1073.0985	    871.6023	    842.3037	    700.0521	    596.1394	    477.9266	    239.7885	    277.9089	    101.1981	     85.5574	     51.8176	     74.4285	     28.3053	     17.8906	     27.5262	     16.6964	      7.1961	     13.6036	      2.9118	     16.1472	    466.7874	   1469.2131	   2182.9279	   2973.3086	   2716.1086	   2874.0238	   2527.2438	   2179.8345	   1657.2129	   1480.2884	   1033.4840	    757.1368	    571.9203	    352.0254	    339.3679	    253.9746	    171.9609	    115.5229	     94.8090	     53.0161	     84.4796	     89.8162	     57.6560	    294.8806	    271.0634	    229.2484	    197.4549	     77.1073	     70.7549	     63.8976	      5.4366	     21.5246	     -8.8067	      6.9612	     17.7504	    602.4974	    453.0628	    326.6196	    177.4204	     89.6633	     49.3197	     37.5765	     23.9549	     10.1998	     21.7551	     47.6091	    456.2826	    328.6483	    175.0137	    110.4961	     67.8313	     21.5825	     15.8737	     -7.6437	     12.2863	     15.9690	     39.4482
      0.0225	      0.5020	      0.4907	      1.4029	      1.7782	      6.6806	      4.1667	      5.5638	      6.1780	      4.8684	      6.1007	      5.4742	      7.0150	      5.9558	      6.1512	      4.1030	      3.7756	      4.7074	      4.1743	      2.9287	      6.6782	      2.5268	      2.5354	      2.2635	      1.3228	     12.5147	     -0.0021	     -0.0535	      1.3147	      0.8925	      1.5641	      2.0271	      2.1606	      3.6214	      3.1824	      3.8025	      3.6860	      4.6567	      4.1836	      3.2491	      4.0664	      2.7723	      3.4927	      3.5279	      2.6723	      2.5284	      2.2115	      2.1557	      2.5861	      2.1127	      1.8152	     11.5212	     -4.0119	     -1.6465	    107.3157	    457.4495	    650.8862	    854.8508	    936.5176	   1041.6600	   1025.9197	    826.5866	    696.7104	    560.2995	    466.8733	    281.3708	    169.1168	    241.0804	    120.1632	     84.4550	     71.4453	     56.9767	     12.5216	     21.8549	     -1.1868	     16.8844	     12.4070	     45.4884	     -6.3976	     10.4008	    534.6345	   1241.8850	   1906.5653	   2355.9759	   2644.1921	   2277.9837	   1995.5253	   1795.2578	   1535.9934	   1162.0793	    918.9747	    704.0230	    559.5733	    392.0075	    284.8874	    232.9181	    179.0510	    116.8255	     97.3415	     86.3204	     64.2057	     45.9577	     20.1005	    177.7746	    267.9236	    225.9910	    144.4428	     75.2082	     38.3556	     23.0362	     17.1105	     14.5754	      9.6009	      9.8186	     27.5746	    588.3673	    434.1531	    293.8979	    154.0102	     70.7485	     52.1216	     51.9778	     19.0783	      8.8106	      6.2523	     43.9252	    412.2245	    368.1825	    239.8289	    133.4223	     66.5840	     38.2766	     44.7567	     17.0668	      2.4951	      6.2267	     48.3697
     -0.0289	     -1.1195	     -1.6364	     -1.4911	      1.1140	      3.0640	      5.3184	      4.7080	      1.5116	      8.9420	      5.0036	      6.1512	      7.2649	      9.4459	      4.4396	      5.6751	      5.7864	      4.9763	      3.4556	      4.1149	      2.5268	      6.6324	      2.2003	      3.1749	      3.3640	     19.2439	      0.0079	      0.3898	      1.3268	      1.1968	      0.0829	      0.0961	      2.1185	      5.3977	      4.5939	      1.9960	      2.2101	      6.3572	      4.5353	      2.5780	      3.5175	      3.2467	      2.2984	      5.4594	      2.0059	      1.5821	      3.1453	      3.1833	      1.9700	      2.0664	      3.3885	     16.7413	     -1.9707	     -7.8455	     44.8611	    261.1092	    790.3987	    742.2660	   1284.1589	   1045.5628	    919.9657	    580.0727	    658.2460	    557.5192	    436.4751	    524.0354	     90.0581	    306.3789	     28.2475	     48.6982	      4.0673	     63.3395	     16.5130	     24.8657	     35.8107	     18.2708	      4.4464	      1.7040	     12.1318	    -34.2199	    330.5750	   1268.4114	   1715.9001	   2814.0367	   2271.8355	   2447.7839	   2168.5370	   1813.2973	   1110.0442	   1429.1811	    724.8008	    465.1835	    411.6510	    127.4073	    290.9959	    200.1320	    102.3162	     59.0313	     38.0615	     -4.3659	     69.9891	    116.8529	     60.9274	    312.2017	    226.7568	    146.3649	    184.8805	     50.7727	     76.8406	     93.9843	    -10.8415	     26.1906	    -19.9748	      4.3379	     -8.9252	    487.8340	    296.2708	    256.1545	    139.9341	     66.9427	     29.3878	     15.5869	     28.0616	      2.8694	     38.2979	     24.3374	    380.0484	    224.9040	    127.4968	     48.8987	     42.5174	      2.7612	      9.2522	    -24.5046	     10.5163	     26.9229	     27.4032
