      0.0520	      0.1144	      0.1601	      0.1364	      0.0420	      0.0896	      0.0052	      0.0583	      0.0443	     -0.0022	      0.0679	      0.0218	     -0.0466	      0.0068	      0.0056	      0.0181	     -0.0172	      0.0228	      0.0365	      0.0027	      0.0226	     -0.0289	      0.0102	      0.0072	     -0.0278	     -0.0425	     -0.0001	     -0.0001	     -0.0020	      0.0036	      0.0111	      0.0432	      0.0022	     -0.0185	     -0.0105	      0.0303	      0.0550	     -0.0302	      0.0105	      0.0339	     -0.0042	     -0.0215	      0.0101	      0.0030	      0.0139	      0.0106	      0.0085	     -0.0209	     -0.0017	      0.0092	     -0.0310	     -0.0816	     -0.0336	      0.0942	      3.6457	      6.2048	      0.5358	      2.5312	     -1.4490	      1.2864	      1.4592	      6.8177	      2.8710	      4.8401	      3.0806	     -0.6201	      4.1350	     -0.2202	      1.6716	      0.7618	      0.8176	     -0.0061	      0.2000	      0.1873	     -0.3305	     -0.0183	      0.2214	      0.2655	     -0.2386	      1.0670	      7.8399	      3.9785	      7.1469	     -6.0168	      5.0452	      0.1299	      1.3829	      4.3650	     11.0176	     -1.4659	      6.4373	      5.0295	      3.1068	      5.8479	      1.8049	      1.3602	      1.2355	      1.3312	      1.6788	      0.9448	      0.3302	     -0.8697	     -0.9410	     -0.8220	      1.5064	      1.7966	     -0.1680	      0.2767	     -0.5197	     -0.8071	      0.5972	     -0.1539	      0.1973	      0.0300	      0.4255	      1.5016	      3.1750	      1.1136	     -0.0764	      0.2936	      0.0600	      0.7593	     -0.3023	      0.0329	     -0.3411	      0.6765	     -1.5158	      0.6296	      0.9061	      0.4234	      0.0600	      0.1692	      0.0379	      0.3410	     -0.2687	     -0.5531	      0.2675
      0.1144	     27.0343	     26.9573	     27.1112	     16.5670	     15.8756	      7.9978	      8.0492	     12.8989	     -0.4187	      7.3138	      3.3924	     -2.5120	     -4.5316	      2.5873	     -0.8915	     -3.0278	      0.1487	      0.2899	     -2.7546	      1.0794	     -4.9952	     -0.7005	     -1.2020	     -4.3517	    -21.9512	     -0.0109	     -1.5424	     -2.9572	      0.9776	      4.6712	      6.7014	      1.9946	     -1.9282	     -0.4169	      4.6390	      2.7714	     -4.6332	     -0.6640	      3.0666	      0.0700	     -1.1220	      0.9472	     -5.2294	      0.1019	      1.4740	     -1.1459	     -2.4185	     -0.2038	     -1.6252	     -4.1573	    -21.2194	      3.2761	     38.6609	    793.5724	   1713.6900	   1434.1119	   1738.8257	    633.2405	    991.8151	    693.2818	    892.3241	    -12.8539	     16.5102	   -247.0717	   -622.0448	    175.6887	   -320.1299	     47.3851	    -28.2987	     51.3326	   -108.8478	     -7.6751	    -18.9476	    -69.9685	    -28.4461	     -5.1548	      7.4502	     -5.4144	    214.0456	   1441.9617	   1625.1638	   2783.9620	   1100.6993	   2026.9581	    365.5959	     20.4739	   -452.1016	    240.5990	  -1118.7448	   -215.5961	    -45.1056	   -344.3721	    155.9200	   -180.9199	   -173.0922	    -34.2116	      8.4896	     54.8745	     69.1181	    -89.8332	   -201.5475	   -115.1842	   -508.4282	    321.1106	    291.9381	     -7.5512	    106.0857	    -58.9090	   -138.1023	     54.4301	    -24.9444	     57.4664	     -5.1766	     48.0010	    249.2700	    390.3621	    116.5678	     36.3485	     32.3923	     24.3627	     28.2649	    -31.4683	     19.0327	    -29.8794	     35.1100	    517.2361	    209.6113	    272.5666	    125.0559	     68.0916	     78.6450	     43.2431	     90.4693	     -7.0267	    -30.5979	     47.8962
      0.1601	     26.9573	     69.8574	     46.8208	     32.6267	     27.9446	     23.1937	     17.6309	     18.1618	      9.7316	     13.0614	      9.2358	      1.7923	      2.4101	      3.5740	      4.3309	      2.3421	      2.6836	      1.9629	      1.3133	      1.0174	     -1.6856	      1.7346	      0.3134	     -1.4647	    -10.0851	     -0.0002	      0.7460	      4.4451	      5.3236	      7.5020	      9.4783	      6.0091	      2.7176	      4.0504	      6.2751	      6.3654	     -0.6985	      1.8864	      4.8088	      0.9022	      2.4316	      2.1340	     -1.2982	      1.4993	      2.3508	      1.3685	     -1.5095	      0.2371	     -1.3929	     -1.6365	    -11.0754	      7.2911	     57.3783	   1636.1999	   3313.4582	   3617.5082	   3650.6385	   2883.1280	   2659.8754	   1744.6169	   1605.6506	    433.4232	    451.5234	     76.0788	   -273.3566	    272.4980	   -191.5394	     47.7831	     42.6032	     35.6940	    -57.9920	     33.2878	    -20.0951	    -23.1423	    -23.0690	     -8.7115	    -12.3109	      6.4810	    339.3053	   2961.7801	   4524.7289	   5926.4873	   4350.0497	   3934.4456	   2140.9073	   1439.8022	    482.6157	    766.6088	   -382.8179	    213.0155	    185.7070	   -128.1076	    221.9153	      5.6100	    -23.5347	     -4.8435	     44.1779	    108.8320	     57.7853	    -36.7680	   -138.2825	    -59.1693	   -293.6324	    411.4618	    323.3758	     89.4582	    120.0731	      3.0912	    -74.1039	     46.3489	     -9.1203	     27.2042	     -2.5172	     43.1362	    342.7542	    465.5467	    192.5638	    103.8469	     82.7837	     33.3715	     16.8672	    -28.5986	     14.5546	     -8.0637	     61.4570	    968.4105	    362.8011	    374.6123	    168.1821	    124.3647	     86.6262	     37.3497	     59.5986	     -2.1377	     -9.9057	     65.2578
      0.1364	     27.1112	     46.8208	     60.2048	     35.2226	     31.5808	     28.0795	     22.6313	     27.3757	     11.2762	     20.4664	     11.8535	      4.0708	     -0.6273	      8.8966	      3.3124	      2.6831	      3.1056	      6.1289	      1.5578	      2.6767	     -3.1568	      1.9916	     -0.5164	     -3.0774	    -14.1412	     -0.0138	     -1.3970	      2.5142	      3.2459	     11.3356	     11.1118	      8.1429	      2.5723	      5.6447	     10.4958	      7.9644	     -0.1720	      3.7933	      6.8256	      2.6163	      2.9719	      3.5248	     -3.2330	      4.4147	      2.5759	      0.6580	     -1.3836	      1.1177	      0.6184	     -3.4756	    -10.5707	     10.2431	     53.1912	   1369.7524	   3132.7563	   3567.5534	   4014.0091	   3104.8476	   2906.9785	   2214.1378	   2227.8039	   1063.6725	    741.8455	    249.6893	   -388.6533	    470.5123	   -294.2643	    155.6141	     52.9044	    149.4127	    -42.9319	     20.2839	    -11.5761	    -95.3517	    -36.5278	    -17.8746	    -18.9782	      2.0809	    355.6227	   2649.8433	   4872.0955	   7080.5120	   5525.2437	   5859.8592	   3728.8790	   2992.1471	   1723.0626	   1805.6982	   -318.4047	    515.6753	    711.0389	     -2.7682	    410.1185	    -37.1619	    -38.5777	    115.7924	    168.8731	    104.3711	    106.1923	    -24.8037	   -226.6499	   -112.0809	   -342.8427	    505.7572	    476.5074	     48.8759	    139.7040	    -54.1058	   -144.9774	     66.5045	    -33.0645	     70.1361	     -5.1183	     57.1535	    515.9407	    766.2977	    251.1682	    168.0686	     50.9856	     72.3214	     51.2356	    -14.8642	     30.4257	    -24.6733	     48.0397	   1196.6732	    617.0404	    446.5368	    332.6845	    169.6962	    123.3507	     75.8338	    137.4328	     13.8424	    -20.8782	    104.5178
      0.0420	     16.5670	     32.6267	     35.2226	     35.0164	     29.4132	     29.7080	     21.6461	     23.1505	     16.4952	     19.1498	     14.7381	      9.3233	      6.1376	     10.0584	      6.6398	      5.9305	      5.4179	      5.0932	      3.1161	      3.0124	      1.6254	      2.1339	      1.6068	      0.0610	     -2.1768	     -0.0006	     -0.2324	      3.3934	      4.1757	      9.0167	      8.8897	      8.4396	      6.5579	      7.6941	      9.0038	      6.4906	      4.0279	      5.5973	      6.6399	      3.8696	      4.0831	      3.3353	      0.7328	      3.8267	      2.5301	      2.6470	      1.1574	      1.7662	      0.8570	     -0.6267	     -1.4620	      9.0260	     41.7142	   1117.7961	   2798.8786	   3674.6982	   3974.4259	   3541.8181	   3222.8919	   2488.4874	   2088.4961	   1178.2466	    872.2497	    334.9343	     -4.1280	    313.3993	    -83.3589	     61.4327	      3.4398	     79.9398	    -33.8944	     18.1232	      3.5253	    -37.7127	    -25.3222	    -20.7094	    -26.8175	     27.3905	    270.6297	   2492.5878	   5171.0549	   7493.5212	   7259.3624	   6744.1059	   5016.2191	   3953.7274	   2437.1947	   1770.6893	    522.6169	    555.5209	    575.1125	    -38.8041	    175.3500	     30.4976	    -41.0931	     34.7192	     94.3756	     34.5449	     33.2635	    -12.7023	   -110.4743	    -43.0546	   -192.1897	    519.4554	    360.6132	    121.5596	    142.8585	     13.7376	    -41.0411	     33.7842	    -12.0298	     42.4189	     -9.1473	     17.6158	    574.0897	    584.1549	    248.4407	    186.5009	     78.3286	     58.3346	     11.7220	      3.2361	     26.5708	     19.2935	     37.1028	   1264.2328	    516.3420	    423.0004	    252.7925	    178.6396	    116.0253	     58.8212	     85.9076	     19.2733	      7.7190	     90.5449
      0.0896	     15.8756	     27.9446	     31.5808	     29.4132	     59.5838	     43.6091	     31.4435	     31.2962	     25.3068	     28.6101	     23.1031	     16.6288	     17.3472	     17.2534	     13.8416	      9.9745	     12.9869	      9.9651	      6.3668	      7.9923	      5.0819	      4.6595	      4.9258	      1.6235	     12.9480	     -0.0016	     -0.1478	      6.8785	      5.6293	     10.6492	     11.5135	     11.0193	     10.8193	     11.5087	     13.4508	     11.6543	     10.0176	     10.3369	     11.0456	      7.9236	      5.4803	      7.0023	      4.9890	      6.3996	      5.2964	      5.3971	      3.3647	      4.1604	      3.0399	      0.2121	      7.0455	      4.2414	     44.0540	   1082.7483	   3261.2572	   4478.8821	   4840.3562	   4611.8278	   4510.8819	   3794.7971	   3318.4278	   2168.6477	   1756.3872	   1063.4040	    475.6717	    575.9840	    300.0396	    218.6598	     36.3473	    197.9561	     26.1897	     61.4974	     33.5745	    -38.2332	    -11.8206	     -3.1745	      9.3061	     17.9509	    243.0727	   3050.4656	   6542.4375	  10426.4119	  11107.5206	  11172.0364	   8688.8737	   6894.9682	   5128.9376	   4102.9912	   2039.5510	   1853.0698	   1432.6281	    535.2829	    718.1798	    428.8921	    279.0868	    237.5566	    202.4205	    181.2176	    155.2222	     38.3530	    -59.0887	    -47.6008	    -28.4682	    752.5772	    534.7065	    272.4069	    178.9147	     44.9047	    -20.9647	     54.3658	      8.6791	     44.1140	     -0.5593	     38.8402	   1100.7021	    968.4405	    490.5093	    269.1927	    149.4560	     97.2750	     60.6598	      2.8985	     25.5224	      8.4759	     69.8105	   1510.3112	    801.8691	    618.0244	    335.5475	    217.2781	    147.9916	     90.0313	     80.1907	      9.9045	     -1.6258	    127.1446
      0.0052	      7.9978	     23.1937	     28.0795	     29.7080	     43.6091	     64.2250	     31.3807	     29.4259	     31.8152	     29.8273	     24.7138	     17.8310	     18.4089	     15.1250	     16.1784	     14.0580	     12.0053	      8.8207	      8.5290	      4.6336	      6.6185	      4.3833	      5.1084	      4.1052	     16.8951	      0.0081	      1.7366	     10.4519	      6.5439	      9.6742	     10.8870	     12.9020	     12.9070	     14.5562	     12.6894	     11.7824	     10.6936	     10.9307	     11.0360	      5.8415	      8.7906	      5.4511	      6.7222	      7.6207	      4.1795	      6.4144	      4.1630	      2.6850	      2.1856	      1.2498	     12.7280	     13.4190	     46.2175	    910.1323	   3025.5200	   4633.8102	   4811.5933	   5165.4641	   4725.0367	   3724.6407	   3245.5890	   2358.2203	   1809.2250	   1249.7685	    690.1897	    629.5541	    302.6728	    168.5424	     -6.4029	    153.2352	     40.0449	     74.3755	     30.0936	     12.3773	    -19.5902	    -17.3316	    -43.6358	     42.5938	    263.3052	   2691.9583	   6724.6619	  10753.0520	  12085.2306	  10886.0402	   9453.8976	   7368.3516	   5411.3474	   4000.5882	   2237.2878	   1855.8378	   1380.9494	    391.8653	    541.1550	    398.7030	    198.7980	    178.0304	    176.4009	    143.5864	    103.5888	     64.5175	    -16.7870	     26.2692	     63.7746	    732.4410	    506.7155	    338.3989	    230.4998	    100.1437	     29.9636	     24.5825	     17.5548	     20.7620	    -10.3869	     32.9627	   1096.6478	    923.9053	    495.4707	    297.7661	    171.4790	     98.6913	     24.4701	     20.6256	     39.5063	     34.0935	     64.2769	   1612.5263	    683.7209	    465.4873	    286.6615	    242.6078	    132.1515	     41.1514	     47.0448	     34.2291	     22.5911	    101.7554
      0.0583	      8.0492	     17.6309	     22.6313	     21.6461	     31.4435	     31.3807	     29.4965	     23.9815	     22.3177	     25.4809	     19.2575	     14.6041	     15.3010	     14.2750	     12.6109	     10.5179	     11.1244	      9.6285	      7.3447	      6.1621	      5.3949	      4.3917	      4.7259	      2.7496	     16.3538	     -0.0005	      0.5645	      6.1066	      4.2251	      7.9126	      9.5723	      9.8546	     10.3909	     11.1837	     11.8527	     11.0309	     10.0867	      9.8102	     10.1326	      7.2091	      6.6577	      6.1100	      6.4561	      6.2565	      4.5849	      5.5013	      3.4035	      3.5964	      3.2537	      1.2576	     13.2434	      4.8869	     21.6734	    748.8041	   2277.4456	   3433.3119	   3816.5478	   4037.4723	   3798.5023	   3140.1960	   2733.6614	   1933.2327	   1562.6506	    992.3161	    524.4823	    553.8765	    252.6168	    196.7112	     95.0933	    146.9927	     45.2866	     48.2378	     28.6189	    -15.5613	     -0.7175	     -0.4911	      2.1480	     16.9705	    202.1573	   2154.9450	   5193.8681	   8120.3197	   8962.6278	   8831.0451	   7529.0439	   6344.1793	   4764.9276	   3761.9255	   2149.4158	   1805.5735	   1398.6468	    665.4700	    664.0694	    425.0695	    289.3729	    235.7848	    191.4640	    160.1648	    121.0760	     74.4476	     -4.7746	     -7.4793	    143.4575	    713.6959	    548.7749	    309.5819	    181.9828	     70.1387	     18.2931	     45.0307	     13.1774	     29.1180	      1.4708	     40.4657	   1177.0088	   1009.5760	    568.7838	    326.7330	    169.6504	    101.3922	     65.1406	     19.8104	     26.2017	     23.5178	     78.7354	   1261.4285	    693.2792	    480.2953	    293.6696	    185.8601	    111.6203	     63.6893	     56.3875	     13.9566	      6.4265	    107.3108
      0.0443	     12.8989	     18.1618	     27.3757	     23.1505	     31.2962	     29.4259	     23.9815	     31.9369	     17.7075	     24.5520	     17.0435	     13.5275	      9.2538	     15.7421	      9.8798	      8.4729	      9.5933	      9.3474	      5.5813	      6.5052	      2.2028	      4.6975	      2.9264	      0.7239	      7.1413	     -0.0087	     -0.8841	      2.8746	      3.1624	      9.3871	     10.4364	      9.3658	      8.1901	      9.4457	     13.0869	     10.6548	      7.3973	      8.3460	      9.6076	      6.8963	      6.6387	      7.1290	      2.8356	      6.8111	      5.4219	      4.0231	      2.1100	      3.7059	      2.2411	      0.2039	      7.7141	      5.2485	     32.2112	    740.0158	   2360.3556	   3211.0481	   3880.0259	   3610.1389	   3641.2023	   3115.6483	   2842.8217	   1854.2096	   1447.2647	    914.0465	    200.2309	    592.0296	    132.6327	    242.3884	    107.0323	    193.9793	     26.2537	     44.8817	      4.8413	    -48.4642	     -9.5863	     -5.8167	     26.7733	      0.8815	    242.5385	   2207.2005	   4857.4444	   8081.6669	   8296.3490	   8904.1605	   7123.8922	   5937.0697	   4447.6681	   3799.5766	   1719.4048	   1708.4447	   1533.1192	    650.9681	    767.3605	    333.2972	    244.8572	    269.5379	    240.6391	    167.2248	    176.8958	     42.4323	    -84.3395	    -25.1192	    -21.4652	    710.8072	    609.7281	    255.8322	    202.8420	     35.6743	    -47.1335	     64.8469	     -4.2771	     60.4100	      5.2266	     66.0462	   1180.1101	   1114.6308	    584.2637	    356.0806	    157.9525	    118.9960	     82.6431	     12.9270	     35.8178	     -2.8837	     89.3794	   1387.9974	    815.0623	    568.3951	    378.2164	    212.5483	    138.3933	     88.8325	    103.4147	     20.1106	     -4.9268	    125.8771
     -0.0022	     -0.4187	      9.7316	     11.2762	     16.4952	     25.3068	     31.8152	     22.3177	     17.7075	     29.4729	     21.8422	     19.7484	     16.1496	     19.4279	     12.5172	     15.0951	     13.8080	     11.8238	      8.5343	      9.1576	      4.9442	      8.8903	      5.0868	      6.3832	      5.2979	     27.9586	      0.0110	      2.2954	      7.6533	      4.9204	      5.2955	      6.5786	      9.3491	     12.4674	     13.2236	      9.3668	      9.4505	     11.3853	     11.0047	      9.1668	      6.1991	      8.1642	      5.4601	      9.5773	      6.4350	      4.3276	      7.1757	      5.1761	      3.2057	      2.7205	      4.0292	     23.2844	      4.7743	     13.3643	    531.2594	   1858.5937	   3157.8580	   3318.3792	   4091.2030	   3688.4091	   2935.0144	   2399.3306	   1936.0911	   1598.7054	   1151.3873	    872.0702	    518.2541	    459.0352	    126.7046	     70.2459	     66.2362	     76.6807	     54.6300	     37.7572	     53.8126	      8.5771	     -3.0248	    -23.0948	     33.3670	    126.1787	   1753.7136	   4677.2291	   7411.9772	   9088.3216	   8053.0708	   7661.4758	   6303.7568	   4871.4624	   3454.2380	   2751.2816	   1868.4096	   1303.7848	    680.5293	    483.2277	    542.3391	    309.9595	    211.1816	    169.5974	    134.8050	     43.6771	    116.3322	    108.9424	     80.6867	    344.9265	    733.5458	    547.5241	    424.1542	    219.4812	    147.3818	    111.2497	      7.6286	     34.6590	     -8.7482	     -1.8162	     20.6502	   1222.6489	    968.5193	    635.5527	    336.5949	    183.5255	     82.1799	     43.2905	     38.9712	     31.0214	     64.9737	     85.9720	   1371.9727	    663.9574	    432.9465	    213.7065	    184.5215	     66.7559	     21.6718	      0.9670	     30.1151	     37.1959	     86.3349
      0.0679	      7.3138	     13.0614	     20.4664	     19.1498	     28.6101	     29.8273	     25.4809	     24.5520	     21.8422	     31.7102	     19.2852	     13.8483	     15.2715	     15.1871	     13.2060	     10.7264	     11.7803	     10.6496	      7.7760	      6.0442	      5.1248	      4.1998	      4.9982	      2.5604	     15.5809	     -0.0026	      0.3865	      5.3420	      3.5993	      7.8242	      9.9851	      9.8334	     10.5438	     11.3474	     13.0227	     11.9606	      9.9974	     10.3320	     11.1710	      7.1851	      7.0148	      6.4863	      6.1340	      6.8173	      4.8479	      5.8534	      3.1436	      3.8568	      3.6106	      0.9869	     12.4478	      4.6993	     17.0912	    619.3272	   2041.0829	   3142.9188	   3593.6158	   3882.6681	   3702.0143	   3072.9004	   2804.2997	   1966.2384	   1642.0504	   1029.7070	    471.0114	    653.8877	    223.9599	    212.4436	    106.1843	    156.4982	     28.6734	     41.6034	     21.7133	    -29.9993	      0.1890	      0.2620	     -6.6414	     11.2873	    218.3449	   2027.3690	   4951.4640	   8081.1762	   8732.7612	   8958.4898	   7693.2305	   6619.3866	   4924.3945	   4017.9322	   2132.1451	   1851.6634	   1501.2395	    666.8536	    695.7030	    442.4927	    283.4739	    246.7163	    190.2081	    174.6411	    120.9170	     61.2718	    -13.8507	    -20.9058	    129.6377	    754.6609	    599.3909	    324.4466	    192.7212	     65.5588	      4.5598	     52.9372	     12.4851	     36.1269	      2.3303	     49.6335	   1276.9292	   1109.9792	    632.4070	    340.1294	    171.4208	    102.2897	     78.3724	     17.2675	     25.7770	     22.1913	     84.4227	   1258.3109	    686.7122	    479.6035	    313.0754	    183.5065	    108.3533	     56.0072	     65.6516	     17.4241	      2.7523	    115.7217
      0.0218	      3.3924	      9.2358	     11.8535	     14.7381	     23.1031	     24.7138	     19.2575	     17.0435	     19.7484	     19.2852	     19.9852	     14.3828	     15.8412	     12.0930	     12.3165	     10.2865	     10.0896	      7.2439	      6.7648	      5.4856	      6.1005	      3.9198	      5.1150	      3.5363	     18.6700	      0.0054	      1.1848	      4.8530	      3.9992	      5.3549	      6.9679	      7.4902	      9.9293	     10.4895	      9.1172	      8.4120	      9.6259	      8.8693	      8.8896	      6.1982	      6.2658	      4.9510	      6.7839	      5.1774	      4.2236	      5.6204	      4.0085	      3.3908	      2.3413	      2.3826	     14.7760	      2.4867	     14.1458	    507.1245	   1694.7092	   2701.6141	   2931.6288	   3299.1309	   3180.5906	   2615.2833	   2143.5528	   1593.3517	   1330.2794	    885.0129	    570.9530	    436.1426	    343.9550	    136.5501	     66.5624	     88.2685	     41.8141	     37.3475	     24.8912	     23.5107	      8.0068	      1.2489	     12.5028	     22.2455	    133.0335	   1669.4887	   4019.5610	   6442.7046	   7477.3307	   7133.8149	   6365.1509	   5227.8447	   3968.9294	   3008.6676	   2091.9413	   1576.5644	   1114.3582	    579.9967	    512.2882	    437.9153	    247.5548	    184.4762	    146.7535	    125.0150	     83.8066	     70.9866	     62.3017	     40.5150	    165.2909	    646.8136	    478.6726	    322.9694	    186.7661	     96.2636	     55.0850	     21.0182	     22.6704	     11.9775	     -0.3596	     26.4829	   1089.8099	    837.1282	    535.4152	    291.0222	    162.0849	     75.3590	     42.8277	     23.7223	     27.4301	     39.4266	     71.6396	   1159.1649	    607.7975	    441.1772	    213.5320	    166.1836	     87.8417	     43.9535	     25.1571	     17.2027	     17.4169	     81.0907
     -0.0466	     -2.5120	      1.7923	      4.0708	      9.3233	     16.6288	     17.8310	     14.6041	     13.5275	     16.1496	     13.8483	     14.3828	     21.5243	     15.1991	     13.2311	     10.9291	     10.4844	      9.8805	      7.1722	      7.2936	      7.1028	      7.4434	      4.7245	      5.0791	      5.2189	     28.4550	      0.0067	      0.7004	      5.6523	      3.6606	      4.2989	      4.3309	      6.3143	     10.1573	      9.7556	      7.2924	      6.8515	     12.3368	      8.6738	      6.7733	      7.9533	      7.5771	      5.7836	      8.3594	      4.9347	      4.6227	      5.2555	      5.5429	      4.6635	      3.4130	      4.8582	     27.3478	     -1.7770	      0.2138	    264.1845	   1145.0724	   2199.7658	   2391.6033	   3026.8343	   2945.4127	   2606.8184	   1870.6369	   1708.1922	   1280.7433	   1035.4597	    780.6609	    306.4435	    539.8680	    177.2862	    126.0175	    121.1000	    115.3757	     30.2894	     33.5221	     37.3275	     32.9053	     11.0157	     67.5557	     12.1750	     47.0684	   1224.2886	   3524.7587	   5201.8917	   6812.2737	   6416.6292	   6079.8800	   5048.5197	   4138.6765	   3074.4768	   2682.8568	   1829.4669	   1311.7858	    989.0891	    600.3609	    558.3141	    397.7988	    285.5373	    178.2893	    130.7907	    136.2495	    116.4560	    156.2191	    104.7714	    390.7903	    559.9035	    419.7552	    349.6423	    153.9478	    114.3847	     96.0936	      5.4835	     38.0105	      3.1383	     10.1283	     26.0028	   1184.1954	    777.2400	    556.3839	    327.9167	    154.1860	     91.6301	     46.7730	     47.0770	     21.8892	     35.3390	     57.8923	    947.2137	    658.7730	    385.6108	    201.1671	    127.8724	     73.3302	     60.1676	      2.8168	     19.7029	     30.9098	     64.5875
      0.0068	     -4.5316	      2.4101	     -0.6273	      6.1376	     17.3472	     18.4089	     15.3010	      9.2538	     19.4279	     15.2715	     15.8412	     15.1991	     22.9726	     10.3031	     13.5120	     11.3288	     11.4233	      7.6794	      8.3392	      5.9555	      9.4631	      4.5202	      6.6247	      5.9229	     33.1609	      0.0122	      2.2472	      7.0462	      4.0162	      2.4747	      3.6790	      5.9287	     11.0974	     10.2575	      6.5237	      7.5316	     12.7999	      9.6364	      7.8045	      7.2684	      6.4796	      5.1803	     10.4095	      4.5082	      4.0677	      6.5786	      5.5761	      3.9624	      3.6284	      4.9411	     26.0396	     -2.9515	     -5.9520	    279.7360	   1025.2594	   2101.5304	   2082.5947	   2969.2725	   2709.7082	   2294.1366	   1716.1212	   1553.7418	   1359.7514	   1006.8613	    975.1317	    350.4627	    580.9426	    122.5563	    102.6656	     55.2509	    100.8471	     45.6077	     41.9317	     61.0791	     30.4694	     14.4289	     19.2051	     20.3364	     11.8901	   1155.2605	   3225.8402	   4833.0255	   6618.5130	   5978.9699	   5902.0976	   5058.2159	   4147.0280	   2969.5006	   2849.1196	   1816.9689	   1130.6647	    871.0893	    517.7497	    632.0915	    425.1331	    232.9023	    135.1940	    141.5707	     61.5428	    120.3796	    193.4229	     88.8263	    472.1481	    615.9515	    440.8617	    414.4655	    145.5089	    142.9524	    144.9414	      2.6650	     49.0588	    -24.1865	      7.3639	      6.6014	   1215.4698	    818.9469	    616.2061	    310.1731	    182.5948	     70.7244	     46.1014	     38.2104	     13.1021	     56.3411	     69.7573	    940.3599	    579.8365	    374.0075	    150.0109	    119.2127	     46.2187	     30.9746	    -30.7461	     13.0818	     32.3271	     66.1809
      0.0056	      2.5873	      3.5740	      8.8966	     10.0584	     17.2534	     15.1250	     14.2750	     15.7421	     12.5172	     15.1871	     12.0930	     13.2311	     10.3031	     14.9735	      8.1731	      7.4869	      8.5270	      7.6318	      5.4198	      6.1587	      4.4318	      4.2501	      3.6774	      2.6664	     18.0075	     -0.0023	     -0.2635	      2.6079	      2.2023	      5.0234	      5.0577	      5.5648	      7.4164	      7.1283	      8.2747	      6.9435	      8.4758	      7.3010	      6.6785	      6.6348	      5.6224	      5.8149	      4.9869	      5.0031	      4.4680	      3.9721	      3.5243	      3.8785	      2.8756	      2.5590	     17.3754	     -1.0307	      6.6799	    279.8222	   1130.0789	   1817.1989	   2202.9093	   2387.3193	   2407.2592	   2224.9709	   1844.5213	   1472.8075	   1167.7549	    832.8214	    459.2546	    394.6676	    330.6611	    191.5388	    110.6760	    139.2573	     70.7432	     30.1099	     18.8606	     -6.1575	     15.6569	      5.8583	     49.0590	      0.1542	     80.1142	   1188.2596	   2944.6395	   4739.3041	   5523.8266	   5913.1149	   5159.9691	   4400.4722	   3578.2845	   2873.6349	   1967.2456	   1516.3139	   1260.2729	    783.5411	    615.0688	    427.4091	    310.4763	    264.0676	    200.6795	    131.9552	    133.8948	     74.4775	     52.4928	     38.4141	    222.8630	    520.5425	    428.0005	    256.9213	    138.9424	     62.5999	     30.0241	     32.3890	     16.2450	     26.2731	      9.2664	     35.1528	   1027.6771	    811.3336	    509.3099	    296.5546	    129.3050	     88.6186	     64.9226	     28.0955	     22.1596	     14.8706	     64.5855	    851.1984	    587.5815	    375.8956	    232.0551	    124.3190	     77.8610	     60.3319	     44.1813	     16.3587	      9.1683	     81.1851
      0.0181	     -0.8915	      4.3309	      3.3124	      6.6398	     13.8416	     16.1784	     12.6109	      9.8798	     15.0951	     13.2060	     12.3165	     10.9291	     13.5120	      8.1731	     12.4638	      8.4411	      8.2930	      5.7776	      6.2533	      4.1015	      5.7158	      3.7706	      4.5222	      3.8187	     20.8519	      0.0061	      1.6081	      4.7012	      3.0111	      2.4043	      4.0595	      4.9842	      7.6510	      7.8203	      6.0615	      6.7758	      8.1016	      7.0972	      6.4907	      4.7457	      5.5590	      4.0545	      6.8609	      4.3229	      3.5340	      4.9454	      3.6056	      2.6808	      2.0213	      3.0016	     17.0354	      0.2672	      3.9787	    256.0113	    935.0169	   1655.9150	   1744.0707	   2286.0012	   2180.7764	   1810.9525	   1492.8553	   1237.3618	   1090.8529	    818.9552	    618.5022	    376.7478	    382.2485	    127.1686	     82.4893	     66.4242	     65.8940	     41.6224	     20.2413	     42.5297	     16.7533	      7.5288	     16.6178	     12.2336	     58.1583	    972.4033	   2463.7467	   4029.3030	   5060.4029	   4796.1293	   4674.8547	   3916.0359	   3189.4532	   2463.0768	   2001.2422	   1455.0923	    996.9931	    656.1375	    498.4170	    464.4429	    296.1587	    191.9828	    139.0923	    130.1946	     77.0589	     85.5680	    107.6193	     65.1744	    278.2485	    481.5552	    367.9999	    299.5674	    140.2667	    102.9294	     79.5821	     13.5834	     29.1045	     -5.8635	      3.9305	     22.7809	    916.0851	    682.0692	    480.0855	    252.4606	    149.6216	     62.4184	     43.1899	     23.7091	     19.7962	     33.9990	     71.7864	    784.9537	    453.5826	    304.3132	    142.3633	    111.7887	     49.5615	     20.7723	     -5.2297	     14.3976	     16.4395	     54.9229
     -0.0172	     -3.0278	      2.3421	      2.6831	      5.9305	      9.9745	     14.0580	     10.5179	      8.4729	     13.8080	     10.7264	     10.2865	     10.4844	     11.3288	      7.4869	      8.4411	     11.1260	      6.7941	      5.5075	      6.1288	      3.7733	      5.7712	      4.0406	      3.9695	      3.8332	     22.4383	      0.0057	      1.2354	      4.3886	      2.5435	      2.6070	      2.5857	      4.6121	      7.4437	      7.4538	      4.9947	      5.3512	      7.5146	      6.4040	      5.0895	      4.1378	      5.9146	      3.9987	      6.5340	      4.4343	      3.1657	      4.4477	      3.5630	      2.5047	      1.9438	      3.8071	     20.5825	      0.4869	      1.7851	    160.0817	    732.6236	   1360.9429	   1496.0173	   2052.0543	   1874.6432	   1561.7978	   1252.4835	   1117.8511	    932.7485	    790.5854	    600.2783	    297.9836	    361.7241	    112.3621	     90.4468	     49.2608	     83.7179	     38.7005	     23.9943	     43.1690	     16.1173	      3.6492	     11.6298	      9.1470	     35.7465	    765.4535	   2172.9519	   3456.2228	   4577.8554	   4074.9163	   4131.1245	   3498.4858	   2923.2131	   2149.9033	   1928.3793	   1288.6249	    964.8672	    654.7622	    390.4110	    412.5795	    285.7645	    200.9029	    143.8259	    107.3770	     54.9299	    105.4872	    103.4150	     83.6356	    345.8967	    387.4662	    318.5605	    266.7723	    133.7746	    104.7102	     82.5500	      1.3713	     26.2193	     -9.7224	      6.9966	     23.6859	    801.4977	    609.0363	    435.6949	    245.3594	    119.6825	     64.9492	     42.5636	     33.9382	     18.5125	     37.9800	     65.7546	    697.2919	    405.2116	    235.0179	    130.9144	    101.0423	     25.4419	     16.5125	     -8.1254	     19.8027	     28.5153	     54.2192
      0.0228	      0.1487	      2.6836	      3.1056	      5.4179	     12.9869	     12.0053	     11.1244	      9.5933	     11.8238	     11.7803	     10.0896	      9.8805	     11.4233	      8.5270	      8.2930	      6.7941	      9.7892	      5.8804	      5.2382	      4.7086	      4.9763	      3.5055	      3.9712	      2.9653	     18.9515	      0.0025	      0.7124	      3.3407	      2.1406	      2.5788	      3.5614	      4.3147	      6.6833	      6.2722	      5.8511	      5.9604	      7.5911	      6.4744	      5.6994	      5.2982	      4.6081	      4.4305	      5.9172	      3.7870	      3.4742	      4.0634	      3.3149	      2.9394	      2.4679	      2.6086	     16.0256	     -1.8410	      0.6189	    202.7335	    772.5593	   1340.9085	   1507.2699	   1882.1688	   1849.3088	   1645.9391	   1368.7373	   1127.0135	    977.5154	    718.5948	    522.1424	    320.2295	    340.1372	    134.3268	     90.8215	     79.2624	     64.0022	     31.4785	     23.3661	     18.2680	     17.1873	     10.3469	     26.8096	      3.6520	     39.4043	    863.5321	   2151.8291	   3476.7871	   4347.2656	   4423.1860	   4102.4884	   3554.5101	   2949.6880	   2345.2555	   1829.8950	   1345.7963	    973.3585	    666.6847	    490.1107	    421.5055	    299.9608	    206.4101	    139.1762	    125.4626	     85.7751	     78.3751	     83.4059	     41.0344	    261.2247	    453.5656	    361.7562	    267.6221	    120.4165	     79.4798	     60.3809	     21.0615	     23.5188	      3.2365	      7.8088	     25.1385	    904.7422	    687.7037	    471.4723	    246.7229	    131.6747	     68.3631	     55.1168	     23.9170	     15.0047	     23.6614	     65.5078	    646.3150	    430.5716	    284.8732	    145.7779	     92.0101	     45.6690	     33.4449	      7.7334	      9.2723	     11.9564	     58.8647
      0.0365	      0.2899	      1.9629	      6.1289	      5.0932	      9.9651	      8.8207	      9.6285	      9.3474	      8.5343	     10.6496	      7.2439	      7.1722	      7.6794	      7.6318	      5.7776	      5.5075	      5.8804	      8.2764	      4.3895	      4.1839	      3.4556	      3.5432	      2.7910	      1.8769	     16.8842	     -0.0041	     -0.0529	      2.3923	      0.9548	      3.3146	      2.6232	      3.5513	      4.9075	      4.7852	      5.4717	      5.4520	      5.8521	      5.3913	      4.7551	      4.4717	      3.8327	      4.2343	      4.2941	      4.0906	      2.8437	      2.9932	      2.3071	      2.5894	      2.9613	      2.0570	     15.5205	     -1.8537	     -1.2733	    127.2259	    525.6121	    879.4529	   1135.5815	   1391.2491	   1294.3491	   1249.1861	   1172.2506	   1014.6510	    838.1393	    637.9707	    407.7793	    334.1063	    249.8850	    160.2330	    103.9373	     99.5617	     77.0553	     28.7826	     23.1573	     -9.1874	     12.4706	      8.5407	     21.4219	     -6.7888	     20.3288	    543.4403	   1559.8085	   2514.6026	   3047.3426	   3387.7922	   3136.2756	   2897.8582	   2544.2834	   2100.1700	   1474.1656	   1165.9441	    994.6654	    680.5597	    500.2464	    367.8169	    299.8097	    240.0102	    183.7893	    122.9473	     85.5905	     86.0215	     48.1981	     17.6851	    288.0138	    347.1290	    321.5076	    187.5938	     80.7110	     40.3834	     29.3977	     26.4138	     13.0538	      9.5085	     10.1085	     25.2884	    738.3385	    646.5269	    396.8126	    216.0086	     85.1729	     65.4501	     67.2056	     23.3481	     11.3660	     10.3265	     55.0114	    453.9856	    383.0205	    198.2904	    158.2005	     65.6892	     28.2162	     31.2372	     26.2493	      9.9025	      3.5127	     62.0777
      0.0027	     -2.7546	      1.3133	      1.5578	      3.1161	      6.3668	      8.5290	      7.3447	      5.5813	      9.1576	      7.7760	      6.7648	      7.2936	      8.3392	      5.4198	      6.2533	      6.1288	      5.2382	      4.3895	      6.3882	      2.9291	      4.1149	      2.9776	      2.8709	      2.9267	     17.6857	      0.0032	      0.9415	      3.5956	      1.6413	      1.4936	      1.7821	      3.1567	      5.0320	      4.9539	      3.7274	      4.4829	      5.8561	      4.9594	      3.6655	      3.4143	      4.1724	      3.0575	      5.1705	      3.3639	      2.2589	      3.1750	      2.5404	      2.0156	      1.9703	      2.7286	     16.1805	     -0.5556	     -3.9721	     94.3551	    413.2799	    866.1595	    933.0307	   1411.9204	   1254.2003	   1073.0985	    871.6023	    842.3037	    700.0521	    596.1394	    477.9266	    239.7885	    277.9089	    101.1981	     85.5574	     51.8176	     74.4285	     28.3053	     17.8906	     27.5262	     16.6964	      7.1961	     13.6036	      2.9118	     16.1472	    466.7874	   1469.2131	   2182.9279	   2973.3086	   2716.1086	   2874.0238	   2527.2438	   2179.8345	   1657.2129	   1480.2884	   1033.4840	    757.1368	    571.9203	    352.0254	    339.3679	    253.9746	    171.9609	    115.5229	     94.8090	     53.0161	     84.4796	     89.8162	     57.6560	    294.8806	    271.0634	    229.2484	    197.4549	     77.1073	     70.7549	     63.8976	      5.4366	     21.5246	     -8.8067	      6.9612	     17.7504	    602.4974	    453.0628	    326.6196	    177.4204	     89.6633	     49.3197	     37.5765	     23.9549	     10.1998	     21.7551	     47.6091	    456.2826	    328.6483	    175.0137	    110.4961	     67.8313	     21.5825	     15.8737	     -7.6437	     12.2863	     15.9690	     39.4482
      0.0226	      1.0794	      1.0174	      2.6767	      3.0124	      7.9923	      4.6336	      6.1621	      6.5052	      4.9442	      6.0442	      5.4856	      7.1028	      5.9555	      6.1587	      4.1015	      3.7733	      4.7086	      4.1839	      2.9291	      6.6939	      2.5166	      2.5416	      2.2584	      1.3178	     12.5114	     -0.0022	     -0.3722	      1.2298	      1.1117	      2.0885	      2.1106	      2.3258	      3.6208	      3.2577	      3.8317	      3.7114	      4.6760	      4.1734	      3.2529	      4.0694	      2.7790	      3.5002	      3.5217	      2.6789	      2.5334	      2.2078	      2.1517	      2.5891	      2.1152	      1.8119	     11.5291	     -4.0158	     -1.6214	    106.9151	    457.4505	    649.9781	    854.9682	    935.8095	   1041.9178	   1026.8508	    828.3776	    698.0836	    561.0529	    468.1794	    280.9334	    169.7134	    241.1416	    120.7855	     84.7414	     71.9714	     57.1689	     12.6012	     21.8305	     -1.3493	     16.8929	     12.4357	     45.6750	     -6.5260	     10.5204	    534.6926	   1241.8073	   1907.9093	   2355.8658	   2647.4969	   2279.6635	   1996.9448	   1797.6134	   1539.8834	   1162.2649	    920.9275	    706.3773	    561.1254	    393.6340	    285.1607	    233.5188	    179.7268	    117.3103	     97.7305	     86.8832	     64.3116	     45.7215	     20.0392	    177.8657	    267.6310	    226.1755	    144.2307	     75.1221	     38.1547	     22.7369	     17.2105	     14.5207	      9.7044	      9.8625	     27.7388	    588.5276	    434.7628	    293.9625	    154.0990	     70.6630	     52.2579	     52.1461	     19.0550	      8.8094	      6.0477	     43.9690	    411.4229	    368.5892	    239.7474	    133.7132	     66.5318	     38.3032	     44.8557	     17.1914	      2.4726	      6.1290	     48.4178
     -0.0289	     -4.9952	     -1.6856	     -3.1568	      1.6254	      5.0819	      6.6185	      5.3949	      2.2028	      8.8903	      5.1248	      6.1005	      7.4434	      9.4631	      4.4318	      5.7158	      5.7712	      4.9763	      3.4556	      4.1149	      2.5166	      6.6324	      2.2008	      3.1749	      3.3640	     19.2439	      0.0079	      1.0151	      3.3957	      1.6761	      0.6925	      0.1285	      2.4124	      5.3948	      4.5473	      1.9897	      2.2204	      6.3709	      4.5337	      2.5780	      3.5205	      3.2340	      2.2984	      5.4594	      2.0033	      1.5821	      3.1453	      3.1833	      1.9700	      2.0664	      3.3885	     16.7413	     -1.9707	     -7.8455	     44.8611	    261.1092	    790.3987	    742.2660	   1284.1589	   1045.5628	    919.9657	    580.0727	    658.2460	    557.5192	    436.4751	    524.0354	     90.0581	    306.3789	     28.2475	     48.6982	      4.0673	     63.3395	     16.5130	     24.8657	     35.8107	     18.2708	      4.4464	      1.7040	     12.1318	    -34.2199	    330.5750	   1268.4114	   1715.9001	   2814.0367	   2271.8355	   2447.7839	   2168.5370	   1813.2973	   1110.0442	   1429.1811	    724.8008	    465.1835	    411.6510	    127.4073	    290.9959	    200.1320	    102.3162	     59.0313	     38.0615	     -4.3659	     69.9891	    116.8529	     60.9274	    312.2017	    226.7568	    146.3649	    184.8805	     50.7727	     76.8406	     93.9843	    -10.8415	     26.1906	    -19.9748	      4.3379	     -8.9252	    487.8340	    296.2708	    256.1545	    139.9341	     66.9427	     29.3878	     15.5869	     28.0616	      2.8694	     38.2979	     24.3374	    380.0484	    224.9040	    127.4968	     48.8987	     42.5174	      2.7612	      9.2522	    -24.5046	     10.5163	     26.9229	     27.4032
