      0.0520	      0.1251	      0.1754	      0.1479	      0.0440	      0.0902	      0.0050	      0.0590	      0.0435	     -0.0019	      0.0679	      0.0220	     -0.0470	      0.0068	      0.0056	      0.0180	     -0.0171	      0.0228	      0.0365	      0.0027	      0.0227	     -0.0289	      0.0102	      0.0072	     -0.0278	     -0.0425	     -0.0001	     -0.0001	     -0.0037	      0.0044	      0.0117	      0.0437	      0.0021	     -0.0185	     -0.0103	      0.0304	      0.0550	     -0.0302	      0.0104	      0.0338	     -0.0042	     -0.0215	      0.0101	      0.0030	      0.0139	      0.0106	      0.0085	     -0.0209	     -0.0017	      0.0092	     -0.0310	     -0.0816	     -0.0336	      0.0942	      3.6457	      6.2048	      0.5358	      2.5312	     -1.4490	      1.2864	      1.4592	      6.8177	      2.8710	      4.8401	      3.0806	     -0.6201	      4.1350	     -0.2202	      1.6716	      0.7618	      0.8176	     -0.0061	      0.2000	      0.1873	     -0.3305	     -0.0183	      0.2214	      0.2655	     -0.2386	      1.0670	      7.8399	      3.9785	      7.1469	     -6.0168	      5.0452	      0.1299	      1.3829	      4.3650	     11.0176	     -1.4659	      6.4373	      5.0295	      3.1068	      5.8479	      1.8049	      1.3602	      1.2355	      1.3312	      1.6788	      0.9448	      0.3302	     -0.8697	     -0.9410	     -0.8220	      1.5064	      1.7966	     -0.1680	      0.2767	     -0.5197	     -0.8071	      0.5972	     -0.1539	      0.1973	      0.0300	      0.4255	      1.5016	      3.1750	      1.1136	     -0.0764	      0.2936	      0.0600	      0.7593	     -0.3023	      0.0329	     -0.3411	      0.6765	     -1.5158	      0.6296	      0.9061	      0.4234	      0.0600	      0.1692	      0.0379	      0.3410	     -0.2687	     -0.5531	      0.2675
      0.1251	     32.4385	     32.2792	     31.8674	     19.0881	     17.3954	      8.6232	      8.6942	     13.9221	     -0.5423	      7.8784	      3.6627	     -2.8459	     -5.0810	      2.7955	     -1.0560	     -3.3481	      0.0949	      0.2745	     -3.0511	      1.1577	     -5.5120	     -0.7656	     -1.3557	     -4.7821	    -24.1600	     -0.0119	     -1.9095	     -3.8275	      1.1689	      5.1180	      7.3623	      2.1110	     -2.1350	     -0.4927	      5.0428	      2.9913	     -5.1333	     -0.7794	      3.3072	      0.0324	     -1.2485	      1.0189	     -5.7821	      0.0920	      1.5966	     -1.2828	     -2.6712	     -0.2380	     -1.8066	     -4.5596	    -23.3003	      3.6272	     42.6547	    873.6152	   1883.3965	   1573.7069	   1905.4347	    688.3008	   1079.2855	    752.0444	    969.3427	    -23.2291	     10.4135	   -276.3437	   -686.9948	    188.7378	   -353.3733	     50.9323	    -31.4627	     55.9999	   -119.3145	     -8.3883	    -21.0789	    -76.8069	    -31.3497	     -5.9007	      8.2428	     -6.0490	    234.9906	   1584.8657	   1782.2849	   3043.1288	   1187.5155	   2196.4765	    370.1408	     -6.3066	   -520.5500	    241.9202	  -1242.3083	   -248.6525	    -55.0119	   -381.7381	    166.7255	   -201.4739	   -191.4319	    -38.7585	      9.2544	     59.0904	     75.3584	    -98.8585	   -221.5518	   -126.1275	   -558.3286	    341.4197	    310.1618	    -14.4580	    114.0247	    -65.5979	   -152.0569	     59.3976	    -27.7300	     62.9797	     -5.6660	     52.2309	    255.2636	    412.7574	    118.2451	     36.5235	     33.4303	     26.0109	     30.3202	    -34.7392	     20.6300	    -33.0218	     37.9048	    553.9009	    219.3575	    292.7022	    134.5244	     73.4937	     85.5887	     46.9923	     99.1361	     -7.8203	    -33.5973	     51.9635
      0.1754	     32.2792	     83.7164	     54.8701	     37.3270	     31.1133	     25.4168	     19.1886	     19.3849	     10.6765	     14.0521	     10.0260	      1.9213	      2.8110	      3.7911	      4.7604	      2.6305	      2.9429	      2.1424	      1.5131	      1.0872	     -1.6922	      1.9312	      0.4027	     -1.4996	    -10.3708	      0.0002	      0.9059	      5.0434	      6.2291	      8.2766	     10.3472	      6.4990	      3.0305	      4.4440	      6.7098	      6.8886	     -0.6840	      2.0688	      5.1683	      0.9815	      2.6410	      2.2993	     -1.2735	      1.5921	      2.5422	      1.5317	     -1.5950	      0.2587	     -1.4948	     -1.6639	    -11.5866	      7.7943	     62.0151	   1788.8238	   3610.1075	   3946.9914	   3968.2127	   3152.7544	   2892.5579	   1892.7739	   1733.7351	    469.7219	    492.3212	     86.8672	   -281.4217	    293.0063	   -200.4607	     49.9707	     47.7515	     36.4094	    -60.6046	     36.5920	    -21.2064	    -23.3336	    -24.3403	     -9.1681	    -13.9177	      7.1659	    367.0063	   3230.0456	   4935.1295	   6421.3353	   4721.0609	   4231.3594	   2304.3244	   1547.6620	    516.9021	    814.7033	   -395.1307	    232.1416	    196.9151	   -131.9987	    236.3830	     12.8545	    -20.4212	     -4.3399	     47.2751	    118.6855	     60.2340	    -37.7971	   -145.3254	    -62.0510	   -306.9027	    440.6800	    346.2509	     98.1208	    127.5882	      4.8385	    -77.2172	     49.0431	     -9.0366	     27.7052	     -2.5506	     45.6884	    362.8217	    496.1628	    206.0219	    110.1317	     88.9831	     34.9746	     17.7428	    -30.7328	     15.0874	     -7.7913	     66.3218	   1039.9758	    387.9409	    400.5503	    177.4282	    131.8623	     91.0411	     39.0854	     62.1037	     -2.5102	    -10.0355	     69.7343
      0.1479	     31.8674	     54.8701	     68.9716	     39.5264	     34.1740	     30.0905	     24.1535	     28.9560	     11.9572	     21.6554	     12.4787	      4.1739	     -0.7996	      9.4322	      3.4201	      2.8405	      3.2523	      6.6013	      1.6707	      2.8490	     -3.3789	      2.1902	     -0.5791	     -3.2803	    -14.7585	     -0.0150	     -1.7701	      2.5022	      3.6872	     12.2963	     11.9373	      8.6495	      2.7517	      5.9651	     11.1136	      8.4782	     -0.2499	      3.9957	      7.1793	      2.7408	      3.1486	      3.7591	     -3.4437	      4.7162	      2.7261	      0.6763	     -1.4982	      1.1834	      0.6969	     -3.6667	    -10.9070	     10.8623	     56.8958	   1465.6660	   3341.2050	   3791.9402	   4263.8124	   3295.9634	   3075.1692	   2342.3324	   2362.9089	   1130.0483	    786.9178	    269.1764	   -412.4765	    500.7386	   -312.0047	    167.8837	     58.1217	    160.6942	    -42.6057	     22.0909	    -11.4082	   -102.0863	    -38.6417	    -18.8457	    -19.7928	      1.4238	    377.5650	   2823.5766	   5185.1587	   7503.4665	   5829.3531	   6182.2049	   3918.5827	   3146.2399	   1815.9564	   1909.6173	   -346.9514	    546.8059	    764.7969	      7.9804	    440.1783	    -36.0676	    -35.7655	    127.8452	    184.1843	    113.0301	    113.6796	    -24.2707	   -240.8548	   -119.0446	   -355.8710	    524.0412	    496.4685	     44.8775	    144.6670	    -59.5275	   -154.9559	     70.7173	    -35.4959	     74.2886	     -5.0980	     60.6348	    528.9091	    801.5159	    257.6987	    174.6431	     50.4326	     76.3654	     55.3865	    -15.7499	     31.8685	    -26.9210	     51.0016	   1240.7016	    638.8599	    460.1075	    348.5037	    175.9434	    128.0866	     79.3123	    145.9249	     14.3755	    -22.5576	    110.3034
      0.0440	     19.0881	     37.3270	     39.5264	     38.2805	     31.1467	     31.0989	     22.5642	     24.0180	     17.0823	     19.7796	     15.2517	      9.7236	      6.2980	     10.5016	      6.8231	      6.1570	      5.5985	      5.3503	      3.2389	      3.1775	      1.6936	      2.2764	      1.6511	      0.0686	     -2.0442	     -0.0008	     -0.3971	      3.5011	      4.5759	      9.5893	      9.3168	      8.7850	      6.8443	      7.9812	      9.3297	      6.7047	      4.1883	      5.8069	      6.8472	      4.0522	      4.2528	      3.4927	      0.7497	      3.9853	      2.6388	      2.7318	      1.2282	      1.8643	      0.9279	     -0.6001	     -1.1843	      9.2721	     43.5011	   1169.0015	   2919.1457	   3826.3671	   4138.2077	   3686.0208	   3349.4776	   2591.4528	   2170.7131	   1230.3701	    907.8703	    351.8960	     -1.6615	    325.2469	    -82.6919	     66.0198	      5.7509	     84.9176	    -32.6189	     18.8308	      4.0795	    -39.5762	    -25.8991	    -21.4461	    -26.6199	     28.0658	    280.4243	   2598.8961	   5388.3054	   7782.2408	   7533.3800	   6996.8718	   5198.6805	   4097.6269	   2532.7652	   1838.5487	    549.9188	    581.0932	    607.4387	    -28.3611	    186.1093	     35.6011	    -38.5632	     40.3663	    102.2889	     36.6276	     35.5965	    -11.4923	   -113.8004	    -43.7353	   -193.5609	    534.3845	    371.4853	    123.4547	    146.6638	     13.3494	    -42.8178	     34.9168	    -12.5889	     44.1344	     -9.2564	     18.0519	    590.0805	    602.7187	    254.9432	    193.2994	     79.2787	     60.6685	     12.5912	      3.8227	     27.4730	     19.8511	     38.2310	   1302.9256	    534.0478	    434.9249	    261.5651	    183.6649	    119.2899	     61.3841	     89.6651	     20.1263	      8.1376	     93.9628
      0.0902	     17.3954	     31.1133	     34.1740	     31.1467	     61.2564	     44.6163	     32.1456	     31.6027	     25.8799	     28.9805	     23.5138	     17.0797	     17.8666	     17.5430	     14.1581	     10.2798	     13.2584	     10.1939	      6.6028	      8.1671	      5.3509	      4.8197	      5.0770	      1.7950	     13.9983	     -0.0012	     -0.1840	      7.0944	      6.0560	     10.9997	     11.7466	     11.2603	     11.1650	     11.7933	     13.5989	     11.8455	     10.3800	     10.5826	     11.1904	      8.1297	      5.6536	      7.1405	      5.2707	      6.5128	      5.3867	      5.5546	      3.5204	      4.2745	      3.1653	      0.3821	      7.9675	      4.1522	     44.2206	   1105.2677	   3315.9175	   4568.3727	   4924.7075	   4719.9819	   4599.1218	   3868.6940	   3368.3146	   2215.6440	   1793.5739	   1092.8083	    505.0381	    582.8177	    317.6852	    222.4371	     40.3045	    200.4276	     31.0479	     62.9696	     35.0317	    -36.8120	    -10.7832	     -2.8340	     10.1498	     18.3626	    243.9161	   3103.8938	   6676.9838	  10592.4487	  11319.9605	  11346.8367	   8851.6519	   7030.5956	   5241.7684	   4177.8296	   2118.4282	   1900.7200	   1465.1633	    564.0851	    731.4967	    447.0511	    293.0031	    245.3108	    207.8429	    185.0482	    156.8730	     42.6950	    -53.5013	    -44.7754	    -11.1843	    761.2096	    539.7086	    279.3926	    179.5462	     47.6568	    -17.1139	     53.9942	      9.8902	     43.0936	     -0.2433	     38.3620	   1118.5998	    979.2919	    498.7417	    274.1181	    151.5810	     98.4968	     61.3349	      3.9095	     25.3739	      9.6889	     70.6864	   1529.8553	    816.0391	    624.6327	    338.7675	    219.1652	    148.3116	     90.9744	     79.1559	     10.1853	     -0.5934	    128.5433
      0.0050	      8.6232	     25.4168	     30.0905	     31.0989	     44.6163	     65.3281	     31.8498	     29.6209	     32.2499	     30.1436	     24.9685	     18.0749	     18.7150	     15.2880	     16.3979	     14.3059	     12.1626	      8.9800	      8.7176	      4.6959	      6.7919	      4.4892	      5.2067	      4.2348	     17.6348	      0.0083	      1.8315	     10.8646	      6.9233	      9.8659	     11.1197	     13.0891	     13.1722	     14.7593	     12.7862	     11.9239	     10.8997	     11.0985	     11.1282	      5.9264	      8.9407	      5.5272	      6.9141	      7.7353	      4.2251	      6.5252	      4.2591	      2.7359	      2.2584	      1.3616	     13.4169	     13.4779	     46.2126	    918.6093	   3050.9363	   4682.5697	   4857.0137	   5235.0882	   4778.2542	   3766.2838	   3276.9366	   2392.9910	   1835.1532	   1273.6804	    711.6269	    637.7047	    313.7439	    171.3975	     -3.9491	    154.7472	     43.5877	     75.4790	     31.0843	     13.6815	    -19.0252	    -17.2357	    -43.9567	     42.9612	    264.0746	   2715.1284	   6802.8019	  10853.7069	  12219.3256	  10987.7520	   9567.4160	   7463.0812	   5491.8015	   4053.6158	   2291.0675	   1889.8555	   1406.0098	    411.0966	    549.5685	    410.8650	    207.3274	    183.7237	    180.4468	    146.2059	    104.1077	     67.9214	    -12.8756	     28.9335	     76.8772	    736.8310	    510.2134	    343.3900	    231.5906	    102.3902	     32.6646	     24.0482	     18.3819	     19.9163	    -10.2660	     32.9381	   1107.4012	    931.3929	    501.2510	    300.8827	    172.6278	     99.5279	     24.9780	     21.5561	     39.6419	     35.0386	     64.9137	   1624.3246	    691.2700	    466.6719	    288.3791	    243.7564	    131.7220	     40.7948	     46.1241	     34.8473	     23.4591	    102.4114
      0.0590	      8.6942	     19.1886	     24.1535	     22.5642	     32.1456	     31.8498	     29.8517	     24.0668	     22.5008	     25.6238	     19.3781	     14.7309	     15.4687	     14.3858	     12.7135	     10.6259	     11.2248	      9.7454	      7.4405	      6.2420	      5.4865	      4.4618	      4.7811	      2.8063	     16.8090	     -0.0005	      0.5388	      6.2663	      4.4259	      8.1093	      9.7096	      9.9558	     10.5161	     11.2778	     11.9125	     11.1114	     10.2108	      9.9038	     10.1832	      7.2860	      6.7167	      6.1699	      6.5665	      6.3153	      4.6191	      5.5587	      3.4575	      3.6450	      3.3206	      1.3209	     13.6659	      4.7998	     21.5078	    750.8142	   2285.0435	   3449.3799	   3833.2693	   4065.4865	   3821.1380	   3162.1029	   2750.4414	   1952.3868	   1578.2606	   1006.4554	    536.3445	    558.2100	    260.3363	    199.5084	     97.4491	    148.6887	     47.8328	     48.8042	     29.3499	    -15.2649	     -0.1734	     -0.2192	      2.7327	     16.8221	    201.4367	   2163.7617	   5225.3695	   8159.8172	   9020.2698	   8884.4046	   7584.2353	   6394.5148	   4812.4540	   3797.5313	   2182.6940	   1828.4925	   1416.6993	    681.3362	    672.4853	    433.5838	    296.4062	    240.5000	    194.7910	    162.3837	    122.2490	     76.7644	     -2.5449	     -6.4699	    152.1391	    715.7003	    550.8450	    311.8503	    181.8260	     70.8107	     19.5065	     45.0273	     13.5713	     28.7792	      1.6942	     40.5077	   1183.8670	   1014.7586	    572.3454	    328.5865	    170.0384	    101.9474	     65.9757	     20.2867	     26.0853	     23.7661	     79.1908	   1264.0016	    698.4450	    481.6044	    294.9456	    186.0160	    111.2890	     63.9712	     56.0806	     14.0135	      6.6237	    107.8266
      0.0435	     13.9221	     19.3849	     28.9560	     24.0180	     31.6027	     29.6209	     24.0668	     31.8371	     17.8203	     24.5034	     17.0750	     13.6011	      9.3706	     15.7798	      9.9297	      8.5603	      9.6405	      9.3995	      5.6528	      6.5488	      2.2950	      4.7493	      2.9688	      0.7929	      7.6080	     -0.0086	     -1.0456	      2.6809	      3.3026	      9.4909	     10.4998	      9.3860	      8.2980	      9.5131	     13.0720	     10.6605	      7.4892	      8.3956	      9.5970	      6.9372	      6.6897	      7.1601	      2.9329	      6.8408	      5.4370	      4.0602	      2.1662	      3.7380	      2.2822	      0.2880	      8.1557	      5.1487	     31.8792	    736.8442	   2354.5299	   3210.5335	   3876.9378	   3620.7559	   3646.4348	   3122.0961	   2843.6880	   1864.0162	   1454.3114	    924.0736	    212.0904	    592.5985	    140.5856	    243.5437	    108.6351	    194.2863	     28.7337	     45.2171	      5.4415	    -47.5536	     -8.9528	     -5.5650	     27.2619	      0.7984	    240.3197	   2202.8230	   4862.0883	   8078.5008	   8314.7592	   8911.0200	   7145.3877	   5956.6314	   4472.4139	   3813.5486	   1747.4170	   1722.2695	   1543.0100	    663.5697	    770.5123	    340.2473	    250.4499	    272.9216	    242.4763	    168.2867	    177.0509	     44.4788	    -81.0897	    -23.1793	    -12.1778	    709.5994	    609.1224	    257.6802	    202.2644	     36.7882	    -45.2089	     64.2564	     -3.6891	     59.6820	      5.4468	     65.8386	   1182.5065	   1114.4211	    585.8913	    356.7099	    157.7878	    119.0923	     82.9208	     13.5491	     35.6529	     -2.4625	     89.4156	   1386.9102	    817.4767	    567.4085	    377.8617	    211.9839	    137.3629	     88.6326	    102.4286	     20.3197	     -4.3779	    125.7906
     -0.0019	     -0.5423	     10.6765	     11.9572	     17.0823	     25.8799	     32.2499	     22.5008	     17.8203	     29.4683	     21.8990	     19.7400	     16.1528	     19.4118	     12.5378	     15.0916	     13.8098	     11.8269	      8.5654	      9.1663	      4.9545	      8.8833	      5.1000	      6.3788	      5.2944	     27.9932	      0.0109	      2.4073	      7.9790	      5.1288	      5.4337	      6.6827	      9.4074	     12.4973	     13.2122	      9.3822	      9.4688	     11.3859	     11.0108	      9.1705	      6.2082	      8.1689	      5.4731	      9.5756	      6.4530	      4.3321	      7.1729	      5.1743	      3.2120	      2.7358	      4.0284	     23.3380	      4.7695	     13.3485	    530.8946	   1858.1978	   3156.8831	   3318.9526	   4091.7966	   3688.4152	   2936.4852	   2402.2351	   1939.5827	   1600.7509	   1153.6770	    872.5441	    519.7614	    459.3103	    127.7960	     70.8567	     67.0806	     77.2027	     54.7228	     37.8361	     53.4967	      8.6113	     -2.9874	    -22.9431	     33.2091	    126.1633	   1753.0281	   4678.5594	   7413.3495	   9088.2937	   8057.3922	   7665.4469	   6308.9703	   4878.0264	   3461.2127	   2753.6387	   1872.1586	   1308.5045	    683.8982	    485.8283	    543.3317	    311.2643	    212.6015	    170.7408	    135.3627	     44.2811	    116.7212	    108.7881	     80.5751	    346.1530	    733.2604	    547.9117	    423.8720	    219.2630	    147.0769	    110.9551	      7.7903	     34.5952	     -8.6248	     -1.7502	     20.7957	   1223.2464	    969.8890	    635.9053	    336.9181	    183.3453	     82.4035	     43.6428	     39.0372	     31.0239	     64.7743	     86.0170	   1370.9429	    664.7952	    432.6042	    214.3601	    184.4250	     66.7109	     21.7943	      1.2278	     30.1460	     37.0865	     86.5127
      0.0679	      7.8784	     14.0521	     21.6554	     19.7796	     28.9805	     30.1436	     25.6238	     24.5034	     21.8990	     31.7325	     19.3076	     13.8108	     15.3052	     15.1813	     13.2297	     10.7456	     11.7909	     10.6544	      7.7943	      6.0367	      5.1409	      4.2034	      5.0074	      2.5792	     15.6562	     -0.0025	      0.3451	      5.3223	      3.7304	      7.9439	     10.1003	      9.8723	     10.5850	     11.3713	     13.0218	     11.9714	     10.0109	     10.3391	     11.1737	      7.1853	      7.0269	      6.4834	      6.1578	      6.8234	      4.8461	      5.8624	      3.1501	      3.8540	      3.6146	      0.9953	     12.5018	      4.7146	     17.0313	    618.9116	   2039.8053	   3144.0627	   3592.7010	   3886.0081	   3703.3123	   3073.2388	   2804.5021	   1968.3434	   1643.6698	   1031.5903	    473.8991	    654.6428	    224.9997	    212.5481	    106.2304	    156.4795	     28.9728	     41.7721	     21.7657	    -29.7088	      0.2480	      0.3035	     -6.7677	     11.3597	    218.1488	   2025.9713	   4952.6847	   8080.9769	   8736.5774	   8958.1359	   7698.5670	   6623.8741	   4928.9854	   4020.5338	   2136.6812	   1854.5031	   1502.1667	    668.1697	    696.3365	    443.7249	    284.3072	    246.9826	    190.2439	    174.8832	    120.8933	     61.5292	    -13.1346	    -20.5593	    131.1095	    754.6444	    599.2564	    325.0987	    192.6292	     65.8589	      5.0156	     52.8462	     12.6336	     35.9190	      2.3227	     49.5620	   1277.5747	   1109.9299	    632.7532	    340.2066	    171.7071	    102.2762	     78.3108	     17.3199	     25.7688	     22.2595	     84.4202	   1258.0305	    686.6026	    479.0106	    312.8332	    183.4205	    108.2407	     55.7821	     65.3273	     17.4694	      2.7934	    115.5748
      0.0220	      3.6627	     10.0260	     12.4787	     15.2517	     23.5138	     24.9685	     19.3781	     17.0750	     19.7400	     19.3076	     19.9836	     14.3716	     15.8336	     12.0957	     12.3157	     10.2847	     10.0904	      7.2528	      6.7665	      5.4871	      6.0937	      3.9232	      5.1130	      3.5323	     18.6663	      0.0053	      1.2231	      4.9196	      4.1460	      5.4419	      7.0437	      7.5237	      9.9457	     10.4864	      9.1233	      8.4221	      9.6208	      8.8694	      8.8930	      6.1976	      6.2652	      4.9545	      6.7818	      5.1829	      4.2253	      5.6195	      4.0042	      3.3907	      2.3438	      2.3784	     14.7743	      2.4867	     14.1530	    507.1549	   1694.7723	   2700.9165	   2931.5641	   3298.6819	   3180.3354	   2615.2806	   2144.6070	   1594.0849	   1330.9223	    885.6865	    570.7545	    436.8638	    343.7983	    136.9283	     66.7593	     88.5138	     41.8954	     37.4022	     24.8898	     23.4087	      7.9956	      1.2699	     12.5370	     22.1793	    133.1511	   1669.5159	   4019.2572	   6442.9416	   7475.8280	   7134.4900	   6365.5431	   5228.7249	   3970.3779	   3011.1073	   2091.8438	   1577.7967	   1115.7465	    580.8418	    513.3811	    438.1425	    247.9033	    184.8598	    147.0928	    125.2886	     84.0432	     71.0694	     62.1342	     40.4005	    165.3875	    646.8398	    478.9609	    322.8896	    186.7465	     96.1393	     54.9133	     21.1132	     22.6311	     12.0272	     -0.3414	     26.5760	   1090.0363	    837.7915	    535.6038	    291.0926	    162.0835	     75.4197	     42.9724	     23.6945	     27.4384	     39.3284	     71.7174	   1158.7799	    608.0144	    441.1379	    213.7315	    166.1741	     87.8436	     43.9689	     25.2476	     17.1861	     17.3347	     81.1423
     -0.0470	     -2.8459	      1.9213	      4.1739	      9.7236	     17.0797	     18.0749	     14.7309	     13.6011	     16.1528	     13.8108	     14.3716	     21.6023	     15.2323	     13.2318	     10.9396	     10.4938	      9.8875	      7.1650	      7.3021	      7.1144	      7.4672	      4.7311	      5.0902	      5.2388	     28.5620	      0.0068	      0.7371	      5.8882	      3.7747	      4.3971	      4.3543	      6.3662	     10.1839	      9.7683	      7.2774	      6.8397	     12.3669	      8.6793	      6.7629	      7.9637	      7.5837	      5.7864	      8.3832	      4.9290	      4.6261	      5.2617	      5.5610	      4.6721	      3.4160	      4.8827	     27.4449	     -1.8185	      0.1190	    263.1207	   1142.6240	   2198.3737	   2388.7010	   3026.8961	   2945.4135	   2607.3620	   1868.3809	   1708.7240	   1280.8747	   1036.8397	    783.4546	    305.4320	    542.2331	    177.2199	    126.2113	    120.9226	    115.8652	     30.2722	     33.6401	     37.7227	     33.1190	     11.1099	     67.8776	     12.1939	     46.2835	   1222.5646	   3522.8435	   5195.5488	   6812.2073	   6412.8891	   6080.2253	   5047.6616	   4140.1780	   3073.8537	   2689.1807	   1831.5411	   1312.0737	    991.5823	    600.3561	    559.8801	    398.8683	    285.9601	    178.2463	    130.8481	    136.2611	    116.7942	    157.3166	    105.4414	    392.6237	    559.4576	    419.1941	    350.2029	    153.8490	    114.7908	     96.7185	      5.2413	     38.2319	      2.9144	     10.1754	     25.9057	   1184.6387	    776.0729	    556.5470	    327.8865	    154.2156	     91.5729	     46.6708	     47.2335	     21.8458	     35.4809	     57.8252	    946.7685	    659.1852	    385.5477	    200.7264	    127.6509	     73.1282	     60.1549	      2.4291	     19.7330	     31.0954	     64.4194
      0.0068	     -5.0810	      2.8110	     -0.7996	      6.2980	     17.8666	     18.7150	     15.4687	      9.3706	     19.4118	     15.3052	     15.8336	     15.2323	     22.9772	     10.3028	     13.5180	     11.3284	     11.4240	      7.6812	      8.3406	      5.9555	      9.4653	      4.5212	      6.6255	      5.9245	     33.1735	      0.0122	      2.4222	      7.4311	      4.1619	      2.6056	      3.7096	      5.9889	     11.0999	     10.2508	      6.5225	      7.5351	     12.8081	      9.6369	      7.8033	      7.2705	      6.4781	      5.1810	     10.4120	      4.5082	      4.0676	      6.5788	      5.5778	      3.9635	      3.6305	      4.9431	     26.0520	     -2.9554	     -5.9676	    279.5952	   1024.9115	   2101.3046	   2082.2981	   2969.3214	   2709.5719	   2294.1787	   1716.0006	   1553.9969	   1359.8393	   1007.0629	    975.4559	    350.4131	    581.1371	    122.5991	    102.7133	     55.2772	    100.9251	     45.6056	     41.9604	     61.0824	     30.4899	     14.4395	     19.2262	     20.3329	     11.8051	   1154.9665	   3225.8734	   4832.4387	   6618.5365	   5978.7550	   5902.2745	   5058.5492	   4147.5706	   2969.7756	   2849.7972	   1817.2963	   1130.8803	    871.4731	    517.8256	    632.2444	    425.2990	    233.0126	    135.2350	    141.5899	     61.5577	    120.4360	    193.5069	     88.8579	    472.4182	    615.8949	    440.8168	    414.4910	    145.4681	    142.9632	    144.9881	      2.6506	     49.0749	    -24.2022	      7.3718	      6.5925	   1215.5511	    818.9189	    616.2266	    310.1831	    182.5773	     70.7359	     46.1151	     38.2336	     13.0936	     56.3473	     69.7387	    940.2104	    579.9067	    373.9557	    150.0164	    119.1824	     46.1968	     30.9857	    -30.7659	     13.0831	     32.3398	     66.1779
      0.0056	      2.7955	      3.7911	      9.4322	     10.5016	     17.5430	     15.2880	     14.3858	     15.7798	     12.5378	     15.1813	     12.0957	     13.2318	     10.3028	     14.9734	      8.1736	      7.4862	      8.5265	      7.6319	      5.4196	      6.1597	      4.4308	      4.2501	      3.6770	      2.6661	     18.0047	     -0.0023	     -0.3342	      2.5577	      2.2658	      5.1271	      5.1067	      5.5970	      7.4344	      7.1412	      8.2783	      6.9450	      8.4761	      7.2999	      6.6791	      6.6348	      5.6228	      5.8147	      4.9863	      5.0035	      4.4679	      3.9718	      3.5238	      3.8780	      2.8754	      2.5582	     17.3731	     -1.0286	      6.6828	    279.8578	   1130.1180	   1817.2242	   2202.9477	   2387.2920	   2407.2256	   2224.9443	   1844.5800	   1472.8591	   1167.7685	    832.8185	    459.2187	    394.7333	    330.6049	    191.5639	    110.6737	    139.2779	     70.7394	     30.1150	     18.8563	     -6.1633	     15.6514	      5.8574	     49.0595	      0.1552	     80.1350	   1188.2515	   2944.6376	   4739.2861	   5523.6081	   5913.0139	   5159.9260	   4400.4325	   3578.2701	   2873.7091	   1967.1120	   1516.3580	   1260.3206	    783.5396	    615.1501	    427.3964	    310.4694	    264.0750	    200.7047	    131.9632	    133.9149	     74.4737	     52.4735	     38.4053	    222.8222	    520.5571	    428.0181	    256.9121	    138.9469	     62.5887	     30.0078	     32.3991	     16.2396	     26.2798	      9.2647	     35.1571	   1027.6960	    811.3726	    509.3151	    296.5675	    129.3172	     88.6253	     64.9260	     28.0923	     22.1650	     14.8621	     64.5896	    851.1873	    587.5814	    375.8804	    232.0698	    124.3263	     77.8745	     60.3316	     44.1927	     16.3597	      9.1586	     81.1848
      0.0180	     -1.0560	      4.7604	      3.4201	      6.8231	     14.1581	     16.3979	     12.7135	      9.9297	     15.0916	     13.2297	     12.3157	     10.9396	     13.5180	      8.1736	     12.4673	      8.4439	      8.2948	      5.7801	      6.2556	      4.1013	      5.7212	      3.7718	      4.5240	      3.8216	     20.8702	      0.0061	      1.7176	      4.8739	      3.1312	      2.4719	      4.1008	      5.0122	      7.6683	      7.8179	      6.0619	      6.7764	      8.1078	      7.0995	      6.4895	      4.7484	      5.5582	      4.0552	      6.8641	      4.3225	      3.5337	      4.9468	      3.6081	      2.6821	      2.0238	      3.0055	     17.0511	      0.2621	      3.9573	    255.8660	    934.5752	   1655.8998	   1743.8324	   2286.3717	   2180.6156	   1810.9790	   1492.6107	   1237.4619	   1091.0159	    818.9813	    618.9434	    376.6355	    382.4841	    127.0977	     82.5094	     66.3817	     65.9551	     41.6244	     20.2546	     42.5447	     16.7716	      7.5268	     16.5836	     12.2386	     58.0119	    972.0626	   2463.6869	   4028.6868	   5060.7979	   4796.0402	   4675.1288	   3916.6689	   3189.9963	   2462.9147	   2002.1275	   1455.0384	    996.9996	    656.2985	    498.1816	    464.6223	    296.2927	    192.0119	    139.1018	    130.1412	     76.9527	     85.6044	    107.7591	     65.2124	    278.6521	    481.4613	    367.8860	    299.6008	    140.1642	    102.9623	     79.6913	     13.5546	     29.1258	     -5.9004	      3.9365	     22.7207	    915.9984	    681.9378	    480.0786	    252.4618	    149.5827	     62.3957	     43.1744	     23.7292	     19.7710	     34.0378	     71.7533	    784.9161	    453.5747	    304.2589	    142.3399	    111.7449	     49.5064	     20.7570	     -5.2648	     14.4072	     16.4706	     54.9330
     -0.0171	     -3.3481	      2.6305	      2.8405	      6.1570	     10.2798	     14.3059	     10.6259	      8.5603	     13.8098	     10.7456	     10.2847	     10.4938	     11.3284	      7.4862	      8.4439	     11.1258	      6.7942	      5.5089	      6.1293	      3.7730	      5.7692	      4.0416	      3.9692	      3.8323	     22.4372	      0.0057	      1.3080	      4.6224	      2.6543	      2.6921	      2.6337	      4.6464	      7.4611	      7.4504	      4.9990	      5.3556	      7.5126	      6.4043	      5.0904	      4.1371	      5.9138	      3.9994	      6.5334	      4.4355	      3.1665	      4.4477	      3.5617	      2.5043	      1.9434	      3.8061	     20.5811	      0.4870	      1.7903	    160.1037	    732.6871	   1360.7340	   1495.9279	   2051.8786	   1874.5952	   1561.7285	   1252.7160	   1117.9651	    932.9052	    790.7996	    600.2227	    298.1978	    361.7104	    112.4590	     90.4908	     49.3104	     83.7341	     38.7211	     23.9867	     43.1617	     16.1153	      3.6569	     11.6409	      9.1286	     35.7869	    765.4884	   2172.6762	   3456.1904	   4577.2817	   4074.8640	   4131.1163	   3498.4699	   2923.4311	   2150.4807	   1928.3497	   1288.9713	    965.2066	    654.9699	    390.7174	    412.6766	    285.8504	    200.9959	    143.9049	    107.4673	     54.9950	    105.5065	    103.3829	     83.6259	    345.9002	    387.4573	    318.6305	    266.7644	    133.7859	    104.6901	     82.5070	      1.3926	     26.2136	     -9.7157	      7.0009	     23.7181	    801.5248	    609.1717	    435.7424	    245.3575	    119.6899	     64.9576	     42.5954	     33.9258	     18.5160	     37.9538	     65.7854	    697.1938	    405.2375	    235.0016	    130.9378	    101.0358	     25.4343	     16.5012	     -8.1144	     19.7994	     28.4939	     54.2223
      0.0228	      0.0949	      2.9429	      3.2523	      5.5985	     13.2584	     12.1626	     11.2248	      9.6405	     11.8269	     11.7909	     10.0904	      9.8875	     11.4240	      8.5265	      8.2948	      6.7942	      9.7892	      5.8804	      5.2382	      4.7087	      4.9763	      3.5056	      3.9712	      2.9653	     18.9516	      0.0025	      0.7493	      3.4303	      2.2169	      2.6621	      3.5924	      4.3436	      6.6904	      6.2755	      5.8527	      5.9624	      7.5931	      6.4736	      5.6993	      5.2985	      4.6077	      4.4305	      5.9172	      3.7869	      3.4742	      4.0634	      3.3149	      2.9394	      2.4679	      2.6086	     16.0256	     -1.8410	      0.6189	    202.7335	    772.5592	   1340.9085	   1507.2699	   1882.1688	   1849.3088	   1645.9391	   1368.7373	   1127.0135	    977.5155	    718.5948	    522.1424	    320.2295	    340.1372	    134.3268	     90.8215	     79.2624	     64.0022	     31.4785	     23.3661	     18.2680	     17.1873	     10.3469	     26.8096	      3.6520	     39.4043	    863.5321	   2151.8291	   3476.7871	   4347.2656	   4423.1860	   4102.4884	   3554.5102	   2949.6880	   2345.2556	   1829.8950	   1345.7963	    973.3585	    666.6847	    490.1107	    421.5055	    299.9608	    206.4101	    139.1762	    125.4626	     85.7751	     78.3751	     83.4059	     41.0344	    261.2248	    453.5656	    361.7562	    267.6221	    120.4165	     79.4798	     60.3809	     21.0615	     23.5188	      3.2365	      7.8088	     25.1385	    904.7422	    687.7037	    471.4723	    246.7229	    131.6747	     68.3631	     55.1168	     23.9170	     15.0047	     23.6614	     65.5078	    646.3150	    430.5716	    284.8732	    145.7779	     92.0101	     45.6690	     33.4449	      7.7334	      9.2723	     11.9564	     58.8647
      0.0365	      0.2745	      2.1424	      6.6013	      5.3503	     10.1939	      8.9800	      9.7454	      9.3995	      8.5654	     10.6544	      7.2528	      7.1650	      7.6812	      7.6319	      5.7801	      5.5089	      5.8804	      8.2764	      4.3895	      4.1851	      3.4557	      3.5432	      2.7910	      1.8769	     16.8843	     -0.0041	     -0.0913	      2.4581	      0.9936	      3.4306	      2.6670	      3.5858	      4.9224	      4.7979	      5.4770	      5.4541	      5.8514	      5.3900	      4.7550	      4.4729	      3.8332	      4.2343	      4.2941	      4.0907	      2.8437	      2.9932	      2.3071	      2.5894	      2.9613	      2.0570	     15.5205	     -1.8537	     -1.2732	    127.2288	    525.6187	    879.4620	   1135.5911	   1391.2589	   1294.3573	   1249.1921	   1172.2547	   1014.6535	    838.1410	    637.9715	    407.7798	    334.1067	    249.8852	    160.2332	    103.9374	     99.5618	     77.0554	     28.7826	     23.1573	     -9.1874	     12.4707	      8.5407	     21.4220	     -6.7887	     20.3292	    543.4455	   1559.8220	   2514.6224	   3047.3644	   3387.8131	   3136.2940	   2897.8732	   2544.2946	   2100.1784	   1474.1711	   1165.9481	    994.6680	    680.5615	    500.2476	    367.8179	    299.8103	    240.0106	    183.7897	    122.9476	     85.5906	     86.0215	     48.1981	     17.6851	    288.0140	    347.1295	    321.5080	    187.5940	     80.7111	     40.3834	     29.3977	     26.4138	     13.0538	      9.5085	     10.1085	     25.2884	    738.3396	    646.5276	    396.8130	    216.0089	     85.1730	     65.4501	     67.2056	     23.3481	     11.3660	     10.3265	     55.0115	    453.9867	    383.0210	    198.2906	    158.2006	     65.6893	     28.2162	     31.2373	     26.2493	      9.9025	      3.5127	     62.0777
      0.0027	     -3.0511	      1.5131	      1.6707	      3.2389	      6.6028	      8.7176	      7.4405	      5.6528	      9.1663	      7.7943	      6.7665	      7.3021	      8.3406	      5.4196	      6.2556	      6.1293	      5.2382	      4.3895	      6.3882	      2.9292	      4.1149	      2.9776	      2.8709	      2.9267	     17.6857	      0.0032	      1.0083	      3.8070	      1.7088	      1.5681	      1.8181	      3.1887	      5.0426	      4.9559	      3.7315	      4.4850	      5.8574	      4.9596	      3.6654	      3.4149	      4.1719	      3.0575	      5.1705	      3.3638	      2.2589	      3.1750	      2.5404	      2.0156	      1.9703	      2.7286	     16.1805	     -0.5556	     -3.9721	     94.3551	    413.2799	    866.1595	    933.0307	   1411.9204	   1254.2003	   1073.0985	    871.6023	    842.3037	    700.0521	    596.1394	    477.9266	    239.7885	    277.9089	    101.1981	     85.5574	     51.8176	     74.4285	     28.3053	     17.8906	     27.5262	     16.6964	      7.1961	     13.6036	      2.9118	     16.1472	    466.7874	   1469.2131	   2182.9279	   2973.3086	   2716.1086	   2874.0238	   2527.2438	   2179.8345	   1657.2129	   1480.2884	   1033.4840	    757.1368	    571.9203	    352.0254	    339.3679	    253.9746	    171.9609	    115.5229	     94.8090	     53.0161	     84.4796	     89.8162	     57.6560	    294.8806	    271.0634	    229.2484	    197.4549	     77.1073	     70.7549	     63.8976	      5.4366	     21.5246	     -8.8067	      6.9612	     17.7504	    602.4974	    453.0628	    326.6196	    177.4204	     89.6633	     49.3197	     37.5765	     23.9549	     10.1998	     21.7551	     47.6091	    456.2826	    328.6483	    175.0137	    110.4961	     67.8313	     21.5825	     15.8737	     -7.6437	     12.2863	     15.9690	     39.4482
      0.0227	      1.1577	      1.0872	      2.8490	      3.1775	      8.1671	      4.6959	      6.2420	      6.5488	      4.9545	      6.0367	      5.4871	      7.1144	      5.9555	      6.1597	      4.1013	      3.7730	      4.7087	      4.1851	      2.9292	      6.6961	      2.5153	      2.5425	      2.2577	      1.3172	     12.5110	     -0.0022	     -0.4153	      1.2178	      1.1408	      2.1586	      2.1220	      2.3478	      3.6208	      3.2679	      3.8357	      3.7148	      4.6786	      4.1721	      3.2534	      4.0698	      2.7799	      3.5013	      3.5209	      2.6798	      2.5340	      2.2073	      2.1511	      2.5895	      2.1156	      1.8114	     11.5302	     -4.0163	     -1.6181	    106.8616	    457.4506	    649.8570	    854.9838	    935.7150	   1041.9522	   1026.9750	    828.6164	    698.2667	    561.1533	    468.3536	    280.8750	    169.7930	    241.1498	    120.8685	     84.7796	     72.0415	     57.1946	     12.6118	     21.8272	     -1.3710	     16.8940	     12.4395	     45.6998	     -6.5431	     10.5363	    534.7003	   1241.7969	   1908.0885	   2355.8511	   2647.9376	   2279.8874	   1997.1341	   1797.9274	   1540.4021	   1162.2897	    921.1879	    706.6912	    561.3323	    393.8509	    285.1972	    233.5988	    179.8169	    117.3749	     97.7824	     86.9583	     64.3257	     45.6900	     20.0310	    177.8779	    267.5920	    226.2001	    144.2024	     75.1106	     38.1279	     22.6970	     17.2238	     14.5134	      9.7182	      9.8683	     27.7607	    588.5490	    434.8441	    293.9711	    154.1109	     70.6516	     52.2761	     52.1686	     19.0518	      8.8092	      6.0204	     43.9748	    411.3160	    368.6434	    239.7365	    133.7520	     66.5248	     38.3067	     44.8689	     17.2081	      2.4696	      6.1160	     48.4242
     -0.0289	     -5.5120	     -1.6922	     -3.3789	      1.6936	      5.3509	      6.7919	      5.4865	      2.2950	      8.8833	      5.1409	      6.0937	      7.4672	      9.4653	      4.4308	      5.7212	      5.7692	      4.9763	      3.4557	      4.1149	      2.5153	      6.6324	      2.2008	      3.1749	      3.3640	     19.2439	      0.0079	      1.0985	      3.6715	      1.7400	      0.7737	      0.1328	      2.4516	      5.3944	      4.5411	      1.9888	      2.2217	      6.3728	      4.5335	      2.5780	      3.5209	      3.2323	      2.2984	      5.4594	      2.0030	      1.5821	      3.1453	      3.1833	      1.9700	      2.0664	      3.3885	     16.7413	     -1.9707	     -7.8455	     44.8611	    261.1092	    790.3987	    742.2660	   1284.1589	   1045.5628	    919.9657	    580.0727	    658.2460	    557.5192	    436.4751	    524.0354	     90.0581	    306.3789	     28.2475	     48.6982	      4.0673	     63.3395	     16.5130	     24.8657	     35.8107	     18.2708	      4.4464	      1.7040	     12.1318	    -34.2199	    330.5750	   1268.4114	   1715.9001	   2814.0367	   2271.8355	   2447.7839	   2168.5370	   1813.2973	   1110.0442	   1429.1811	    724.8008	    465.1835	    411.6510	    127.4073	    290.9959	    200.1320	    102.3162	     59.0313	     38.0615	     -4.3659	     69.9891	    116.8529	     60.9274	    312.2017	    226.7568	    146.3649	    184.8805	     50.7727	     76.8406	     93.9843	    -10.8415	     26.1906	    -19.9748	      4.3379	     -8.9252	    487.8340	    296.2708	    256.1545	    139.9341	     66.9427	     29.3878	     15.5869	     28.0616	      2.8694	     38.2979	     24.3374	    380.0484	    224.9040	    127.4968	     48.8987	     42.5174	      2.7612	      9.2522	    -24.5046	     10.5163	     26.9229	     27.4032
