      0.0520	      0.0449	      0.0606	      0.0617	      0.0288	      0.0856	      0.0061	      0.0541	      0.0493	     -0.0041	      0.0679	      0.0201	     -0.0436	      0.0070	      0.0054	      0.0185	     -0.0176	      0.0228	      0.0365	      0.0027	      0.0225	     -0.0289	      0.0102	      0.0072	     -0.0278	     -0.0425	     -0.0001	     -0.0001	      0.0091	     -0.0014	      0.0072	      0.0399	      0.0030	     -0.0188	     -0.0118	      0.0298	      0.0547	     -0.0302	      0.0107	      0.0339	     -0.0043	     -0.0217	      0.0101	      0.0030	      0.0139	      0.0106	      0.0085	     -0.0209	     -0.0017	      0.0092	     -0.0310	     -0.0816	     -0.0336	      0.0942	      3.6457	      6.2048	      0.5358	      2.5312	     -1.4490	      1.2864	      1.4592	      6.8177	      2.8710	      4.8401	      3.0806	     -0.6201	      4.1350	     -0.2202	      1.6716	      0.7618	      0.8176	     -0.0061	      0.2000	      0.1873	     -0.3305	     -0.0183	      0.2214	      0.2655	     -0.2386	      1.0670	      7.8399	      3.9785	      7.1469	     -6.0168	      5.0452	      0.1299	      1.3829	      4.3650	     11.0176	     -1.4659	      6.4373	      5.0295	      3.1068	      5.8479	      1.8049	      1.3602	      1.2355	      1.3312	      1.6788	      0.9448	      0.3302	     -0.8697	     -0.9410	     -0.8220	      1.5064	      1.7966	     -0.1680	      0.2767	     -0.5197	     -0.8071	      0.5972	     -0.1539	      0.1973	      0.0300	      0.4255	      1.5016	      3.1750	      1.1136	     -0.0764	      0.2936	      0.0600	      0.7593	     -0.3023	      0.0329	     -0.3411	      0.6765	     -1.5158	      0.6296	      0.9061	      0.4234	      0.0600	      0.1692	      0.0379	      0.3410	     -0.2687	     -0.5531	      0.2675
      0.0449	      4.4976	      4.0622	      5.5615	      4.1130	      6.1344	      3.3653	      3.5059	      5.3940	      0.4168	      3.4335	      1.6781	     -0.5774	     -0.9858	      1.2398	      0.1346	     -0.9336	      0.4990	      0.3899	     -0.8271	      0.5779	     -1.6362	     -0.2768	     -0.2031	     -1.5545	     -7.5942	     -0.0039	     -0.0564	      0.2544	      0.1845	      1.7127	      2.6180	      1.0126	     -0.5244	      0.1317	      1.9982	      1.3309	     -1.4062	      0.0784	      1.4997	      0.3100	     -0.2866	      0.4808	     -1.6368	      0.1694	      0.6771	     -0.2560	     -0.7757	      0.0184	     -0.4457	     -1.5428	     -7.6935	      0.9936	     12.7012	    273.2937	    610.5976	    526.7445	    655.8672	    275.3490	    423.2571	    311.3253	    391.7030	     54.5847	     56.1383	    -56.8036	   -199.8696	     90.8698	   -104.0483	     24.3281	     -7.7321	     20.9950	    -40.8140	     -3.0392	     -5.0946	    -25.5189	     -9.5727	     -0.3065	      2.2978	     -1.2895	     77.9033	    513.0855	    603.8771	   1099.3779	    536.3943	    925.0883	    336.0536	    194.5471	     -7.1868	    232.0111	   -315.5817	     -0.7299	     19.2848	   -101.4932	     85.6838	    -47.3188	    -53.8838	     -4.6569	      3.5183	     27.4712	     28.5559	    -31.1685	    -71.5198	    -44.0532	   -184.0759	    189.1012	    173.4839	     37.3428	     54.4824	    -15.4309	    -47.3972	     22.1415	     -6.8377	     21.6299	     -1.9953	     20.5066	    210.3114	    244.7924	    105.6650	     35.2108	     25.6448	     13.6489	     14.9054	    -10.2073	      8.6505	     -9.4540	     16.9438	    278.9147	    146.2610	    141.6849	     63.5105	     32.9784	     33.5111	     18.8738	     34.1351	     -1.8683	    -11.1020	     21.4585
      0.0606	      4.0622	     11.7708	     10.5744	      9.6290	     11.1013	     10.2938	      7.9355	      9.9916	      3.5978	      6.6439	      4.1311	      0.8236	     -0.2119	      2.1686	      1.5242	      0.4817	      0.9985	      0.7964	      0.0144	      0.5613	     -1.6430	      0.4598	     -0.2671	     -1.2379	     -8.2283	     -0.0024	      0.1447	      1.6200	      1.2118	      3.3580	      4.4233	      2.9229	      0.8083	      1.5078	      3.4564	      2.9711	     -0.7936	      0.6991	      2.4673	      0.3881	      1.0766	      1.0595	     -1.4588	      0.8977	      1.1063	      0.3074	     -0.9539	      0.0964	     -0.7302	     -1.4582	     -7.7520	      4.0202	     27.2389	    644.1444	   1385.2382	   1475.8679	   1586.4064	   1130.5561	   1147.4393	    781.5963	    773.1012	    197.4821	    186.3378	      5.9542	   -220.9333	    139.1938	   -133.5508	     33.5638	      9.1397	     31.0439	    -41.0102	     11.8107	    -12.8722	    -21.8990	    -14.8055	     -5.7438	     -1.8664	      2.0291	    159.2484	   1218.0542	   1857.1247	   2709.9751	   1938.4771	   2004.5058	   1078.6960	    738.7135	    259.7542	    453.9950	   -302.7850	     88.6959	    112.8547	   -102.8158	    127.8748	    -41.4789	    -43.7726	     -8.1166	     24.0458	     44.7844	     41.8688	    -30.0785	    -92.5034	    -40.4387	   -207.3754	    221.5437	    174.6876	     33.1514	     71.2247	     -8.2662	    -53.8674	     28.8361	     -9.6646	     23.9479	     -2.2999	     26.5473	    212.3157	    266.5424	    105.0860	     62.9957	     42.4874	     22.9511	     11.1763	    -14.7263	     11.0910	     -9.8347	     29.8360	    503.2362	    199.3927	    206.0155	    108.0825	     75.6300	     57.9296	     26.0680	     43.3152	      0.2841	     -9.0616	     36.1604
      0.0617	      5.5615	     10.5744	     19.5774	     13.7804	     16.9064	     16.1438	     13.2079	     16.8358	      7.1181	     12.6390	      7.8812	      3.1398	      0.4865	      5.4240	      2.5921	      1.6782	      2.1519	      3.0581	      0.8239	      1.5709	     -1.7132	      0.7030	     -0.1089	     -1.7585	    -10.1289	     -0.0062	      0.2385	      2.3129	      1.2494	      5.8942	      6.4036	      4.9668	      1.6125	      3.6737	      6.5140	      4.6180	      0.2970	      2.4726	      4.5252	      1.8138	      1.8355	      2.0022	     -1.8635	      2.4584	      1.5995	      0.5388	     -0.6388	      0.6905	      0.1075	     -2.2333	     -8.3851	      6.2183	     29.1114	    746.3145	   1777.8397	   2109.0391	   2390.2875	   1862.5944	   1813.7386	   1380.8731	   1349.6217	    632.2296	    448.8755	    123.0232	   -233.8026	    274.0414	   -178.9517	     75.8618	     18.9913	     76.0833	    -45.0520	      8.5386	    -12.6679	    -51.5768	    -22.7870	    -11.5625	    -13.6839	      6.3523	    212.9979	   1520.5769	   2837.1847	   4331.3077	   3548.5325	   3764.6124	   2495.8047	   1990.5437	   1119.2530	   1130.2241	   -132.8510	    313.3268	    361.6120	    -72.6341	    214.7300	    -44.2748	    -56.8573	     37.4497	     69.3505	     48.0879	     57.5244	    -28.2678	   -134.3185	    -66.8168	   -258.1592	    386.9110	    346.7597	     74.8653	    107.4447	    -18.8649	    -80.1175	     39.1213	    -17.2607	     43.1451	     -5.2506	     34.5249	    431.6464	    537.3798	    208.7201	    125.3345	     54.5801	     46.0355	     24.2545	     -9.1076	     21.0475	    -10.0634	     28.7869	    910.4891	    475.2133	    358.3275	    229.8594	    129.0897	     92.5676	     53.2233	     82.2341	     10.3776	     -9.9618	     66.9107
      0.0288	      4.1130	      9.6290	     13.7804	     18.2733	     19.6522	     21.4276	     15.9930	     17.5194	     12.7736	     14.9963	     11.4104	      6.6677	      5.0956	      7.1799	      5.4466	      4.4572	      4.2438	      3.4225	      2.3175	      1.9423	      1.1822	      1.2089	      1.3191	      0.0112	     -3.0386	      0.0006	      0.4902	      2.8379	      2.1145	      5.7709	      6.3972	      6.3115	      4.7988	      5.8623	      6.8889	      5.0935	      2.9719	      4.2330	      5.2930	      2.6857	      2.9819	      2.3121	      0.6228	      2.7964	      1.8237	      2.0956	      0.6974	      1.1286	      0.3959	     -0.7994	     -3.2670	      7.4262	     30.0997	    784.9610	   2017.1421	   2688.8500	   2909.8440	   2604.5005	   2400.0846	   1819.2118	   1554.0853	    839.4438	    640.7160	    224.6834	    -20.1606	    236.3893	    -87.6945	     31.6165	    -11.5823	     47.5840	    -42.1852	     13.5236	     -0.0772	    -25.5994	    -21.5721	    -15.9212	    -28.1021	     23.0007	    206.9653	   1801.5839	   3758.9268	   5616.8438	   5478.2483	   5101.1279	   3830.2200	   3018.3808	   1815.9865	   1329.6035	    345.1546	    389.3010	    364.9923	   -106.6836	    105.4146	     -2.6750	    -57.5376	     -1.9871	     42.9398	     21.0075	     18.0989	    -20.5675	    -88.8547	    -38.6305	   -183.2766	    422.4159	    289.9445	    109.2409	    118.1236	     16.2607	    -29.4924	     26.4226	     -8.3953	     31.2684	     -8.4382	     14.7813	    470.1497	    463.4900	    206.1744	    142.3110	     72.1534	     43.1643	      6.0724	     -0.5765	     20.7065	     15.6693	     29.7694	   1012.7294	    401.2545	    345.4914	    195.7704	    145.9752	     94.8055	     42.1628	     61.4842	     13.7291	      4.9980	     68.3285
      0.0856	      6.1344	     11.1013	     16.9064	     19.6522	     50.4764	     37.8585	     27.3182	     29.6118	     21.6136	     26.2525	     20.4292	     13.7595	     13.9796	     15.3700	     11.7967	      7.9878	     11.2219	      8.4778	      4.8330	      6.8556	      3.3331	      3.6190	      3.9425	      0.5091	      6.1214	     -0.0037	      0.3078	      6.4915	      3.2817	      8.8245	     10.1417	      9.6224	      8.6048	      9.6683	     12.4962	     10.4195	      7.6725	      8.7401	     10.1052	      6.5857	      4.3513	      6.1038	      3.1580	      5.6633	      4.7095	      4.3733	      2.3522	      3.4182	      2.2242	     -0.8932	      1.0530	      4.8207	     42.9716	    936.3722	   2905.9654	   3897.1933	   4292.0732	   3908.8259	   3937.3223	   3314.4670	   2994.1631	   1863.1717	   1514.6736	    872.2758	    284.7899	    531.5650	    185.3435	    194.1069	     10.6258	    181.8911	     -5.3892	     51.9282	     24.1026	    -47.4708	    -18.5637	     -5.3877	      3.8223	     15.2743	    237.5910	   2703.1822	   5667.8870	   9347.1728	   9726.6612	  10035.8347	   7630.8153	   6013.3902	   4395.5373	   3616.5413	   1526.8496	   1543.3434	   1221.1494	    348.0682	    631.6202	    310.8589	    188.6309	    187.1544	    167.1746	    156.3192	    144.4923	     10.1299	    -95.4074	    -65.9660	   -140.8136	    696.4662	    502.1924	    226.9999	    174.8102	     27.0167	    -45.9944	     56.7813	      0.8072	     50.7465	     -2.6135	     41.9488	    984.3670	    897.9067	    436.9985	    237.1777	    135.6438	     89.3329	     56.2715	     -3.6726	     26.4874	      0.5913	     64.1172	   1383.2744	    709.7644	    575.0709	    314.6176	    205.0124	    145.9113	     83.9016	     86.9168	      8.0795	     -8.3358	    118.0532
      0.0061	      3.3653	     10.2938	     16.1438	     21.4276	     37.8585	     57.7948	     28.6021	     28.3805	     29.0242	     27.8277	     23.0618	     16.2673	     16.4242	     14.0654	     14.7596	     12.4476	     10.9829	      7.7851	      7.3033	      4.2289	      5.4917	      3.6956	      4.4693	      3.2630	     12.0870	      0.0067	      1.3090	      8.5613	      4.3272	      8.6622	      9.5076	     11.7925	     11.2267	     13.2380	     12.0715	     10.8681	      9.3542	      9.8414	     10.4365	      5.2926	      7.8134	      4.9560	      5.4746	      6.8750	      3.8827	      5.6941	      3.5387	      2.3544	      1.7121	      0.5230	      8.2503	     13.0359	     46.2491	    855.0314	   2860.3136	   4316.8733	   4516.3610	   4712.9074	   4379.1230	   3453.9602	   3041.8294	   2132.2111	   1640.6917	   1094.3411	    550.8479	    576.5750	    230.7102	    149.9841	    -22.3520	    143.4073	     17.0166	     67.2033	     23.6540	      3.9001	    -23.2627	    -17.9548	    -41.5495	     40.2053	    258.3041	   2541.3526	   6216.7518	  10098.7952	  11213.6131	  10224.9136	   8716.0284	   6752.6092	   4888.3959	   3655.9088	   1887.7197	   1634.7226	   1218.0572	    266.8620	    486.4678	    319.6497	    143.3564	    141.0238	    150.1032	    126.5596	    100.2161	     42.3922	    -42.2115	      8.9511	    -21.3921	    703.9059	    483.9792	    305.9564	    223.4100	     85.5417	     12.4076	     28.0556	     12.1790	     26.2592	    -11.1728	     33.1223	   1026.7506	    875.2362	    457.8986	    277.5076	    164.0116	     93.2536	     21.1690	     14.5770	     38.6250	     27.9505	     60.1374	   1535.8367	    634.6515	    457.7877	    275.4968	    235.1417	    134.9434	     43.4695	     53.0292	     30.2108	     16.9491	     97.4915
      0.0541	      3.5059	      7.9355	     13.2079	     15.9930	     27.3182	     28.6021	     27.4140	     23.5612	     21.1600	     24.5692	     18.4799	     13.7980	     14.2148	     13.5545	     11.9488	      9.8160	     10.4716	      8.8691	      6.7225	      5.6434	      4.7996	      3.9358	      4.3672	      2.3804	     13.3949	     -0.0004	      0.7685	      5.4059	      3.0127	      6.8100	      8.7289	      9.2631	      9.5909	     10.5852	     11.4722	     10.5124	      9.2836	      9.2005	      9.8039	      6.7106	      6.2739	      5.7207	      5.7383	      5.8738	      4.3628	      5.1283	      3.0524	      3.2807	      2.8189	      0.8462	     10.4968	      5.4530	     22.7499	    735.7386	   2228.0592	   3328.8694	   3707.8580	   3855.3801	   3651.3706	   2997.8011	   2624.5913	   1808.7308	   1461.1860	    900.4110	    447.3780	    525.7086	    202.4399	    178.5295	     79.7803	    135.9689	     28.7361	     44.5561	     23.8672	    -17.4876	     -4.2539	     -2.2589	     -1.6522	     17.9347	    206.8410	   2097.6366	   4989.1093	   7863.5863	   8587.9544	   8484.2087	   7170.2998	   6016.9982	   4456.0057	   3530.4879	   1933.1078	   1656.6006	   1281.3052	    562.3400	    609.3660	    369.7265	    243.6564	    205.1360	    169.8386	    145.7421	    113.4515	     59.3881	    -19.2679	    -14.0404	     87.0269	    700.6668	    535.3197	    294.8371	    183.0016	     65.7705	     10.4061	     45.0525	     10.6171	     31.3205	      0.0185	     40.1927	   1132.4305	    975.8893	    545.6331	    314.6850	    167.1284	     97.7833	     59.7127	     16.7145	     26.9586	     21.9040	     75.7755	   1244.7031	    659.7011	    471.7866	    285.3753	    184.8466	    113.7736	     61.8565	     58.3825	     13.5869	      5.1443	    103.9581
      0.0493	      5.3940	      9.9916	     16.8358	     17.5194	     29.6118	     28.3805	     23.5612	     32.7748	     16.9885	     24.8903	     16.8362	     13.0923	      8.4999	     15.4961	      9.5620	      7.9045	      9.2864	      9.0089	      5.1167	      6.2216	      1.6038	      4.3607	      2.6506	      0.2750	      4.1078	     -0.0094	      0.2617	      4.5493	      2.3069	      8.8262	     10.0282	      9.2902	      7.4953	      9.0110	     13.1893	     10.6227	      6.8050	      8.0244	      9.6767	      6.6312	      6.3064	      6.9273	      2.2034	      6.6175	      5.3233	      3.7814	      1.7446	      3.4978	      1.9739	     -0.3426	      4.8438	      5.8974	     34.3691	    760.6315	   2398.2225	   3214.3930	   3900.0984	   3541.1289	   3607.1910	   3073.7375	   2837.1905	   1790.4663	   1401.4617	    848.8707	    123.1442	    588.3316	     80.9384	    234.8790	     96.6140	    191.9832	     10.1340	     42.7017	      0.9402	    -54.3833	    -13.7043	     -7.4528	     23.5974	      1.4214	    256.9611	   2235.6543	   4827.2590	   8102.2464	   8176.6828	   8859.5735	   6984.1714	   5809.9187	   4286.8200	   3708.7582	   1537.3254	   1618.5835	   1468.8293	    569.0574	    746.8740	    288.1217	    208.5043	    247.5434	    228.6969	    160.3223	    175.8876	     29.1297	   -105.4630	    -37.7287	    -81.8327	    718.6581	    613.6654	    243.8200	    206.5966	     28.4344	    -59.6433	     68.6856	     -8.0989	     65.1417	      3.7953	     67.3957	   1164.5340	   1115.9936	    573.6843	    351.9902	    159.0227	    118.3700	     80.8378	      8.8835	     36.8894	     -5.6219	     89.1446	   1395.0638	    799.3688	    574.8082	    380.5224	    216.2167	    145.0908	     90.1323	    109.8242	     18.7514	     -8.4946	    126.4392
     -0.0041	      0.4168	      3.5978	      7.1181	     12.7736	     21.6136	     29.0242	     21.1600	     16.9885	     29.5318	     21.4718	     19.8086	     16.1225	     19.5338	     12.3839	     15.1178	     13.7973	     11.8037	      8.3325	      9.1014	      4.8783	      8.9351	      5.0010	      6.4123	      5.3208	     27.7339	      0.0116	      1.5247	      5.5408	      3.5570	      4.4310	      5.9209	      8.9804	     12.2799	     13.3065	      9.2703	      9.3326	     11.3807	     10.9648	      9.1430	      6.1403	      8.1339	      5.3758	      9.5884	      6.3176	      4.2987	      7.1944	      5.1875	      3.1648	      2.6211	      4.0342	     22.9361	      4.8050	     13.4667	    533.6307	   1861.1673	   3164.1945	   3314.6522	   4087.3451	   3688.3690	   2925.4542	   2380.4511	   1913.3962	   1585.4100	   1136.5042	    868.9905	    508.4563	    457.2471	    119.6100	     66.2756	     60.7481	     73.2880	     54.0268	     37.2447	     55.8659	      8.3543	     -3.2681	    -24.0805	     34.3933	    126.2792	   1758.1690	   4668.5825	   7403.0571	   9088.5025	   8024.9817	   7635.6636	   6269.8693	   4828.7967	   3408.9022	   2735.9600	   1844.0410	   1273.1064	    658.6315	    466.3239	    535.8867	    301.4780	    201.9520	    162.1651	    131.1800	     39.7511	    113.8034	    109.9453	     81.4118	    336.9540	    735.4006	    545.0044	    425.9883	    220.8995	    149.3636	    113.1650	      6.5772	     35.0739	     -9.5497	     -2.2454	     19.7049	   1218.7653	    959.6163	    633.2608	    334.4946	    184.6965	     80.7264	     41.0006	     38.5418	     31.0051	     66.2694	     85.6795	   1378.6661	    658.5116	    435.1709	    209.4581	    185.1483	     67.0484	     20.8757	     -0.7278	     29.9140	     37.9068	     85.1789
      0.0679	      3.4335	      6.6439	     12.6390	     14.9963	     26.2525	     27.8277	     24.5692	     24.8903	     21.4718	     31.5876	     19.1398	     14.0953	     15.0533	     15.2251	     13.0526	     10.6018	     11.7115	     10.6184	      7.6572	      6.0932	      5.0198	      4.1767	      4.9386	      2.4386	     15.0911	     -0.0029	      0.7199	      5.5930	      2.7601	      7.0479	      9.2457	      9.5883	     10.2769	     11.1897	     13.0300	     11.8916	      9.9105	     10.2869	     11.1535	      7.1844	      6.9360	      6.5048	      5.9793	      6.7773	      4.8597	      5.7955	      3.1013	      3.8751	      3.5846	      0.9323	     12.0968	      4.5997	     17.4801	    622.0282	   2049.3878	   3135.4835	   3599.5618	   3860.9575	   3693.5773	   3070.7004	   2802.9841	   1952.5561	   1631.5238	   1017.4654	    452.2410	    648.9796	    217.2014	    211.7650	    105.8844	    156.6192	     26.7268	     40.5067	     21.3729	    -31.8876	     -0.1944	     -0.0078	     -5.8206	     10.8168	    219.6193	   2036.4544	   4943.5290	   8082.4714	   8707.9559	   8960.7899	   7658.5434	   6590.2180	   4894.5534	   4001.0213	   2102.6607	   1833.2049	   1495.2129	    658.2990	    691.5856	    434.4838	    278.0574	    244.9858	    189.9752	    173.0674	    121.0710	     59.5984	    -18.5053	    -23.1582	    120.0709	    754.7682	    600.2651	    320.2075	    193.3192	     63.6083	      1.5972	     53.5290	     11.5195	     37.4784	      2.3797	     50.0982	   1272.7335	   1110.2992	    630.1571	    339.6275	    169.5599	    102.3779	     78.7729	     16.9266	     25.8300	     21.7480	     84.4392	   1260.1333	    687.4245	    483.4569	    314.6501	    184.0653	    109.0851	     57.4699	     67.7594	     17.1298	      2.4854	    116.6767
      0.0201	      1.6781	      4.1311	      7.8812	     11.4104	     20.4292	     23.0618	     18.4799	     16.8362	     19.8086	     19.1398	     19.9998	     14.4508	     15.8907	     12.0757	     12.3208	     10.2993	     10.0844	      7.1858	      6.7538	      5.4757	      6.1444	      3.8977	      5.1278	      3.5625	     18.6942	      0.0056	      0.9270	      4.4078	      3.0429	      4.7946	      6.4826	      7.2725	      9.8248	     10.5121	      9.0788	      8.3467	      9.6588	      8.8682	      8.8674	      6.2026	      6.2699	      4.9283	      6.7978	      5.1414	      4.2122	      5.6261	      4.0363	      3.3913	      2.3254	      2.4096	     14.7871	      2.4865	     14.0985	    506.9266	   1694.2994	   2706.1491	   2932.0493	   3302.0493	   3182.2494	   2615.3007	   2136.7003	   1588.5862	   1326.1004	    880.6345	    572.2432	    431.4552	    344.9732	    134.0918	     65.2825	     86.6739	     41.2854	     36.9923	     24.9003	     24.1732	      8.0794	      1.1121	     12.2800	     22.6761	    132.2690	   1669.3122	   4021.5354	   6441.1638	   7487.0984	   7129.4268	   6362.6017	   5222.1232	   3959.5143	   2992.8101	   2092.5754	   1568.5540	   1105.3343	    574.5033	    505.1843	    436.4388	    245.2897	    181.9828	    144.5481	    123.2367	     82.2687	     70.4486	     63.3905	     41.2596	    164.6627	    646.6434	    476.7988	    323.4885	    186.8937	     97.0713	     56.2010	     20.4005	     22.9257	     11.6547	     -0.4777	     25.8775	   1088.3387	    832.8163	    534.1890	    290.5648	    162.0938	     74.9649	     41.8870	     23.9025	     27.3767	     40.0646	     71.1342	   1161.6675	    606.3878	    441.4327	    212.2357	    166.2451	     87.8294	     43.8536	     24.5689	     17.3110	     17.9512	     80.7559
     -0.0436	     -0.5774	      0.8236	      3.1398	      6.6677	     13.7595	     16.2673	     13.7980	     13.0923	     16.1225	     14.0953	     14.4508	     21.0431	     14.9845	     13.2259	     10.8619	     10.4221	      9.8347	      7.2185	      7.2384	      7.0267	      7.2887	      4.6814	      5.0068	      5.0899	     27.7594	      0.0063	      0.4995	      4.2075	      2.9286	      3.6677	      4.1628	      5.9871	      9.9802	      9.6719	      7.3903	      6.9292	     12.1443	      8.6378	      6.8415	      7.8852	      7.5333	      5.7656	      8.2049	      4.9717	      4.6010	      5.2152	      5.4255	      4.6070	      3.3938	      4.6984	     26.7167	     -1.5067	      0.8298	    271.0993	   1160.9867	   2208.8148	   2410.4681	   3026.4324	   2945.4071	   2603.2847	   1885.3009	   1704.7356	   1279.8890	   1026.4895	    762.5018	    313.0185	    524.4945	    177.7176	    124.7581	    122.2534	    112.1942	     30.4014	     32.7549	     34.7591	     31.5159	     10.4039	     65.4627	     12.0519	     52.1706	   1235.4946	   3537.2072	   5243.1208	   6812.7057	   6440.9396	   6077.6356	   5054.0979	   4128.9172	   3078.5275	   2641.7512	   1815.9848	   1309.9145	    972.8839	    600.3923	    548.1351	    390.8471	    282.7888	    178.5686	    130.4170	    136.1742	    114.2579	    149.0855	    100.4171	    378.8733	    562.8020	    423.4025	    345.9982	    154.5905	    111.7454	     92.0316	      7.0579	     36.5716	      4.5933	      9.8220	     26.6339	   1181.3137	    784.8261	    555.3232	    328.1126	    153.9938	     92.0022	     47.4371	     46.0597	     22.1717	     34.4167	     58.3284	    950.1079	    656.0940	    386.0207	    204.0311	    129.3116	     74.6436	     60.2499	      5.3374	     19.5071	     29.7033	     65.6802
      0.0070	     -0.9858	     -0.2119	      0.4865	      5.0956	     13.9796	     16.4242	     14.2148	      8.4999	     19.5338	     15.0533	     15.8907	     14.9845	     22.9426	     10.3056	     13.4738	     11.3312	     11.4185	      7.6673	      8.3301	      5.9557	      9.4482	      4.5139	      6.6195	      5.9121	     33.0790	      0.0122	      1.1102	      4.5567	      3.0684	      1.6278	      3.4801	      5.5396	     11.0809	     10.3010	      6.5317	      7.5091	     12.7466	      9.6337	      7.8121	      7.2545	      6.4890	      5.1758	     10.3930	      4.5083	      4.0685	      6.5769	      5.5652	      3.9547	      3.6144	      4.9284	     25.9586	     -2.9260	     -5.8511	    280.6517	   1027.5207	   2102.9975	   2084.5223	   2968.9543	   2710.5946	   2293.8632	   1716.9054	   1552.0835	   1359.1802	   1005.5509	    973.0246	    350.7854	    579.6783	    122.2777	    102.3551	     55.0794	    100.3405	     45.6211	     41.7449	     61.0581	     30.3361	     14.3596	     19.0681	     20.3592	     12.4430	   1157.1712	   3225.6244	   4836.8396	   6618.3605	   5980.3666	   5900.9477	   5056.0498	   4143.5012	   2967.7125	   2844.7154	   1814.8414	   1129.2638	    868.5946	    517.2563	    631.0980	    424.0549	    232.1850	    134.9274	    141.4460	     61.4463	    120.0126	    192.8766	     88.6212	    470.3924	    616.3197	    441.1533	    414.2992	    145.7737	    142.8819	    144.6380	      2.7583	     48.9546	    -24.0840	      7.3129	      6.6590	   1214.9413	    819.1289	    616.0732	    310.1078	    182.7086	     70.6499	     46.0124	     38.0593	     13.1569	     56.3011	     69.8782	    941.3319	    579.3801	    374.3440	    149.9749	    119.4095	     46.3609	     30.9023	    -30.6171	     13.0729	     32.2443	     66.2003
      0.0054	      1.2398	      2.1686	      5.4240	      7.1799	     15.3700	     14.0654	     13.5545	     15.4961	     12.3839	     15.2251	     12.0757	     13.2259	     10.3056	     14.9738	      8.1692	      7.4914	      8.5300	      7.6308	      5.4212	      6.1522	      4.4386	      4.2498	      3.6803	      2.6685	     18.0257	     -0.0023	      0.1962	      2.9330	      1.7895	      4.3486	      4.7402	      5.3559	      7.2997	      7.0440	      8.2516	      6.9339	      8.4740	      7.3082	      6.6744	      6.6350	      5.6202	      5.8165	      4.9902	      5.0009	      4.4686	      3.9742	      3.5276	      3.8813	      2.8764	      2.5643	     17.3904	     -1.0445	      6.6613	    279.5906	   1129.8250	   1817.0347	   2202.6597	   2387.4965	   2407.4779	   2225.1439	   1844.1401	   1472.4719	   1167.6661	    832.8400	    459.4874	    394.2401	    331.0261	    191.3760	    110.6905	    139.1230	     70.7684	     30.0766	     18.8888	     -6.1194	     15.6930	      5.8644	     49.0561	      0.1480	     79.9790	   1188.3126	   2944.6518	   4739.4211	   5525.2467	   5913.7715	   5160.2492	   4400.7304	   3578.3782	   2873.1526	   1968.1136	   1516.0271	   1259.9625	    783.5509	    614.5407	    427.4919	    310.5212	    264.0193	    200.5157	    131.9030	    133.7641	     74.5023	     52.6181	     38.4714	    223.1279	    520.4475	    427.8865	    256.9813	    138.9129	     62.6731	     30.1300	     32.3232	     16.2799	     26.2295	      9.2779	     35.1248	   1027.5542	    811.0806	    509.2761	    296.4714	    129.2255	     88.5755	     64.9003	     28.1161	     22.1248	     14.9257	     64.5591	    851.2707	    587.5819	    375.9950	    231.9595	    124.2716	     77.7729	     60.3344	     44.1072	     16.3521	      9.2311	     81.1866
      0.0185	      0.1346	      1.5242	      2.5921	      5.4466	     11.7967	     14.7596	     11.9488	      9.5620	     15.1178	     13.0526	     12.3208	     10.8619	     13.4738	      8.1692	     12.4423	      8.4228	      8.2808	      5.7612	      6.2385	      4.1028	      5.6805	      3.7629	      4.5101	      3.8002	     20.7327	      0.0060	      0.8994	      3.5962	      2.2312	      1.9725	      3.7892	      4.8046	      7.5377	      7.8359	      6.0588	      6.7716	      8.0612	      7.0822	      6.4984	      4.7285	      5.5639	      4.0493	      6.8402	      4.3252	      3.5364	      4.9364	      3.5895	      2.6721	      2.0046	      2.9767	     16.9336	      0.3004	      4.1174	    256.9554	    937.8877	   1656.0139	   1745.6199	   2283.5924	   2181.8216	   1810.7807	   1494.4449	   1236.7106	   1089.7935	    818.7858	    615.6342	    377.4780	    380.7174	    127.6301	     82.3582	     66.7005	     65.4968	     41.6097	     20.1550	     42.4325	     16.6345	      7.5419	     16.8398	     12.2013	     59.1098	    974.6181	   2464.1358	   4033.3087	   5057.8356	   4796.7088	   4673.0735	   3911.9217	   3185.9228	   2464.1305	   1995.4877	   1455.4423	    996.9513	    655.0912	    499.9469	    463.2767	    295.2880	    191.7936	    139.0299	    130.5418	     77.7495	     85.3315	    106.7100	     64.9275	    275.6253	    482.1659	    368.7401	    299.3502	    140.9328	    102.7152	     78.8728	     13.7712	     28.9658	     -5.6236	      3.8920	     23.1722	    916.6483	    682.9234	    480.1309	    252.4527	    149.8745	     62.5660	     43.2903	     23.5781	     19.9605	     33.7472	     72.0013	    785.1981	    453.6341	    304.6663	    142.5154	    112.0735	     49.9193	     20.8713	     -5.0011	     14.3350	     16.2375	     54.8577
     -0.0176	     -0.9336	      0.4817	      1.6782	      4.4572	      7.9878	     12.4476	      9.8160	      7.9045	     13.7973	     10.6018	     10.2993	     10.4221	     11.3312	      7.4914	      8.4228	     11.1274	      6.7930	      5.4984	      6.1257	      3.7753	      5.7843	      4.0338	      3.9719	      3.8391	     22.4454	      0.0057	      0.7638	      2.8654	      1.8244	      2.0537	      2.2759	      4.3888	      7.3314	      7.4765	      4.9665	      5.3224	      7.5277	      6.4024	      5.0838	      4.1420	      5.9193	      3.9942	      6.5380	      4.4269	      3.1609	      4.4478	      3.5715	      2.5072	      1.9462	      3.8132	     20.5919	      0.4859	      1.7515	    159.9387	    732.2109	   1362.3008	   1496.5985	   2053.1958	   1874.9551	   1562.2487	   1250.9718	   1117.1102	    931.7296	    789.1929	    600.6395	    296.5914	    361.8134	    111.7319	     90.1609	     48.9387	     83.6129	     38.5663	     24.0437	     43.2163	     16.1300	      3.5988	     11.5577	      9.2670	     35.4836	    765.2262	   2174.7435	   3456.4336	   4581.5849	   4075.2562	   4131.1784	   3498.5889	   2921.7962	   2146.1499	   1928.5719	   1286.3734	    962.6611	    653.4120	    388.4194	    411.9486	    285.2066	    200.2986	    143.3118	    106.7898	     54.5067	    105.3618	    103.6237	     83.6986	    345.8742	    387.5243	    318.1060	    266.8237	    133.7013	    104.8411	     82.8296	      1.2326	     26.2569	     -9.7662	      6.9686	     23.4768	    801.3212	    608.1560	    435.3861	    245.3721	    119.6348	     64.8945	     42.3572	     34.0191	     18.4898	     38.1506	     65.5542	    697.9291	    405.0433	    235.1240	    130.7621	    101.0847	     25.4910	     16.5860	     -8.1968	     19.8242	     28.6543	     54.1991
      0.0228	      0.4990	      0.9985	      2.1519	      4.2438	     11.2219	     10.9829	     10.4716	      9.2864	     11.8037	     11.7115	     10.0844	      9.8347	     11.4185	      8.5300	      8.2808	      6.7930	      9.7892	      5.8802	      5.2382	      4.7075	      4.9763	      3.5047	      3.9712	      2.9653	     18.9515	      0.0025	      0.4725	      2.7582	      1.6447	      2.0371	      3.3600	      4.1274	      6.6371	      6.2512	      5.8407	      5.9473	      7.5781	      6.4795	      5.7004	      5.2965	      4.6104	      4.4305	      5.9172	      3.7875	      3.4742	      4.0634	      3.3149	      2.9394	      2.4679	      2.6086	     16.0256	     -1.8410	      0.6189	    202.7335	    772.5593	   1340.9086	   1507.2700	   1882.1688	   1849.3088	   1645.9391	   1368.7373	   1127.0134	    977.5154	    718.5947	    522.1424	    320.2295	    340.1372	    134.3268	     90.8215	     79.2624	     64.0022	     31.4785	     23.3661	     18.2680	     17.1873	     10.3469	     26.8096	      3.6520	     39.4043	    863.5322	   2151.8291	   3476.7871	   4347.2656	   4423.1860	   4102.4883	   3554.5100	   2949.6879	   2345.2555	   1829.8949	   1345.7962	    973.3585	    666.6846	    490.1107	    421.5055	    299.9608	    206.4101	    139.1762	    125.4626	     85.7751	     78.3751	     83.4059	     41.0344	    261.2247	    453.5656	    361.7563	    267.6221	    120.4165	     79.4798	     60.3809	     21.0615	     23.5188	      3.2365	      7.8088	     25.1385	    904.7422	    687.7037	    471.4723	    246.7229	    131.6747	     68.3631	     55.1168	     23.9170	     15.0047	     23.6614	     65.5079	    646.3150	    430.5716	    284.8732	    145.7779	     92.0101	     45.6690	     33.4449	      7.7334	      9.2723	     11.9564	     58.8647
      0.0365	      0.3899	      0.7964	      3.0581	      3.4225	      8.4778	      7.7851	      8.8691	      9.0089	      8.3325	     10.6184	      7.1858	      7.2185	      7.6673	      7.6308	      5.7612	      5.4984	      5.8802	      8.2762	      4.3895	      4.1755	      3.4556	      3.5426	      2.7909	      1.8769	     16.8840	     -0.0041	      0.1967	      1.9647	      0.7023	      2.5607	      2.3385	      3.3273	      4.8109	      4.7022	      5.4371	      5.4390	      5.8567	      5.3996	      4.7556	      4.4635	      3.8295	      4.2342	      4.2940	      4.0899	      2.8437	      2.9931	      2.3070	      2.5894	      2.9613	      2.0571	     15.5203	     -1.8537	     -1.2737	    127.2065	    525.5695	    879.3939	   1135.5193	   1391.1855	   1294.2960	   1249.1469	   1172.2240	   1014.6348	    838.1283	    637.9654	    407.7759	    334.1041	    249.8834	    160.2320	    103.9364	     99.5609	     77.0545	     28.7822	     23.1569	     -9.1875	     12.4706	      8.5406	     21.4217	     -6.7891	     20.3264	    543.4061	   1559.7202	   2514.4738	   3047.2010	   3387.6565	   3136.1555	   2897.7608	   2544.2101	   2100.1154	   1474.1300	   1165.9179	    994.6489	    680.5484	    500.2382	    367.8105	    299.8059	    240.0077	    183.7870	    122.9452	     85.5896	     86.0211	     48.1982	     17.6849	    288.0124	    347.1256	    321.5052	    187.5926	     80.7104	     40.3832	     29.3976	     26.4136	     13.0536	      9.5085	     10.1085	     25.2880	    738.3314	    646.5222	    396.8098	    216.0073	     85.1724	     65.4497	     67.2052	     23.3480	     11.3660	     10.3263	     55.0110	    453.9782	    383.0172	    198.2887	    158.1999	     65.6887	     28.2160	     31.2369	     26.2492	      9.9025	      3.5125	     62.0775
      0.0027	     -0.8271	      0.0144	      0.8239	      2.3175	      4.8330	      7.3033	      6.7225	      5.1167	      9.1014	      7.6572	      6.7538	      7.2384	      8.3301	      5.4212	      6.2385	      6.1257	      5.2382	      4.3895	      6.3882	      2.9288	      4.1149	      2.9770	      2.8709	      2.9267	     17.6857	      0.0032	      0.5071	      2.2215	      1.2021	      1.0093	      1.5484	      2.9486	      4.9630	      4.9411	      3.7010	      4.4691	      5.8479	      4.9580	      3.6656	      3.4103	      4.1758	      3.0575	      5.1705	      3.3646	      2.2589	      3.1750	      2.5404	      2.0156	      1.9703	      2.7286	     16.1805	     -0.5556	     -3.9721	     94.3551	    413.2799	    866.1595	    933.0307	   1411.9204	   1254.2003	   1073.0985	    871.6023	    842.3037	    700.0521	    596.1394	    477.9266	    239.7885	    277.9089	    101.1981	     85.5574	     51.8176	     74.4285	     28.3053	     17.8906	     27.5262	     16.6964	      7.1961	     13.6036	      2.9118	     16.1472	    466.7874	   1469.2131	   2182.9279	   2973.3086	   2716.1086	   2874.0238	   2527.2438	   2179.8345	   1657.2129	   1480.2884	   1033.4840	    757.1368	    571.9203	    352.0254	    339.3679	    253.9746	    171.9609	    115.5229	     94.8090	     53.0161	     84.4796	     89.8162	     57.6560	    294.8806	    271.0634	    229.2484	    197.4549	     77.1073	     70.7549	     63.8976	      5.4366	     21.5246	     -8.8067	      6.9612	     17.7504	    602.4974	    453.0628	    326.6196	    177.4204	     89.6633	     49.3197	     37.5765	     23.9549	     10.1998	     21.7551	     47.6091	    456.2826	    328.6483	    175.0137	    110.4961	     67.8313	     21.5825	     15.8737	     -7.6437	     12.2863	     15.9690	     39.4482
      0.0225	      0.5779	      0.5613	      1.5709	      1.9423	      6.8556	      4.2289	      5.6434	      6.2216	      4.8783	      6.0932	      5.4757	      7.0267	      5.9557	      6.1522	      4.1028	      3.7753	      4.7075	      4.1755	      2.9288	      6.6803	      2.5254	      2.5362	      2.2628	      1.3221	     12.5143	     -0.0021	     -0.0956	      1.3039	      0.9218	      1.6339	      2.0380	      2.1826	      3.6212	      3.1924	      3.8063	      3.6894	      4.6593	      4.1823	      3.2496	      4.0668	      2.7731	      3.4937	      3.5271	      2.6731	      2.5291	      2.2110	      2.1552	      2.5865	      2.1130	      1.8147	     11.5222	     -4.0124	     -1.6432	    107.2623	    457.4497	    650.7651	    854.8664	    936.4231	   1041.6944	   1026.0438	    826.8254	    696.8935	    560.4000	    467.0474	    281.3125	    169.1964	    241.0885	    120.2462	     84.4931	     71.5155	     57.0023	     12.5322	     21.8516	     -1.2085	     16.8855	     12.4108	     45.5133	     -6.4147	     10.4167	    534.6422	   1241.8746	   1906.7445	   2355.9612	   2644.6327	   2278.2076	   1995.7146	   1795.5719	   1536.5120	   1162.1041	    919.2351	    704.3369	    559.7802	    392.2243	    284.9239	    232.9982	    179.1411	    116.8901	     97.3933	     86.3954	     64.2198	     45.9262	     20.0924	    177.7867	    267.8846	    226.0156	    144.4145	     75.1967	     38.3288	     22.9963	     17.1238	     14.5681	      9.6147	      9.8244	     27.5965	    588.3886	    434.2344	    293.9066	    154.0221	     70.7371	     52.1397	     52.0003	     19.0752	      8.8104	      6.2251	     43.9311	    412.1176	    368.2368	    239.8181	    133.4611	     66.5770	     38.2801	     44.7699	     17.0834	      2.4921	      6.2136	     48.3761
     -0.0289	     -1.6362	     -1.6430	     -1.7132	      1.1822	      3.3331	      5.4917	      4.7996	      1.6038	      8.9351	      5.0198	      6.1444	      7.2887	      9.4482	      4.4386	      5.6805	      5.7843	      4.9763	      3.4556	      4.1149	      2.5254	      6.6324	      2.2004	      3.1749	      3.3640	     19.2439	      0.0079	      0.4731	      1.6027	      1.2607	      0.1642	      0.1004	      2.1577	      5.3973	      4.5877	      1.9952	      2.2114	      6.3590	      4.5351	      2.5780	      3.5179	      3.2450	      2.2984	      5.4594	      2.0055	      1.5821	      3.1453	      3.1833	      1.9700	      2.0664	      3.3885	     16.7413	     -1.9707	     -7.8455	     44.8611	    261.1092	    790.3987	    742.2660	   1284.1589	   1045.5628	    919.9657	    580.0727	    658.2460	    557.5192	    436.4751	    524.0354	     90.0581	    306.3789	     28.2475	     48.6982	      4.0673	     63.3395	     16.5130	     24.8657	     35.8107	     18.2708	      4.4464	      1.7040	     12.1318	    -34.2199	    330.5750	   1268.4114	   1715.9001	   2814.0367	   2271.8355	   2447.7839	   2168.5370	   1813.2973	   1110.0442	   1429.1811	    724.8008	    465.1835	    411.6510	    127.4073	    290.9959	    200.1320	    102.3162	     59.0313	     38.0615	     -4.3659	     69.9891	    116.8529	     60.9274	    312.2017	    226.7568	    146.3649	    184.8805	     50.7727	     76.8406	     93.9843	    -10.8415	     26.1906	    -19.9748	      4.3379	     -8.9252	    487.8340	    296.2708	    256.1545	    139.9341	     66.9427	     29.3878	     15.5869	     28.0616	      2.8694	     38.2979	     24.3374	    380.0484	    224.9040	    127.4968	     48.8987	     42.5174	      2.7612	      9.2522	    -24.5046	     10.5163	     26.9229	     27.4032
