      0.0520	      0.0395	      0.0529	      0.0559	      0.0277	      0.0853	      0.0062	      0.0537	      0.0497	     -0.0042	      0.0679	      0.0199	     -0.0434	      0.0070	      0.0054	      0.0185	     -0.0177	      0.0228	      0.0365	      0.0027	      0.0225	     -0.0289	      0.0102	      0.0072	     -0.0278	     -0.0425	     -0.0001	     -0.0000	      0.0100	     -0.0018	      0.0069	      0.0396	      0.0031	     -0.0188	     -0.0119	      0.0298	      0.0546	     -0.0301	      0.0107	      0.0339	     -0.0043	     -0.0217	      0.0101	      0.0030	      0.0139	      0.0106	      0.0085	     -0.0209	     -0.0017	      0.0092	     -0.0310	     -0.0816	     -0.0336	      0.0942	      3.6457	      6.2048	      0.5358	      2.5312	     -1.4490	      1.2864	      1.4592	      6.8177	      2.8710	      4.8401	      3.0806	     -0.6201	      4.1350	     -0.2202	      1.6716	      0.7618	      0.8176	     -0.0061	      0.2000	      0.1873	     -0.3305	     -0.0183	      0.2214	      0.2655	     -0.2386	      1.0670	      7.8399	      3.9785	      7.1469	     -6.0168	      5.0452	      0.1299	      1.3829	      4.3650	     11.0176	     -1.4659	      6.4373	      5.0295	      3.1068	      5.8479	      1.8049	      1.3602	      1.2355	      1.3312	      1.6788	      0.9448	      0.3302	     -0.8697	     -0.9410	     -0.8220	      1.5064	      1.7966	     -0.1680	      0.2767	     -0.5197	     -0.8071	      0.5972	     -0.1539	      0.1973	      0.0300	      0.4255	      1.5016	      3.1750	      1.1136	     -0.0764	      0.2936	      0.0600	      0.7593	     -0.3023	      0.0329	     -0.3411	      0.6765	     -1.5158	      0.6296	      0.9061	      0.4234	      0.0600	      0.1692	      0.0379	      0.3410	     -0.2687	     -0.5531	      0.2675
      0.0395	      3.6687	      3.1409	      4.5763	      3.4374	      5.3949	      2.9683	      3.1313	      4.7553	      0.4834	      3.1199	      1.5494	     -0.4455	     -0.7148	      1.1366	      0.2104	     -0.7716	      0.5259	      0.3976	     -0.6788	      0.5399	     -1.3778	     -0.2441	     -0.1262	     -1.3393	     -6.4898	     -0.0033	     -0.0067	      0.3259	      0.1559	      1.4812	      2.3191	      0.9208	     -0.4122	      0.1779	      1.7939	      1.2193	     -1.1597	      0.1350	      1.3789	      0.3282	     -0.2214	      0.4449	     -1.3604	      0.1748	      0.6158	     -0.1875	     -0.6493	      0.0355	     -0.3550	     -1.3416	     -6.6530	      0.8180	     10.7043	    233.2723	    525.7443	    456.9470	    572.5627	    247.8189	    379.5219	    281.9441	    353.1937	     59.7723	     59.1866	    -42.1676	   -167.3946	     84.3453	    -87.4266	     22.5545	     -6.1501	     18.6613	    -35.5806	     -2.6826	     -4.0289	    -22.0997	     -8.1209	      0.0664	      1.9015	     -0.9722	     67.4308	    441.6335	    525.3165	    969.7945	    492.9862	    840.3291	    333.7811	    207.9373	     27.0374	    231.3505	   -253.7999	     15.7983	     24.2379	    -82.8102	     80.2810	    -37.0418	    -44.7139	     -2.3835	      3.1359	     25.3632	     25.4357	    -26.6558	    -61.5176	    -38.5815	   -159.1257	    178.9466	    164.3720	     40.7962	     50.5129	    -12.0865	    -40.4199	     19.6577	     -5.4449	     18.8732	     -1.7506	     18.3917	    207.3146	    233.5947	    104.8263	     35.1233	     25.1258	     12.8248	     13.8778	     -8.5718	      7.8518	     -7.8828	     15.5464	    260.5823	    141.3879	    131.6171	     58.7762	     30.2774	     30.0392	     16.9992	     29.8017	     -1.4715	     -9.6023	     19.4248
      0.0529	      3.1409	      9.5996	      8.9403	      8.4022	     10.0752	      9.4128	      7.2205	      9.3474	      3.1266	      6.1519	      3.7406	      0.7398	     -0.4148	      2.0609	      1.3072	      0.3397	      0.8689	      0.7067	     -0.0855	      0.5260	     -1.6397	      0.3620	     -0.3118	     -1.2205	     -8.0855	     -0.0026	      0.1299	      1.4791	      1.0228	      3.1032	      4.0770	      2.6926	      0.6704	      1.3133	      3.2400	      2.7105	     -0.8010	      0.6077	      2.2868	      0.3486	      0.9728	      0.9768	     -1.4712	      0.8516	      1.0106	      0.2258	     -0.9112	      0.0856	     -0.6793	     -1.4444	     -7.4963	      3.7686	     24.9205	    567.8324	   1236.9136	   1311.1263	   1427.6194	    995.7429	   1031.0980	    707.5178	    709.0589	    179.3327	    165.9389	      0.5601	   -216.9008	    128.9396	   -129.0902	     32.4700	      6.5656	     30.6862	    -39.7039	     10.1586	    -12.3166	    -21.8034	    -14.1699	     -5.5155	     -1.0630	      1.6866	    145.3979	   1083.9214	   1651.9243	   2462.5511	   1752.9715	   1856.0489	    996.9874	    684.7836	    242.6110	    429.9478	   -296.6286	     79.1329	    107.2507	   -100.8703	    120.6409	    -45.1012	    -45.3294	     -8.3684	     22.4971	     39.8577	     40.6445	    -29.5640	    -88.9819	    -38.9978	   -200.7402	    206.9346	    163.2501	     28.8201	     67.4671	     -9.1398	    -52.3108	     27.4890	     -9.7065	     23.6974	     -2.2832	     25.2712	    202.2820	    251.2343	     98.3570	     59.8533	     39.3877	     22.1496	     10.7385	    -13.6592	     10.8245	     -9.9709	     27.4036	    467.4535	    186.8228	    193.0465	    103.4594	     71.8811	     55.7221	     25.2002	     42.0626	      0.4703	     -8.9967	     33.9221
      0.0559	      4.5763	      8.9403	     17.6265	     12.6000	     15.9342	     15.3072	     12.5168	     16.0058	      6.8175	     12.0298	      7.5822	      3.0495	      0.5717	      5.1576	      2.5353	      1.6021	      2.0786	      2.8219	      0.7674	      1.4868	     -1.6021	      0.6040	     -0.0775	     -1.6570	     -9.8203	     -0.0056	      0.3076	      2.2774	      1.1585	      5.5333	      6.0887	      4.7308	      1.5535	      3.5300	      6.2101	      4.3601	      0.3304	      2.3706	      4.3482	      1.7525	      1.7489	      1.8851	     -1.7581	      2.3082	      1.5244	      0.5296	     -0.5815	      0.6577	      0.0682	     -2.1377	     -8.2169	      5.9087	     27.2591	    698.3577	   1673.6154	   1996.8457	   2265.3858	   1767.0365	   1729.6433	   1316.7758	   1282.0692	    599.0417	    426.3394	    113.2796	   -221.8910	    258.9282	   -170.0815	     69.7270	     16.3827	     70.4425	    -45.2151	      7.6351	    -12.7518	    -48.2096	    -21.7300	    -11.0769	    -13.2766	      6.6808	    202.0267	   1433.7102	   2680.6531	   4119.8305	   3396.4778	   3603.4396	   2400.9528	   1913.4973	   1072.8061	   1078.2646	   -118.5776	    297.7615	    334.7330	    -78.0084	    199.7001	    -44.8219	    -58.2634	     31.4233	     61.6950	     43.7584	     53.7807	    -28.5342	   -127.2160	    -63.3349	   -251.6451	    377.7690	    336.7791	     76.8644	    104.9632	    -16.1541	    -75.1283	     37.0149	    -16.0450	     41.0688	     -5.2608	     32.7842	    425.1622	    519.7707	    205.4549	    122.0472	     54.8566	     44.0135	     22.1790	     -8.6647	     20.3261	     -8.9396	     27.3060	    888.4749	    464.3035	    351.5422	    221.9498	    125.9661	     90.1997	     51.4840	     77.9881	     10.1111	     -9.1221	     64.0179
      0.0277	      3.4374	      8.4022	     12.6000	     17.3065	     19.0095	     20.8452	     15.5807	     17.0868	     12.4941	     14.6725	     11.1552	      6.4596	      5.0155	      6.9586	      5.3547	      4.3437	      4.1535	      3.2940	      2.2561	      1.8602	      1.1481	      1.1379	      1.2970	      0.0074	     -3.1049	      0.0007	      0.5209	      2.8055	      1.9947	      5.5554	      6.2258	      6.1562	      4.6708	      5.7238	      6.7264	      4.9856	      2.8897	      4.1279	      5.1895	      2.5948	      2.8973	      2.2334	      0.6143	      2.7172	      1.7694	      2.0532	      0.6620	      1.0796	      0.3605	     -0.8127	     -3.4058	      7.3032	     29.2063	    759.3583	   1957.0086	   2613.0155	   2827.9531	   2532.3991	   2336.7918	   1767.7290	   1512.9768	    813.3820	    622.9057	    216.2026	    -21.3938	    230.4654	    -88.0280	     29.3230	    -12.7378	     45.0950	    -42.8230	     13.1698	     -0.3544	    -24.6676	    -21.2836	    -15.5529	    -28.2009	     22.6630	    202.0680	   1748.4297	   3650.3015	   5472.4840	   5341.2395	   4974.7449	   3738.9893	   2946.4311	   1768.2012	   1295.6739	    331.5036	    376.5148	    348.8292	   -111.9051	    100.0350	     -5.2267	    -58.8025	     -4.8107	     38.9832	     19.9662	     16.9324	    -21.1725	    -87.1916	    -38.2902	   -182.5910	    414.9513	    284.5084	    108.2933	    116.2209	     16.4548	    -28.6041	     25.8563	     -8.1158	     30.4107	     -8.3836	     14.5632	    462.1544	    454.2081	    202.9231	    138.9118	     71.6783	     41.9974	      5.6378	     -0.8698	     20.2554	     15.3905	     29.2053	    993.3830	    392.4016	    339.5292	    191.3841	    143.4626	     93.1732	     40.8814	     59.6054	     13.3027	      4.7887	     66.6196
      0.0853	      5.3949	     10.0752	     15.9342	     19.0095	     49.9026	     37.4734	     27.0323	     29.5044	     21.3317	     26.0747	     20.2232	     13.5432	     13.7212	     15.2251	     11.6403	      7.8348	     11.0861	      8.3634	      4.7150	      6.7681	      3.1986	      3.5390	      3.8669	      0.4233	      5.5963	     -0.0038	      0.3587	      6.5346	      3.1317	      8.7166	     10.0464	      9.5272	      8.4368	      9.5274	     12.4234	     10.3251	      7.4929	      8.6173	     10.0329	      6.4829	      4.2643	      6.0347	      3.0172	      5.6067	      4.6643	      4.2945	      2.2743	      3.3611	      2.1614	     -0.9783	      0.5920	      4.8652	     42.8884	    925.1125	   2878.6352	   3852.4480	   4249.8976	   3854.7489	   3893.2023	   3277.5186	   2969.2196	   1839.6735	   1496.0802	    857.5737	    270.1066	    528.1482	    176.5207	    192.2182	      8.6473	    180.6554	     -7.8183	     51.1922	     23.3740	    -48.1814	    -19.0823	     -5.5579	      3.4004	     15.0684	    237.1693	   2676.4681	   5600.6139	   9264.1544	   9620.4412	   9948.4346	   7549.4262	   5945.5765	   4339.1219	   3579.1220	   1487.4110	   1519.5183	   1204.8818	    333.6670	    624.9618	    301.7795	    181.6728	    183.2773	    164.4633	    154.4040	    143.6670	      7.9588	    -98.2012	    -67.3787	   -149.4556	    692.1500	    499.6913	    223.5071	    174.4945	     25.6407	    -47.9198	     56.9671	      0.2017	     51.2567	     -2.7715	     42.1879	    975.4182	    892.4810	    432.8823	    234.7151	    134.5813	     88.7219	     55.9339	     -4.1781	     26.5616	     -0.0152	     63.6793	   1373.5023	    702.6794	    571.7668	    313.0077	    204.0689	    145.7513	     83.4300	     87.4342	      7.9391	     -8.8520	    117.3538
      0.0062	      2.9683	      9.4128	     15.3072	     20.8452	     37.4734	     57.3533	     28.4078	     28.3160	     28.8120	     27.6780	     22.9350	     16.1486	     16.2719	     13.9838	     14.6511	     12.3237	     10.9042	      7.7054	      7.2090	      4.1978	      5.4051	      3.6428	      4.4201	      3.1982	     11.7172	      0.0066	      1.2897	      8.4727	      4.1746	      8.6011	      9.4111	     11.7147	     11.1006	     13.1367	     12.0247	     10.7982	      9.2511	      9.7578	     10.3904	      5.2505	      7.7381	      4.9179	      5.3786	      6.8176	      3.8598	      5.6387	      3.4906	      2.3289	      1.6756	      0.4671	      7.9059	     13.0065	     46.2515	    850.7929	   2847.6054	   4292.4935	   4493.6508	   4678.0954	   4352.5142	   3433.1386	   3026.1556	   2114.8258	   1627.7276	   1082.3852	    540.1293	    572.4997	    225.1746	    148.5566	    -23.5788	    142.6513	     15.2452	     66.6516	     23.1587	      3.2480	    -23.5452	    -18.0027	    -41.3890	     40.0216	    257.9194	   2529.7675	   6177.6818	  10048.4677	  11146.5656	  10174.0577	   8659.2692	   6705.2444	   4848.1689	   3629.3950	   1860.8299	   1617.7137	   1205.5270	    257.2464	    482.2611	    313.5687	    139.0917	    138.1771	    148.0803	    125.2498	     99.9567	     40.6902	    -44.1672	      7.6189	    -27.9434	    701.7109	    482.2302	    303.4608	    222.8647	     84.4184	     11.0571	     28.3228	     11.7655	     26.6821	    -11.2333	     33.1346	   1021.3739	    871.4924	    455.0084	    275.9493	    163.4371	     92.8353	     20.9151	     14.1117	     38.5573	     27.4780	     59.8189	   1529.9375	    630.8769	    457.1954	    274.6380	    234.5674	    135.1582	     43.6478	     53.4896	     29.9017	     16.5151	     97.1635
      0.0537	      3.1313	      7.2205	     12.5168	     15.5807	     27.0323	     28.4078	     27.2700	     23.5386	     21.0733	     24.5003	     18.4205	     13.7373	     14.1315	     13.4990	     11.8982	      9.7620	     10.4214	      8.8107	      6.6747	      5.6036	      4.7538	      3.9008	      4.3396	      2.3521	     13.1673	     -0.0004	      0.7868	      5.3762	      2.9261	      6.7378	      8.6676	      9.2224	      9.5304	     10.5401	     11.4435	     10.4728	      9.2221	      9.1536	      9.7786	      6.6724	      6.2444	      5.6908	      5.6831	      5.8443	      4.3457	      5.0996	      3.0254	      3.2564	      2.7854	      0.8146	     10.2855	      5.4966	     22.8327	    734.7335	   2224.2602	   3320.8354	   3699.4972	   3841.3730	   3640.0528	   2986.8477	   2616.2013	   1799.1537	   1453.3810	    893.3414	    441.4469	    523.5418	    198.5802	    177.1309	     78.6024	    135.1209	     27.4630	     44.2729	     23.5016	    -17.6358	     -4.5260	     -2.3949	     -1.9445	     18.0088	    207.2013	   2093.2283	   4973.3586	   7843.8376	   8559.1334	   8457.5290	   7142.7041	   5991.8304	   4432.2425	   3512.6850	   1916.4687	   1645.1411	   1272.2789	    554.4070	    605.1580	    365.4694	    240.1398	    202.7784	    168.1751	    144.6326	    112.8650	     58.2297	    -20.3828	    -14.5451	     82.6861	    699.6646	    534.2846	    293.7029	    183.0799	     65.4344	      9.7994	     45.0542	     10.4202	     31.4899	     -0.0932	     40.1717	   1129.0014	    973.2980	    543.8523	    313.7582	    166.9344	     97.5056	     59.2951	     16.4764	     27.0168	     21.7798	     75.5479	   1243.4165	    657.1181	    471.1321	    284.7373	    184.7686	    113.9392	     61.7156	     58.5360	     13.5584	      5.0456	    103.7002
      0.0497	      4.7553	      9.3474	     16.0058	     17.0868	     29.5044	     28.3160	     23.5386	     32.8528	     16.9342	     24.9179	     16.8201	     13.0619	      8.4423	     15.4771	      9.5380	      7.8607	      9.2628	      8.9828	      5.0809	      6.1998	      1.5577	      4.3347	      2.6294	      0.2405	      3.8744	     -0.0095	      0.3567	      4.7080	      2.2452	      8.7912	      9.9971	      9.2884	      7.4423	      8.9778	     13.1976	     10.6206	      6.7597	      7.9997	      9.6820	      6.6109	      6.2808	      6.9118	      2.1548	      6.6026	      5.3157	      3.7628	      1.7165	      3.4817	      1.9534	     -0.3847	      4.6230	      5.9473	     34.5351	    762.2173	   2401.1354	   3214.6504	   3901.6425	   3535.8205	   3604.5748	   3070.5136	   2836.7573	   1785.5630	   1397.9383	    843.8572	    117.2144	    588.0471	     76.9619	    234.3013	     95.8126	    191.8297	      8.8940	     42.5340	      0.6401	    -54.8386	    -14.0210	     -7.5786	     23.3531	      1.4630	    258.0705	   2237.8431	   4824.9371	   8103.8295	   8167.4777	   8856.1438	   6973.4237	   5800.1378	   4274.4471	   3701.7722	   1523.3193	   1611.6711	   1463.8839	    562.7566	    745.2981	    284.6467	    205.7079	    245.8515	    227.7783	    159.7914	    175.8100	     28.1065	   -107.0879	    -38.6986	    -86.4764	    719.2621	    613.9683	    242.8960	    206.8854	     27.8775	    -60.6056	     68.9809	     -8.3929	     65.5056	      3.6852	     67.4995	   1163.3358	   1116.0984	    572.8705	    351.6756	    159.1050	    118.3218	     80.6989	      8.5724	     36.9718	     -5.8325	     89.1266	   1395.6074	    798.1617	    575.3015	    380.6998	    216.4989	    145.6060	     90.2323	    110.3173	     18.6468	     -8.7690	    126.4824
     -0.0042	      0.4834	      3.1266	      6.8175	     12.4941	     21.3317	     28.8120	     21.0733	     16.9342	     29.5385	     21.4432	     19.8137	     16.1200	     19.5420	     12.3737	     15.1195	     13.7966	     11.8022	      8.3169	      9.0971	      4.8733	      8.9386	      4.9944	      6.4146	      5.3226	     27.7166	      0.0116	      1.4624	      5.3787	      3.4515	      4.3669	      5.8717	      8.9528	     12.2661	     13.3134	      9.2631	      9.3236	     11.3803	     10.9617	      9.1412	      6.1359	      8.1316	      5.3694	      9.5892	      6.3086	      4.2965	      7.1958	      5.1884	      3.1617	      2.6134	      4.0346	     22.9093	      4.8074	     13.4746	    533.8131	   1861.3653	   3164.6819	   3314.3656	   4087.0483	   3688.3659	   2924.7188	   2378.9989	   1911.6505	   1584.3873	   1135.3594	    868.7536	    507.7026	    457.1096	    119.0643	     65.9702	     60.3259	     73.0270	     53.9804	     37.2052	     56.0238	      8.3372	     -3.2869	    -24.1564	     34.4722	    126.2869	   1758.5117	   4667.9174	   7402.3709	   9088.5164	   8022.8210	   7633.6781	   6267.2626	   4825.5148	   3405.4148	   2734.7814	   1842.1665	   1270.7466	    656.9471	    465.0236	    535.3904	    300.8256	    201.2421	    161.5934	    130.9012	     39.4491	    113.6089	    110.0225	     81.4675	    336.3408	    735.5433	    544.8105	    426.1294	    221.0086	    149.5161	    113.3123	      6.4963	     35.1059	     -9.6114	     -2.2784	     19.6322	   1218.4666	    958.9315	    633.0846	    334.3330	    184.7866	     80.6146	     40.8244	     38.5088	     31.0038	     66.3691	     85.6570	   1379.1810	    658.0927	    435.3420	    209.1313	    185.1965	     67.0709	     20.8144	     -0.8581	     29.8985	     37.9614	     85.0899
      0.0679	      3.1199	      6.1519	     12.0298	     14.6725	     26.0747	     27.6780	     24.5003	     24.9179	     21.4432	     31.5797	     19.1286	     14.1146	     15.0365	     15.2280	     13.0409	     10.5922	     11.7062	     10.6160	      7.6480	      6.0969	      5.0117	      4.1749	      4.9341	      2.4292	     15.0535	     -0.0029	      0.7502	      5.6211	      2.6964	      6.9883	      9.1894	      9.5700	     10.2564	     11.1773	     13.0306	     11.8864	      9.9039	     10.2835	     11.1521	      7.1843	      6.9299	      6.5062	      5.9674	      6.7742	      4.8606	      5.7910	      3.0981	      3.8765	      3.5827	      0.9281	     12.0698	      4.5921	     17.5101	    622.2360	   2050.0266	   3134.9115	   3600.0192	   3859.2875	   3692.9283	   3070.5312	   2802.8829	   1951.5036	   1630.7140	   1016.5238	    450.7972	    648.6020	    216.6815	    211.7127	    105.8614	    156.6286	     26.5771	     40.4223	     21.3467	    -32.0328	     -0.2239	     -0.0285	     -5.7575	     10.7806	    219.7173	   2037.1533	   4942.9186	   8082.5711	   8706.0478	   8960.9668	   7655.8751	   6587.9743	   4892.2579	   3999.7205	   2100.3926	   1831.7850	   1494.7493	    657.6409	    691.2689	    433.8677	    277.6408	    244.8527	    189.9572	    172.9464	    121.0829	     59.4697	    -18.8633	    -23.3314	    119.3350	    754.7764	    600.3324	    319.8814	    193.3652	     63.4582	      1.3693	     53.5745	     11.4452	     37.5824	      2.3835	     50.1340	   1272.4107	   1110.3238	    629.9840	    339.5888	    169.4168	    102.3847	     78.8037	     16.9004	     25.8341	     21.7139	     84.4405	   1260.2734	    687.4793	    483.7534	    314.7712	    184.1083	    109.1414	     57.5824	     67.9216	     17.1071	      2.4648	    116.7501
      0.0199	      1.5494	      3.7406	      7.5822	     11.1552	     20.2232	     22.9350	     18.4205	     16.8201	     19.8137	     19.1286	     20.0012	     14.4557	     15.8945	     12.0743	     12.3211	     10.3003	     10.0841	      7.1813	      6.7529	      5.4750	      6.1478	      3.8960	      5.1288	      3.5645	     18.6961	      0.0056	      0.9065	      4.3726	      2.9692	      4.7519	      6.4458	      7.2558	      9.8170	     10.5140	      9.0760	      8.3417	      9.6613	      8.8681	      8.8657	      6.2029	      6.2703	      4.9266	      6.7989	      5.1387	      4.2113	      5.6266	      4.0384	      3.3914	      2.3242	      2.4116	     14.7879	      2.4864	     14.0949	    506.9114	   1694.2679	   2706.4979	   2932.0817	   3302.2737	   3182.3770	   2615.3020	   2136.1732	   1588.2196	   1325.7789	    880.2978	    572.3424	    431.0946	    345.0515	    133.9027	     65.1840	     86.5513	     41.2447	     36.9649	     24.9010	     24.2242	      8.0850	      1.1015	     12.2628	     22.7092	    132.2102	   1669.2986	   4021.6872	   6441.0453	   7487.8498	   7129.0893	   6362.4056	   5221.6831	   3958.7900	   2991.5903	   2092.6241	   1567.9378	   1104.6402	    574.0807	    504.6378	    436.3252	    245.1155	    181.7910	    144.3785	    123.1000	     82.1504	     70.4072	     63.4743	     41.3169	    164.6144	    646.6304	    476.6547	    323.5284	    186.9035	     97.1335	     56.2869	     20.3530	     22.9453	     11.6298	     -0.4868	     25.8309	   1088.2256	    832.4846	    534.0947	    290.5296	    162.0945	     74.9346	     41.8147	     23.9163	     27.3726	     40.1137	     71.0953	   1161.8601	    606.2793	    441.4524	    212.1360	    166.2498	     87.8284	     43.8459	     24.5237	     17.3193	     17.9923	     80.7301
     -0.0434	     -0.4455	      0.7398	      3.0495	      6.4596	     13.5432	     16.1486	     13.7373	     13.0619	     16.1200	     14.1146	     14.4557	     21.0079	     14.9680	     13.2255	     10.8569	     10.4172	      9.8312	      7.2221	      7.2342	      7.0208	      7.2768	      4.6781	      5.0013	      5.0800	     27.7059	      0.0063	      0.4868	      4.1028	      2.8730	      3.6197	      4.1487	      5.9626	      9.9663	      9.6654	      7.3978	      6.9353	     12.1297	      8.6350	      6.8468	      7.8799	      7.5299	      5.7642	      8.1930	      4.9745	      4.5993	      5.2121	      5.4165	      4.6027	      3.3923	      4.6862	     26.6681	     -1.4859	      0.8771	    271.6312	   1162.2108	   2209.5109	   2411.9192	   3026.4015	   2945.4067	   2603.0128	   1886.4289	   1704.4697	   1279.8233	   1025.7995	    761.1049	    313.5242	    523.3119	    177.7508	    124.6612	    122.3421	    111.9495	     30.4100	     32.6959	     34.5616	     31.4091	     10.3569	     65.3018	     12.0424	     52.5631	   1236.3566	   3538.1647	   5246.2923	   6812.7389	   6442.8097	   6077.4629	   5054.5270	   4128.1665	   3078.8391	   2638.5892	   1814.9477	   1309.7705	    971.6373	    600.3947	    547.3521	    390.3124	    282.5774	    178.5901	    130.3882	    136.1684	    114.0888	    148.5367	    100.0821	    377.9566	    563.0250	    423.6830	    345.7179	    154.6400	    111.5424	     91.7191	      7.1790	     36.4609	      4.7052	      9.7985	     26.6825	   1181.0920	    785.4096	    555.2416	    328.1277	    153.9790	     92.0309	     47.4882	     45.9815	     22.1935	     34.3458	     58.3620	    950.3306	    655.8880	    386.0522	    204.2514	    129.4223	     74.7446	     60.2562	      5.5312	     19.4921	     29.6105	     65.7643
      0.0070	     -0.7148	     -0.4148	      0.5717	      5.0155	     13.7212	     16.2719	     14.1315	      8.4423	     19.5420	     15.0365	     15.8945	     14.9680	     22.9404	     10.3058	     13.4709	     11.3314	     11.4181	      7.6663	      8.3294	      5.9558	      9.4471	      4.5134	      6.6192	      5.9112	     33.0727	      0.0122	      1.0227	      4.3661	      2.9954	      1.5629	      3.4648	      5.5099	     11.0797	     10.3044	      6.5323	      7.5074	     12.7425	      9.6335	      7.8127	      7.2534	      6.4897	      5.1755	     10.3917	      4.5083	      4.0685	      6.5768	      5.5644	      3.9542	      3.6133	      4.9274	     25.9524	     -2.9240	     -5.8434	    280.7222	   1027.6946	   2103.1104	   2084.6705	   2968.9298	   2710.6628	   2293.8422	   1716.9658	   1551.9559	   1359.1363	   1005.4501	    972.8625	    350.8102	    579.5811	    122.2563	    102.3312	     55.0662	    100.3016	     45.6222	     41.7306	     61.0564	     30.3259	     14.3542	     19.0576	     20.3610	     12.4855	   1157.3182	   3225.6078	   4837.1330	   6618.3488	   5980.4741	   5900.8592	   5055.8831	   4143.2299	   2967.5749	   2844.3767	   1814.6777	   1129.1561	    868.4027	    517.2183	    631.0216	    423.9719	    232.1298	    134.9069	    141.4364	     61.4389	    119.9844	    192.8346	     88.6055	    470.2573	    616.3480	    441.1757	    414.2864	    145.7940	    142.8765	    144.6146	      2.7655	     48.9466	    -24.0761	      7.3090	      6.6635	   1214.9007	    819.1429	    616.0630	    310.1027	    182.7173	     70.6441	     46.0056	     38.0477	     13.1611	     56.2981	     69.8875	    941.4067	    579.3450	    374.3698	    149.9721	    119.4246	     46.3719	     30.8967	    -30.6071	     13.0722	     32.2380	     66.2018
      0.0054	      1.1366	      2.0609	      5.1576	      6.9586	     15.2251	     13.9838	     13.4990	     15.4771	     12.3737	     15.2280	     12.0743	     13.2255	     10.3058	     14.9738	      8.1689	      7.4917	      8.5303	      7.6307	      5.4213	      6.1517	      4.4391	      4.2498	      3.6805	      2.6686	     18.0271	     -0.0023	      0.2316	      2.9580	      1.7577	      4.2966	      4.7159	      5.3398	      7.2907	      7.0376	      8.2498	      6.9331	      8.4739	      7.3088	      6.6741	      6.6350	      5.6201	      5.8167	      4.9905	      5.0007	      4.4687	      3.9743	      3.5278	      3.8815	      2.8765	      2.5647	     17.3915	     -1.0455	      6.6599	    279.5728	   1129.8054	   1817.0221	   2202.6405	   2387.5101	   2407.4947	   2225.1572	   1844.1108	   1472.4461	   1167.6593	    832.8415	    459.5053	    394.2072	    331.0541	    191.3635	    110.6916	    139.1127	     70.7703	     30.0740	     18.8909	     -6.1164	     15.6957	      5.8648	     49.0559	      0.1475	     79.9686	   1188.3166	   2944.6527	   4739.4302	   5525.3559	   5913.8220	   5160.2708	   4400.7503	   3578.3854	   2873.1155	   1968.1803	   1516.0050	   1259.9387	    783.5516	    614.5000	    427.4982	    310.5246	    264.0155	    200.5031	    131.8990	    133.7540	     74.5043	     52.6277	     38.4758	    223.1482	    520.4401	    427.8778	    256.9859	    138.9107	     62.6787	     30.1381	     32.3182	     16.2826	     26.2262	      9.2788	     35.1226	   1027.5447	    811.0611	    509.2735	    296.4650	    129.2194	     88.5722	     64.8986	     28.1177	     22.1221	     14.9300	     64.5570	    851.2763	    587.5819	    376.0027	    231.9522	    124.2679	     77.7661	     60.3346	     44.1015	     16.3516	      9.2359	     81.1867
      0.0185	      0.2104	      1.3072	      2.5353	      5.3547	     11.6403	     14.6511	     11.8982	      9.5380	     15.1195	     13.0409	     12.3211	     10.8569	     13.4709	      8.1689	     12.4408	      8.4214	      8.2799	      5.7599	      6.2373	      4.1029	      5.6778	      3.7623	      4.5091	      3.7988	     20.7236	      0.0060	      0.8451	      3.5125	      2.1713	      1.9399	      3.7683	      4.7910	      7.5289	      7.8371	      6.0586	      6.7713	      8.0581	      7.0810	      6.4990	      4.7272	      5.5643	      4.0489	      6.8386	      4.3253	      3.5366	      4.9357	      3.5882	      2.6714	      2.0033	      2.9748	     16.9257	      0.3030	      4.1281	    257.0280	    938.1086	   1656.0215	   1745.7391	   2283.4071	   2181.9020	   1810.7674	   1494.5672	   1236.6605	   1089.7120	    818.7728	    615.4136	    377.5342	    380.5996	    127.6656	     82.3481	     66.7217	     65.4662	     41.6087	     20.1483	     42.4250	     16.6253	      7.5429	     16.8569	     12.1988	     59.1830	    974.7885	   2464.1657	   4033.6168	   5057.6382	   4796.7534	   4672.9365	   3911.6052	   3185.6513	   2464.2116	   1995.0450	   1455.4692	    996.9481	    655.0107	    500.0646	    463.1870	    295.2210	    191.7790	    139.0251	    130.5685	     77.8027	     85.3133	    106.6400	     64.9085	    275.4235	    482.2128	    368.7970	    299.3335	    140.9840	    102.6988	     78.8183	     13.7856	     28.9552	     -5.6051	      3.8891	     23.2022	    916.6916	    682.9891	    480.1344	    252.4521	    149.8940	     62.5774	     43.2980	     23.5681	     19.9731	     33.7278	     72.0179	    785.2169	    453.6381	    304.6935	    142.5271	    112.0954	     49.9468	     20.8790	     -4.9835	     14.3302	     16.2219	     54.8527
     -0.0177	     -0.7716	      0.3397	      1.6021	      4.3437	      7.8348	     12.3237	      9.7620	      7.8607	     13.7966	     10.5922	     10.3003	     10.4172	     11.3314	      7.4917	      8.4214	     11.1275	      6.7929	      5.4977	      6.1255	      3.7755	      5.7853	      4.0333	      3.9720	      3.8396	     22.4459	      0.0058	      0.7275	      2.7480	      1.7691	      2.0112	      2.2522	      4.3716	      7.3228	      7.4783	      4.9644	      5.3202	      7.5287	      6.4022	      5.0834	      4.1423	      5.9197	      3.9939	      6.5383	      4.4264	      3.1606	      4.4478	      3.5722	      2.5074	      1.9464	      3.8137	     20.5926	      0.4858	      1.7489	    159.9277	    732.1792	   1362.4053	   1496.6432	   2053.2836	   1874.9791	   1562.2833	   1250.8555	   1117.0532	    931.6512	    789.0858	    600.6673	    296.4843	    361.8202	    111.6835	     90.1389	     48.9139	     83.6049	     38.5560	     24.0475	     43.2200	     16.1310	      3.5950	     11.5522	      9.2762	     35.4634	    765.2087	   2174.8813	   3456.4499	   4581.8718	   4075.2824	   4131.1826	   3498.5969	   2921.6872	   2145.8612	   1928.5868	   1286.2002	    962.4914	    653.3081	    388.2662	    411.9001	    285.1637	    200.2521	    143.2723	    106.7447	     54.4741	    105.3522	    103.6397	     83.7034	    345.8724	    387.5288	    318.0710	    266.8277	    133.6957	    104.8512	     82.8511	      1.2220	     26.2598	     -9.7696	      6.9664	     23.4607	    801.3076	    608.0883	    435.3624	    245.3730	    119.6311	     64.8903	     42.3413	     34.0253	     18.4880	     38.1637	     65.5388	    697.9781	    405.0304	    235.1322	    130.7504	    101.0880	     25.4948	     16.5917	     -8.2023	     19.8259	     28.6650	     54.1976
      0.0228	      0.5259	      0.8689	      2.0786	      4.1535	     11.0861	     10.9042	     10.4214	      9.2628	     11.8022	     11.7062	     10.0841	      9.8312	     11.4181	      8.5303	      8.2799	      6.7929	      9.7892	      5.8802	      5.2382	      4.7074	      4.9763	      3.5046	      3.9712	      2.9653	     18.9515	      0.0025	      0.4541	      2.7134	      1.6065	      1.9954	      3.3445	      4.1130	      6.6335	      6.2495	      5.8399	      5.9463	      7.5771	      6.4799	      5.7005	      5.2964	      4.6106	      4.4305	      5.9172	      3.7876	      3.4742	      4.0634	      3.3149	      2.9394	      2.4679	      2.6086	     16.0256	     -1.8410	      0.6189	    202.7335	    772.5593	   1340.9086	   1507.2700	   1882.1688	   1849.3088	   1645.9391	   1368.7373	   1127.0134	    977.5154	    718.5947	    522.1424	    320.2295	    340.1372	    134.3268	     90.8215	     79.2624	     64.0022	     31.4785	     23.3661	     18.2680	     17.1873	     10.3469	     26.8096	      3.6520	     39.4043	    863.5322	   2151.8291	   3476.7871	   4347.2656	   4423.1860	   4102.4883	   3554.5100	   2949.6879	   2345.2555	   1829.8949	   1345.7962	    973.3585	    666.6846	    490.1107	    421.5055	    299.9608	    206.4101	    139.1762	    125.4626	     85.7751	     78.3751	     83.4059	     41.0344	    261.2247	    453.5656	    361.7563	    267.6221	    120.4165	     79.4798	     60.3809	     21.0615	     23.5188	      3.2365	      7.8088	     25.1385	    904.7422	    687.7037	    471.4723	    246.7229	    131.6747	     68.3631	     55.1168	     23.9170	     15.0047	     23.6614	     65.5079	    646.3150	    430.5716	    284.8732	    145.7779	     92.0101	     45.6690	     33.4449	      7.7334	      9.2723	     11.9564	     58.8647
      0.0365	      0.3976	      0.7067	      2.8219	      3.2940	      8.3634	      7.7054	      8.8107	      8.9828	      8.3169	     10.6160	      7.1813	      7.2221	      7.6663	      7.6307	      5.7599	      5.4977	      5.8802	      8.2762	      4.3895	      4.1749	      3.4556	      3.5425	      2.7909	      1.8769	     16.8840	     -0.0041	      0.2159	      1.9318	      0.6829	      2.5027	      2.3166	      3.3101	      4.8034	      4.6958	      5.4345	      5.4380	      5.8571	      5.4002	      4.7556	      4.4629	      3.8293	      4.2342	      4.2940	      4.0898	      2.8437	      2.9931	      2.3070	      2.5894	      2.9613	      2.0571	     15.5203	     -1.8537	     -1.2737	    127.2051	    525.5662	    879.3894	   1135.5145	   1391.1806	   1294.2919	   1249.1438	   1172.2220	   1014.6335	    838.1275	    637.9650	    407.7756	    334.1039	    249.8833	    160.2320	    103.9363	     99.5608	     77.0544	     28.7822	     23.1569	     -9.1875	     12.4706	      8.5406	     21.4217	     -6.7891	     20.3263	    543.4035	   1559.7134	   2514.4639	   3047.1901	   3387.6461	   3136.1462	   2897.7533	   2544.2045	   2100.1112	   1474.1273	   1165.9159	    994.6476	    680.5475	    500.2376	    367.8100	    299.8056	    240.0075	    183.7868	    122.9451	     85.5895	     86.0210	     48.1982	     17.6849	    288.0123	    347.1254	    321.5050	    187.5925	     80.7104	     40.3832	     29.3976	     26.4136	     13.0535	      9.5085	     10.1085	     25.2880	    738.3309	    646.5218	    396.8096	    216.0072	     85.1724	     65.4496	     67.2052	     23.3480	     11.3660	     10.3263	     55.0110	    453.9776	    383.0170	    198.2886	    158.1998	     65.6886	     28.2160	     31.2369	     26.2492	      9.9025	      3.5125	     62.0775
      0.0027	     -0.6788	     -0.0855	      0.7674	      2.2561	      4.7150	      7.2090	      6.6747	      5.0809	      9.0971	      7.6480	      6.7529	      7.2342	      8.3294	      5.4213	      6.2373	      6.1255	      5.2382	      4.3895	      6.3882	      2.9287	      4.1149	      2.9770	      2.8709	      2.9267	     17.6857	      0.0032	      0.4737	      2.1158	      1.1683	      0.9720	      1.5304	      2.9326	      4.9577	      4.9401	      3.6990	      4.4681	      5.8473	      4.9579	      3.6656	      3.4100	      4.1761	      3.0575	      5.1705	      3.3646	      2.2589	      3.1750	      2.5404	      2.0156	      1.9703	      2.7286	     16.1805	     -0.5556	     -3.9721	     94.3551	    413.2799	    866.1595	    933.0307	   1411.9204	   1254.2003	   1073.0985	    871.6023	    842.3037	    700.0521	    596.1394	    477.9266	    239.7885	    277.9089	    101.1981	     85.5574	     51.8176	     74.4285	     28.3053	     17.8906	     27.5262	     16.6964	      7.1961	     13.6036	      2.9118	     16.1472	    466.7874	   1469.2131	   2182.9279	   2973.3086	   2716.1086	   2874.0238	   2527.2438	   2179.8345	   1657.2129	   1480.2884	   1033.4840	    757.1368	    571.9203	    352.0254	    339.3679	    253.9746	    171.9609	    115.5229	     94.8090	     53.0161	     84.4796	     89.8162	     57.6560	    294.8806	    271.0634	    229.2484	    197.4549	     77.1073	     70.7549	     63.8976	      5.4366	     21.5246	     -8.8067	      6.9612	     17.7504	    602.4974	    453.0628	    326.6196	    177.4204	     89.6633	     49.3197	     37.5765	     23.9549	     10.1998	     21.7551	     47.6091	    456.2826	    328.6483	    175.0137	    110.4961	     67.8313	     21.5825	     15.8737	     -7.6437	     12.2863	     15.9690	     39.4482
      0.0225	      0.5399	      0.5260	      1.4868	      1.8602	      6.7681	      4.1978	      5.6036	      6.1998	      4.8733	      6.0969	      5.4750	      7.0208	      5.9558	      6.1517	      4.1029	      3.7755	      4.7074	      4.1749	      2.9287	      6.6793	      2.5261	      2.5358	      2.2632	      1.3224	     12.5145	     -0.0021	     -0.0745	      1.3093	      0.9072	      1.5990	      2.0326	      2.1716	      3.6213	      3.1874	      3.8044	      3.6877	      4.6580	      4.1829	      3.2494	      4.0666	      2.7727	      3.4932	      3.5275	      2.6727	      2.5288	      2.2112	      2.1555	      2.5863	      2.1128	      1.8149	     11.5217	     -4.0122	     -1.6448	    107.2890	    457.4496	    650.8256	    854.8586	    936.4704	   1041.6772	   1025.9818	    826.7060	    696.8019	    560.3497	    466.9603	    281.3416	    169.1566	    241.0845	    120.2047	     84.4740	     71.4804	     56.9895	     12.5269	     21.8532	     -1.1977	     16.8849	     12.4089	     45.5009	     -6.4062	     10.4087	    534.6384	   1241.8798	   1906.6549	   2355.9685	   2644.4124	   2278.0957	   1995.6200	   1795.4148	   1536.2527	   1162.0917	    919.1049	    704.1799	    559.6767	    392.1159	    284.9056	    232.9582	    179.0960	    116.8578	     97.3674	     86.3579	     64.2128	     45.9419	     20.0964	    177.7807	    267.9041	    226.0033	    144.4286	     75.2025	     38.3422	     23.0162	     17.1171	     14.5718	      9.6078	      9.8215	     27.5855	    588.3779	    434.1938	    293.9022	    154.0162	     70.7428	     52.1306	     51.9890	     19.0767	      8.8105	      6.2387	     43.9282	    412.1711	    368.2097	    239.8235	    133.4417	     66.5805	     38.2783	     44.7633	     17.0751	      2.4936	      6.2202	     48.3729
     -0.0289	     -1.3778	     -1.6397	     -1.6021	      1.1481	      3.1986	      5.4051	      4.7538	      1.5577	      8.9386	      5.0117	      6.1478	      7.2768	      9.4471	      4.4391	      5.6778	      5.7853	      4.9763	      3.4556	      4.1149	      2.5261	      6.6324	      2.2004	      3.1749	      3.3640	     19.2439	      0.0079	      0.4314	      1.4648	      1.2287	      0.1235	      0.0983	      2.1381	      5.3975	      4.5908	      1.9956	      2.2107	      6.3581	      4.5352	      2.5780	      3.5177	      3.2459	      2.2984	      5.4594	      2.0057	      1.5821	      3.1453	      3.1833	      1.9700	      2.0664	      3.3885	     16.7413	     -1.9707	     -7.8455	     44.8611	    261.1092	    790.3987	    742.2660	   1284.1589	   1045.5628	    919.9657	    580.0727	    658.2460	    557.5192	    436.4751	    524.0354	     90.0581	    306.3789	     28.2475	     48.6982	      4.0673	     63.3395	     16.5130	     24.8657	     35.8107	     18.2708	      4.4464	      1.7040	     12.1318	    -34.2199	    330.5750	   1268.4114	   1715.9001	   2814.0367	   2271.8355	   2447.7839	   2168.5370	   1813.2973	   1110.0442	   1429.1811	    724.8008	    465.1835	    411.6510	    127.4073	    290.9959	    200.1320	    102.3162	     59.0313	     38.0615	     -4.3659	     69.9891	    116.8529	     60.9274	    312.2017	    226.7568	    146.3649	    184.8805	     50.7727	     76.8406	     93.9843	    -10.8415	     26.1906	    -19.9748	      4.3379	     -8.9252	    487.8340	    296.2708	    256.1545	    139.9341	     66.9427	     29.3878	     15.5869	     28.0616	      2.8694	     38.2979	     24.3374	    380.0484	    224.9040	    127.4968	     48.8987	     42.5174	      2.7612	      9.2522	    -24.5046	     10.5163	     26.9229	     27.4032
