      0.0520	      0.0663	      0.0912	      0.0847	      0.0328	      0.0868	      0.0058	      0.0554	      0.0478	     -0.0035	      0.0679	      0.0206	     -0.0445	      0.0069	      0.0055	      0.0184	     -0.0175	      0.0228	      0.0365	      0.0027	      0.0226	     -0.0289	      0.0102	      0.0072	     -0.0278	     -0.0425	     -0.0001	     -0.0001	      0.0057	      0.0002	      0.0084	      0.0409	      0.0028	     -0.0187	     -0.0114	      0.0300	      0.0548	     -0.0302	      0.0106	      0.0339	     -0.0042	     -0.0216	      0.0101	      0.0030	      0.0139	      0.0106	      0.0085	     -0.0209	     -0.0017	      0.0092	     -0.0310	     -0.0816	     -0.0336	      0.0942	      3.6457	      6.2048	      0.5358	      2.5312	     -1.4490	      1.2864	      1.4592	      6.8177	      2.8710	      4.8401	      3.0806	     -0.6201	      4.1350	     -0.2202	      1.6716	      0.7618	      0.8176	     -0.0061	      0.2000	      0.1873	     -0.3305	     -0.0183	      0.2214	      0.2655	     -0.2386	      1.0670	      7.8399	      3.9785	      7.1469	     -6.0168	      5.0452	      0.1299	      1.3829	      4.3650	     11.0176	     -1.4659	      6.4373	      5.0295	      3.1068	      5.8479	      1.8049	      1.3602	      1.2355	      1.3312	      1.6788	      0.9448	      0.3302	     -0.8697	     -0.9410	     -0.8220	      1.5064	      1.7966	     -0.1680	      0.2767	     -0.5197	     -0.8071	      0.5972	     -0.1539	      0.1973	      0.0300	      0.4255	      1.5016	      3.1750	      1.1136	     -0.0764	      0.2936	      0.0600	      0.7593	     -0.3023	      0.0329	     -0.3411	      0.6765	     -1.5158	      0.6296	      0.9061	      0.4234	      0.0600	      0.1692	      0.0379	      0.3410	     -0.2687	     -0.5531	      0.2675
      0.0663	      9.1069	      8.9473	     10.4631	      7.2189	      9.1064	      4.8954	      4.9687	      7.8609	      0.1537	      4.6663	      2.1977	     -1.1292	     -2.0721	      1.6533	     -0.1732	     -1.5802	      0.3912	      0.3591	     -1.4201	      0.7308	     -2.6697	     -0.4074	     -0.5104	     -2.4152	    -12.0117	     -0.0060	     -0.3474	     -0.2823	      0.3454	      2.6331	      3.8353	      1.3564	     -0.9674	     -0.0474	      2.8138	      1.7762	     -2.3946	     -0.1487	      1.9823	      0.2369	     -0.5462	      0.6243	     -2.7422	      0.1481	      0.9223	     -0.5298	     -1.2812	     -0.0500	     -0.8087	     -2.3472	    -11.8553	      1.6959	     20.6888	    433.3795	    950.0106	    805.9345	    989.0852	    385.4695	    598.1980	    428.8504	    545.7402	     33.8344	     43.9450	   -115.3476	   -329.7697	    116.9679	   -170.5349	     31.4226	    -14.0603	     30.3296	    -61.7475	     -4.4657	     -9.3570	    -39.1957	    -15.3799	     -1.7983	      3.8832	     -2.5587	    119.7932	    798.8936	    918.1191	   1617.7114	    710.0266	   1264.1251	    345.1435	    140.9861	   -144.0836	    234.6535	   -562.7088	    -66.8426	     -0.5277	   -176.2252	    107.2949	    -88.4268	    -90.5633	    -13.7507	      5.0479	     35.9030	     41.0366	    -49.2192	   -111.5283	    -65.9396	   -283.8766	    229.7195	    209.9313	     23.5293	     70.3603	    -28.8088	    -75.3065	     32.0764	    -12.4090	     32.6565	     -2.9741	     28.9664	    222.2987	    289.5831	    109.0197	     35.5608	     27.7209	     16.9454	     19.0160	    -16.7491	     11.8450	    -15.7387	     22.5334	    352.2444	    165.7534	    181.9562	     82.4475	     43.7825	     47.3984	     26.3720	     51.4687	     -3.4555	    -17.1007	     29.5931
      0.0912	      8.9473	     23.7368	     18.7595	     15.3106	     15.5909	     13.9767	     10.8394	     12.5460	      5.4837	      8.6144	      5.6960	      1.1456	      0.5977	      2.6000	      2.3905	      1.0515	      1.5170	      1.1552	      0.4141	      0.7021	     -1.6561	      0.8516	     -0.0885	     -1.3077	     -8.7996	     -0.0017	      0.2487	      2.2929	      2.1495	      4.4686	      5.8692	      3.8545	      1.3727	      2.2873	      4.3225	      4.0144	     -0.7642	      1.0647	      3.1886	      0.5461	      1.4924	      1.3901	     -1.4094	      1.0825	      1.4892	      0.6339	     -1.1249	      0.1397	     -0.9341	     -1.5130	     -8.7745	      5.0266	     36.5126	    949.3922	   1978.5367	   2134.8341	   2221.5548	   1669.8090	   1612.8042	   1077.9103	   1029.2702	    270.0793	    267.9334	     27.5310	   -237.0636	    180.2104	   -151.3935	     37.9390	     19.4362	     32.4747	    -46.2354	     18.4190	    -15.0947	    -22.2816	    -17.3481	     -6.6570	     -5.0801	      3.3989	    214.6505	   1754.5852	   2677.9260	   3699.6711	   2680.4994	   2598.3334	   1405.5302	    954.4331	    328.3270	    550.1839	   -327.4105	    126.9481	    135.2708	   -110.5979	    156.8103	    -26.9900	    -37.5456	     -7.1095	     30.2403	     64.4914	     46.7662	    -32.1368	   -106.5893	    -46.2020	   -233.9160	    279.9801	    220.4378	     50.4766	     86.2550	     -4.7716	    -60.0940	     34.2246	     -9.4972	     24.9499	     -2.3668	     31.6516	    252.4506	    327.7745	    132.0023	     75.5653	     54.8863	     26.1574	     12.9273	    -18.9947	     12.1567	     -9.2898	     39.5655	    646.3667	    249.6722	    257.8914	    126.5746	     90.6253	     66.7593	     29.5393	     48.3254	     -0.4611	     -9.3213	     45.1134
      0.0847	     10.4631	     18.7595	     29.0583	     19.1721	     21.0188	     19.6066	     16.0205	     20.1282	      8.3479	     15.0657	      9.0865	      3.4744	      0.1450	      6.4908	      2.8176	      1.9841	      2.4453	      4.0029	      1.0497	      1.9086	     -2.1574	      1.0992	     -0.2343	     -2.1643	    -11.3634	     -0.0085	     -0.1190	      2.4264	      1.7027	      7.4203	      7.7309	      5.9226	      1.8698	      4.2596	      7.7328	      5.6488	      0.1596	      2.8800	      5.2333	      2.0594	      2.1829	      2.4707	     -2.2849	      3.0597	      1.8999	      0.5754	     -0.8679	      0.8220	      0.2647	     -2.6155	     -9.0576	      7.4567	     36.5206	    938.1416	   2194.7371	   2557.8127	   2889.8941	   2244.8262	   2150.1201	   1637.2622	   1619.8316	    764.9813	    539.0201	    161.9974	   -281.4490	    334.4939	   -214.4325	    100.4009	     29.4261	     98.6462	    -44.3997	     12.1525	    -12.3319	    -65.0460	    -27.0149	    -13.5047	    -15.3129	      5.0380	    256.8824	   1868.0435	   3463.3111	   5177.2167	   4156.7514	   4409.3037	   2875.2122	   2298.7294	   1305.0406	   1338.0623	   -189.9444	    375.5879	    469.1280	    -51.1369	    274.8495	    -42.0862	    -51.2328	     61.5552	     99.9729	     65.4058	     72.4991	    -27.2019	   -162.7281	    -80.7442	   -284.2157	    423.4791	    386.6820	     66.8685	    117.3706	    -29.7083	   -100.0744	     47.5469	    -22.1234	     51.4500	     -5.2099	     41.4875	    457.5831	    607.8161	    221.7811	    138.4834	     53.4741	     54.1235	     32.5564	    -10.8788	     23.9331	    -14.5588	     34.7109	    998.5458	    518.8524	    385.4688	    261.4979	    141.5840	    102.0394	     60.1804	     99.2183	     11.4437	    -13.3207	     78.4821
      0.0328	      7.2189	     15.3106	     19.1721	     22.5991	     22.3775	     23.8350	     17.6744	     19.2506	     13.9013	     16.2853	     12.4323	      7.4947	      5.4160	      8.0651	      5.8140	      4.9107	      4.6050	      3.9365	      2.5632	      2.2710	      1.3185	      1.4933	      1.4076	      0.0265	     -2.7734	      0.0002	      0.3321	      2.9821	      2.6490	      6.6818	      7.1118	      6.9447	      5.3211	      6.4196	      7.5391	      5.5244	      3.2994	      4.6531	      5.7073	      3.0495	      3.3205	      2.6269	      0.6566	      3.1133	      2.0411	      2.2653	      0.8389	      1.3248	      0.5378	     -0.7463	     -2.7116	      7.9185	     33.6734	    887.3718	   2257.6764	   2992.1879	   3237.4076	   2892.9059	   2653.2561	   2025.1427	   1718.5194	    943.6908	    711.9571	    258.6068	    -15.2275	    260.0847	    -86.3605	     40.7907	     -6.9601	     57.5396	    -39.6342	     14.9388	      1.0312	    -29.3265	    -22.7260	    -17.3945	    -27.7068	     24.3514	    226.5543	   2014.2005	   4193.4277	   6194.2830	   6026.2834	   5606.6596	   4195.1428	   3306.1798	   2007.1275	   1465.3222	    399.7584	    440.4456	    429.6446	    -85.7976	    126.9332	      7.5320	    -52.4777	      9.3071	     58.7662	     25.1729	     22.7649	    -18.1474	    -95.5069	    -39.9918	   -186.0191	    452.2742	    311.6887	    113.0313	    125.7343	     15.4844	    -33.0459	     28.6877	     -9.5136	     34.6993	     -8.6564	     15.6534	    502.1313	    500.6176	    219.1794	    155.9079	     74.0534	     47.8321	      7.8107	      0.5966	     22.5109	     16.7844	     32.0258	   1090.1151	    436.6660	    369.3404	    213.3157	    156.0258	    101.3347	     47.2885	     68.9991	     15.4350	      5.8352	     75.1643
      0.0868	      9.1064	     15.5909	     21.0188	     22.3775	     52.9528	     39.4810	     28.5067	     30.0733	     22.7442	     26.9687	     21.2527	     14.6310	     15.0142	     15.9497	     12.4236	      8.5995	     11.7649	      8.9354	      5.3049	      7.2054	      3.8712	      3.9390	      4.2451	      0.8520	      8.2219	     -0.0030	      0.1270	      6.4230	      3.9255	      9.3023	     10.5373	     10.0209	      9.2801	     10.2328	     12.7884	     10.7981	      8.3921	      9.2315	     10.3944	      6.9969	      4.6991	      6.3803	      3.7214	      5.8900	      4.8901	      4.6883	      2.6638	      3.6465	      2.4752	     -0.5531	      2.8968	      4.6424	     43.3047	    981.4110	   3015.2859	   4076.1745	   4460.7757	   4125.1342	   4113.8022	   3462.2609	   3093.9368	   1957.1643	   1589.0470	    931.0845	    343.5227	    545.2324	    220.6346	    201.6616	     18.5401	    186.8342	      4.3274	     54.8726	     27.0170	    -44.6285	    -16.4889	     -4.7067	      5.5096	     16.0979	    239.2777	   2810.0387	   5936.9795	   9679.2463	  10151.5410	  10385.4352	   7956.3717	   6284.6450	   4621.1990	   3766.2182	   1684.6039	   1638.6439	   1286.2198	    405.6727	    658.2539	    347.1768	    216.4635	    202.6628	    178.0195	    163.9803	    147.7938	     18.8139	    -84.2324	    -60.3152	   -106.2458	    713.7311	    512.1967	    240.9713	    176.0732	     32.5207	    -38.2930	     56.0381	      3.2293	     48.7057	     -1.9814	     40.9923	   1020.1624	    919.6094	    453.4633	    247.0285	    139.8937	     91.7766	     57.6218	     -1.6507	     26.1904	      3.0173	     65.8690	   1422.3626	    738.1043	    588.2874	    321.0576	    208.7865	    146.5514	     85.7876	     84.8472	      8.6411	     -6.2712	    120.8505
      0.0058	      4.8954	     13.9767	     19.6066	     23.8350	     39.4810	     59.6367	     29.4071	     28.6612	     29.8766	     28.4325	     23.5694	     16.7443	     17.0340	     14.3914	     15.1948	     12.9429	     11.2975	      8.1037	      7.6804	      4.3534	      5.8384	      3.9072	      4.6659	      3.5221	     13.5664	      0.0071	      1.4057	      8.9968	      4.9632	      8.9303	      9.9075	     12.1143	     11.7356	     13.6433	     12.2596	     11.1485	      9.7663	     10.1763	     10.6209	      5.4610	      8.1145	      5.1083	      5.8584	      7.1045	      3.9740	      5.9158	      3.7308	      2.4561	      1.8578	      0.7466	      9.6281	     13.1538	     46.2394	    871.9855	   2911.1463	   4414.3923	   4607.2017	   4852.1556	   4485.5580	   3537.2465	   3104.5246	   2201.7524	   1692.5481	   1142.1649	    593.7223	    592.8762	    252.8525	    155.6943	    -17.4445	    146.4313	     24.1022	     69.4101	     25.6354	      6.5085	    -22.1327	    -17.7630	    -42.1914	     40.9402	    259.8429	   2587.6928	   6373.0318	  10300.1050	  11481.8031	  10428.3371	   8943.0651	   6942.0684	   5049.3041	   3761.9640	   1995.2791	   1702.7580	   1268.1779	    305.3246	    503.2946	    343.9738	    160.4154	    152.4105	    158.1948	    131.7986	    101.2539	     49.2000	    -34.3886	     14.2797	      4.8131	    712.6859	    490.9750	    315.9387	    225.5915	     90.0346	     17.8094	     26.9870	     13.8331	     24.5678	    -10.9310	     33.0732	   1048.2574	    890.2113	    469.4592	    283.7410	    166.3092	     94.9267	     22.1847	     16.4381	     38.8962	     29.8407	     61.4110	   1559.4335	    649.7498	    460.1568	    278.9321	    237.4390	    134.0844	     42.7562	     51.1879	     31.4472	     18.6851	     98.8035
      0.0554	      4.9687	     10.8394	     16.0205	     17.6744	     28.5067	     29.4071	     28.0129	     23.6658	     21.5102	     24.8465	     18.7180	     14.0427	     14.5482	     13.7762	     12.1516	     10.0318	     10.6725	      9.1028	      6.9140	      5.8028	      4.9828	      4.0761	      4.4776	      2.4940	     14.3053	     -0.0004	      0.6989	      5.5593	      3.3686	      7.1168	      8.9792	      9.4328	      9.8346	     10.7670	     11.5878	     10.6711	      9.5301	      9.3883	      9.9050	      6.8637	      6.3921	      5.8405	      5.9592	      5.9916	      4.4312	      5.2430	      3.1605	      3.3778	      2.9527	      0.9728	     11.3419	      5.2788	     22.4187	    739.7587	   2243.2550	   3361.0056	   3741.3010	   3911.4085	   3696.6419	   3041.6149	   2658.1513	   1847.0391	   1492.4059	    928.6895	    471.1024	    534.3756	    217.8790	    184.1239	     84.4920	    139.3608	     33.8286	     45.6890	     25.3292	    -16.8949	     -3.1658	     -1.7150	     -0.4829	     17.6380	    205.3999	   2115.2700	   5052.1120	   7942.5812	   8703.2385	   8590.9276	   7280.6826	   6117.6693	   4551.0586	   3601.6994	   1999.6641	   1702.4384	   1317.4103	    594.0723	    626.1978	    386.7552	    257.7230	    214.5664	    176.4925	    150.1798	    115.7975	     64.0218	    -14.8084	    -12.0216	    104.3902	    704.6758	    539.4597	    299.3740	    182.6881	     67.1145	     12.8329	     45.0458	     11.4049	     30.6428	      0.4654	     40.2767	   1146.1469	    986.2544	    552.7564	    318.3920	    167.9044	     98.8937	     61.3828	     17.6671	     26.7257	     22.4005	     76.6863	   1249.8493	    670.0328	    474.4047	    287.9274	    185.1584	    113.1110	     62.4205	     57.7687	     13.7006	      5.5388	    104.9897
      0.0478	      7.8609	     12.5460	     20.1282	     19.2506	     30.0733	     28.6612	     23.6658	     32.4821	     17.2072	     24.7820	     16.9006	     13.2182	      8.7310	     15.5719	      9.6586	      8.0795	      9.3808	      9.1130	      5.2596	      6.3089	      1.7881	      4.4643	      2.7355	      0.4131	      5.0412	     -0.0092	     -0.1086	      3.9573	      2.5597	      8.9778	     10.1531	      9.3031	      7.7080	      9.1441	     13.1567	     10.6317	      6.9863	      8.1232	      9.6553	      6.7126	      6.4089	      6.9894	      2.3980	      6.6772	      5.3536	      3.8557	      1.8570	      3.5618	      2.0562	     -0.1744	      5.7270	      5.6978	     33.7051	    754.2882	   2386.5712	   3213.3638	   3893.9223	   3562.3628	   3617.6560	   3086.6331	   2838.9232	   1810.0796	   1415.5549	    868.9248	    146.8632	    589.4695	     96.8443	    237.1895	     99.8196	    192.5974	     15.0939	     43.3725	      2.1405	    -52.5621	    -12.4372	     -6.9494	     24.5746	      1.2553	    252.5234	   2226.8993	   4836.5468	   8095.9142	   8213.5031	   8873.2926	   7027.1625	   5849.0421	   4336.3117	   3736.7023	   1593.3498	   1646.2331	   1488.6108	    594.2607	    753.1776	    302.0219	    219.6898	    254.3109	    232.3714	    162.4461	    176.1978	     33.2228	    -98.9634	    -33.8488	    -63.2581	    716.2425	    612.4539	    247.5161	    205.4413	     30.6621	    -55.7941	     67.5045	     -6.9229	     63.6858	      4.2357	     66.9805	   1169.3267	   1115.5743	    576.9395	    353.2488	    158.6934	    118.5626	     81.3933	     10.1276	     36.5597	     -4.7794	     89.2169	   1392.8896	    804.1976	    572.8349	    379.8129	    215.0879	    143.0300	     89.7324	    107.8521	     19.1696	     -7.3968	    126.2662
     -0.0035	      0.1537	      5.4837	      8.3479	     13.9013	     22.7442	     29.8766	     21.5102	     17.2072	     29.5083	     21.5859	     19.7890	     16.1321	     19.5011	     12.4249	     15.1108	     13.8004	     11.8099	      8.3946	      9.1187	      4.8984	      8.9213	      5.0274	      6.4034	      5.3138	     27.8030	      0.0114	      1.7698	      6.1900	      3.9781	      4.6907	      6.1197	      9.0919	     12.3362	     13.2794	      9.2993	      9.3688	     11.3822	     10.9771	      9.1503	      6.1583	      8.1431	      5.4018	      9.5850	      6.3537	      4.3076	      7.1886	      5.1840	      3.1774	      2.6517	      4.0327	     23.0433	      4.7956	     13.4352	    532.9010	   1860.3754	   3162.2448	   3315.7990	   4088.5321	   3688.3813	   2928.3958	   2386.2602	   1920.3793	   1589.5009	   1141.0836	    869.9381	    511.4710	    457.7973	    121.7929	     67.4972	     62.4367	     74.3319	     54.2124	     37.4024	     55.2341	      8.4228	     -3.1933	    -23.7772	     34.0775	    126.2483	   1756.7981	   4671.2430	   7405.8017	   9088.4468	   8033.6245	   7643.6058	   6280.2962	   4841.9246	   3422.8517	   2740.6743	   1851.5390	   1282.5459	    665.3693	    471.5251	    537.8720	    304.0877	    204.7919	    164.4520	    132.2954	     40.9591	    114.5815	    109.6367	     81.1887	    339.4071	    734.8299	    545.7797	    425.4240	    220.4631	    148.7538	    112.5757	      6.9007	     34.9463	     -9.3031	     -2.1133	     19.9958	   1219.9603	    962.3557	    633.9660	    335.1409	    184.3362	     81.1737	     41.7052	     38.6739	     31.0101	     65.8707	     85.7695	   1376.6066	    660.1872	    434.4864	    210.7653	    184.9554	     66.9584	     21.1206	     -0.2063	     29.9759	     37.6880	     85.5346
      0.0679	      4.6663	      8.6144	     15.0657	     16.2853	     26.9687	     28.4325	     24.8465	     24.7820	     21.5859	     31.6212	     19.1845	     14.0187	     15.1204	     15.2134	     13.0996	     10.6400	     11.7327	     10.6280	      7.6937	      6.0782	      5.0521	      4.1838	      4.9570	      2.4761	     15.2418	     -0.0028	      0.6054	      5.4930	      3.0159	      7.2866	      9.4715	      9.6622	     10.3588	     11.2387	     13.0276	     11.9127	      9.9371	     10.3007	     11.1589	      7.1846	      6.9603	      6.4991	      6.0269	      6.7896	      4.8561	      5.8133	      3.1144	      3.8695	      3.5926	      0.9491	     12.2048	      4.6304	     17.3605	    621.1971	   2046.8324	   3137.7713	   3597.7323	   3867.6377	   3696.1733	   3071.3773	   2803.3889	   1956.7661	   1634.7627	   1021.2321	    458.0165	    650.4898	    219.2809	    211.9738	    105.9767	    156.5820	     27.3258	     40.8441	     21.4776	    -31.3066	     -0.0764	      0.0752	     -6.0732	     10.9615	    219.2271	   2033.6589	   4945.9705	   8082.0729	   8715.5883	   8960.0822	   7669.2163	   6599.1930	   4903.7352	   4006.2246	   2111.7328	   1838.8844	   1497.0672	    660.9312	    692.8525	    436.9481	    279.7240	    245.5183	    190.0468	    173.5516	    121.0236	     60.1133	    -17.0731	    -22.4651	    123.0145	    754.7352	    599.9961	    321.5118	    193.1352	     64.2085	      2.5087	     53.3469	     11.8166	     37.0626	      2.3645	     49.9552	   1274.0244	   1110.2007	    630.8494	    339.7819	    170.1325	    102.3508	     78.6497	     17.0315	     25.8137	     21.8844	     84.4342	   1259.5725	    687.2053	    482.2712	    314.1656	    183.8934	    108.8600	     57.0198	     67.1108	     17.2203	      2.5675	    116.3829
      0.0206	      2.1977	      5.6960	      9.0865	     12.4323	     21.2527	     23.5694	     18.7180	     16.9006	     19.7890	     19.1845	     19.9946	     14.4309	     15.8755	     12.0810	     12.3195	     10.2952	     10.0860	      7.2037	      6.7572	      5.4787	      6.1309	      3.9045	      5.1239	      3.5544	     18.6868	      0.0055	      1.0080	      4.5471	      3.3376	      4.9659	      6.6306	      7.3395	      9.8566	     10.5047	      9.0904	      8.3667	      9.6487	      8.8685	      8.8743	      6.2012	      6.2686	      4.9353	      6.7935	      5.1525	      4.2157	      5.6244	      4.0277	      3.3912	      2.3303	      2.4013	     14.7837	      2.4865	     14.1131	    506.9875	   1694.4255	   2704.7537	   2931.9199	   3301.1513	   3181.7390	   2615.2953	   2138.8088	   1590.0525	   1327.3863	    881.9817	    571.8462	    432.8975	    344.6599	    134.8482	     65.6763	     87.1646	     41.4481	     37.1016	     24.8975	     23.9693	      8.0571	      1.1542	     12.3485	     22.5436	    132.5042	   1669.3665	   4020.9279	   6441.6379	   7484.0930	   7130.7770	   6363.3861	   5223.8837	   3962.4112	   2997.6894	   2092.3803	   1571.0187	   1108.1109	    576.1936	    507.3701	    436.8931	    245.9867	    182.7500	    145.2267	    123.7839	     82.7419	     70.6142	     63.0555	     41.0305	    164.8560	    646.6958	    477.3754	    323.3288	    186.8544	     96.8228	     55.8576	     20.5906	     22.8471	     11.7540	     -0.4413	     26.0637	   1088.7914	    834.1430	    534.5663	    290.7055	    162.0911	     75.0862	     42.1765	     23.8470	     27.3932	     39.8683	     71.2897	   1160.8975	    606.8215	    441.3541	    212.6346	    166.2262	     87.8332	     43.8843	     24.7499	     17.2777	     17.7868	     80.8589
     -0.0445	     -1.1292	      1.1456	      3.4744	      7.4947	     14.6310	     16.7443	     14.0427	     13.2182	     16.1321	     14.0187	     14.4309	     21.1865	     15.0503	     13.2276	     10.8823	     10.4415	      9.8488	      7.2043	      7.2554	      7.0502	      7.3363	      4.6947	      5.0291	      5.1296	     27.9735	      0.0064	      0.5543	      4.6357	      3.1522	      3.8606	      4.2176	      6.0860	     10.0354	      9.6978	      7.3602	      6.9050	     12.2030	      8.6488	      6.8205	      7.9062	      7.5468	      5.7712	      8.2524	      4.9603	      4.6077	      5.2276	      5.4617	      4.6244	      3.3997	      4.7476	     26.9109	     -1.5898	      0.6402	    268.9717	   1156.0900	   2206.0305	   2404.6635	   3026.5561	   2945.4088	   2604.3720	   1880.7889	   1705.7992	   1280.1519	   1029.2496	    768.0892	    310.9954	    529.2248	    177.5849	    125.1456	    121.8985	    113.1731	     30.3670	     32.9910	     35.5494	     31.9434	     10.5922	     66.1067	     12.0898	     50.6007	   1232.0466	   3533.3768	   5230.4349	   6812.5728	   6433.4595	   6078.3262	   5052.3816	   4131.9201	   3077.2811	   2654.3991	   1820.1331	   1310.4903	    977.8701	    600.3826	    551.2671	    392.9861	    283.6345	    178.4827	    130.5319	    136.1974	    114.9342	    151.2804	    101.7569	    382.5400	    561.9101	    422.2802	    347.1195	    154.3928	    112.5575	     93.2814	      6.5734	     37.0143	      4.1456	      9.9163	     26.4397	   1182.2004	    782.4919	    555.6495	    328.0523	    154.0529	     91.8877	     47.2328	     46.3727	     22.0848	     34.7005	     58.1943	    949.2174	    656.9183	    385.8946	    203.1499	    128.8688	     74.2395	     60.2246	      4.5618	     19.5674	     30.0745	     65.3440
      0.0069	     -2.0721	      0.5977	      0.1450	      5.4160	     15.0142	     17.0340	     14.5482	      8.7310	     19.5011	     15.1204	     15.8755	     15.0503	     22.9517	     10.3048	     13.4855	     11.3305	     11.4200	      7.6710	      8.3329	      5.9557	      9.4528	      4.5158	      6.6211	      5.9154	     33.1042	      0.0122	      1.4600	      5.3204	      3.3602	      1.8877	      3.5413	      5.6590	     11.0861	     10.2876	      6.5292	      7.5160	     12.7630	      9.6345	      7.8097	      7.2588	      6.4861	      5.1772	     10.3980	      4.5083	      4.0682	      6.5774	      5.5686	      3.9571	      3.6187	      4.9323	     25.9835	     -2.9338	     -5.8822	    280.3700	   1026.8249	   2102.5461	   2083.9292	   2969.0522	   2710.3219	   2293.9473	   1716.6641	   1552.5937	   1359.3560	   1005.9541	    973.6729	    350.6861	    580.0673	    122.3634	    102.4506	     55.1322	    100.4964	     45.6170	     41.8024	     61.0645	     30.3771	     14.3809	     19.1103	     20.3522	     12.2729	   1156.5833	   3225.6908	   4835.6660	   6618.4074	   5979.9369	   5901.3015	   5056.7163	   4144.5864	   2968.2627	   2846.0706	   1815.4960	   1129.6949	    869.3622	    517.4081	    631.4037	    424.3866	    232.4057	    135.0094	    141.4843	     61.4760	    120.1255	    193.0447	     88.6843	    470.9326	    616.2064	    441.0636	    414.3504	    145.6922	    142.9036	    144.7313	      2.7296	     48.9867	    -24.1155	      7.3286	      6.6413	   1215.1039	    819.0729	    616.1141	    310.1278	    182.6736	     70.6728	     46.0398	     38.1058	     13.1400	     56.3134	     69.8410	    941.0328	    579.5205	    374.2404	    149.9859	    119.3489	     46.3172	     30.9245	    -30.6568	     13.0756	     32.2698	     66.1943
      0.0055	      1.6533	      2.6000	      6.4908	      8.0651	     15.9497	     14.3914	     13.7762	     15.5719	     12.4249	     15.2134	     12.0810	     13.2276	     10.3048	     14.9737	      8.1704	      7.4900	      8.5291	      7.6311	      5.4208	      6.1542	      4.4365	      4.2499	      3.6794	      2.6678	     18.0201	     -0.0023	      0.0548	      2.8332	      1.9166	      4.5564	      4.8378	      5.4202	      7.3355	      7.0699	      8.2587	      6.9368	      8.4746	      7.3060	      6.6756	      6.6349	      5.6209	      5.8160	      4.9892	      5.0016	      4.4684	      3.9735	      3.5266	      3.8804	      2.8762	      2.5626	     17.3858	     -1.0402	      6.6670	    279.6618	   1129.9031	   1817.0852	   2202.7365	   2387.4420	   2407.4106	   2225.0907	   1844.2574	   1472.5751	   1167.6934	    832.8343	    459.4158	    394.3716	    330.9137	    191.4261	    110.6860	    139.1643	     70.7607	     30.0868	     18.8801	     -6.1311	     15.6819	      5.8625	     49.0570	      0.1499	     80.0206	   1188.2963	   2944.6480	   4739.3851	   5524.8097	   5913.5695	   5160.1630	   4400.6510	   3578.3493	   2873.3010	   1967.8465	   1516.1153	   1260.0580	    783.5478	    614.7032	    427.4664	    310.5074	    264.0341	    200.5661	    131.9190	    133.8043	     74.4947	     52.5796	     38.4538	    223.0464	    520.4767	    427.9216	    256.9628	    138.9220	     62.6506	     30.0974	     32.3435	     16.2692	     26.2429	      9.2744	     35.1334	   1027.5920	    811.1584	    509.2865	    296.4970	    129.2499	     88.5888	     64.9071	     28.1098	     22.1355	     14.9088	     64.5672	    851.2485	    587.5817	    375.9645	    231.9889	    124.2862	     77.8000	     60.3337	     44.1300	     16.3541	      9.2118	     81.1861
      0.0184	     -0.1732	      2.3905	      2.8176	      5.8140	     12.4236	     15.1948	     12.1516	      9.6586	     15.1108	     13.0996	     12.3195	     10.8823	     13.4855	      8.1704	     12.4487	      8.4285	      8.2845	      5.7662	      6.2430	      4.1024	      5.6913	      3.7653	      4.5138	      3.8059	     20.7694	      0.0060	      1.1169	      3.9329	      2.4711	      2.1039	      3.8727	      4.8593	      7.5726	      7.8312	      6.0597	      6.7729	      8.0736	      7.0868	      6.4960	      4.7338	      5.5624	      4.0509	      6.8466	      4.3245	      3.5357	      4.9391	      3.5944	      2.6748	      2.0097	      2.9844	     16.9649	      0.2902	      4.0747	    256.6649	    937.0044	   1655.9834	   1745.1433	   2284.3335	   2181.5000	   1810.8335	   1493.9558	   1236.9110	   1090.1195	    818.8379	    616.5167	    377.2534	    381.1885	    127.4881	     82.3985	     66.6155	     65.6190	     41.6136	     20.1815	     42.4624	     16.6711	      7.5379	     16.7715	     12.2112	     58.8170	    973.9366	   2464.0161	   4032.0762	   5058.6256	   4796.5305	   4673.6216	   3913.1876	   3187.0091	   2463.8063	   1997.2583	   1455.3346	    996.9642	    655.4131	    499.4762	    463.6356	    295.5559	    191.8518	    139.0491	    130.4350	     77.5370	     85.4043	    106.9898	     65.0035	    276.4324	    481.9780	    368.5123	    299.4170	    140.7278	    102.7811	     79.0911	     13.7134	     29.0085	     -5.6974	      3.9039	     23.0518	    916.4750	    682.6606	    480.1169	    252.4551	    149.7967	     62.5206	     43.2594	     23.6184	     19.9099	     33.8247	     71.9352	    785.1229	    453.6183	    304.5577	    142.4686	    111.9859	     49.8092	     20.8409	     -5.0714	     14.3543	     16.2996	     54.8778
     -0.0175	     -1.5802	      1.0515	      1.9841	      4.9107	      8.5995	     12.9429	     10.0318	      8.0795	     13.8004	     10.6400	     10.2952	     10.4415	     11.3305	      7.4900	      8.4285	     11.1269	      6.7933	      5.5012	      6.1267	      3.7747	      5.7803	      4.0359	      3.9711	      3.8373	     22.4432	      0.0057	      0.9089	      3.3348	      2.0455	      2.2240	      2.3709	      4.4576	      7.3658	      7.4694	      4.9751	      5.3312	      7.5237	      6.4029	      5.0856	      4.1407	      5.9178	      3.9956	      6.5368	      4.4292	      3.1624	      4.4478	      3.5689	      2.5065	      1.9455	      3.8113	     20.5890	      0.4862	      1.7619	    159.9827	    732.3379	   1361.8830	   1496.4196	   2052.8445	   1874.8591	   1562.1099	   1251.4369	   1117.3382	    932.0431	    789.6214	    600.5283	    297.0198	    361.7859	    111.9258	     90.2489	     49.0378	     83.6452	     38.6076	     24.0285	     43.2018	     16.1261	      3.6143	     11.5799	      9.2301	     35.5645	    765.2961	   2174.1922	   3456.3688	   4580.4374	   4075.1516	   4131.1618	   3498.5572	   2922.2321	   2147.3048	   1928.5127	   1287.0661	    963.3399	    653.8274	    389.0322	    412.1427	    285.3783	    200.4845	    143.4700	    106.9705	     54.6369	    105.4004	    103.5595	     83.6792	    345.8811	    387.5064	    318.2459	    266.8079	    133.7239	    104.8008	     82.7436	      1.2753	     26.2454	     -9.7527	      6.9772	     23.5412	    801.3755	    608.4268	    435.4811	    245.3682	    119.6495	     64.9114	     42.4207	     33.9942	     18.4968	     38.0981	     65.6159	    697.7330	    405.0951	    235.0914	    130.8090	    101.0717	     25.4759	     16.5634	     -8.1748	     19.8176	     28.6115	     54.2053
      0.0228	      0.3912	      1.5170	      2.4453	      4.6050	     11.7649	     11.2975	     10.6725	      9.3808	     11.8099	     11.7327	     10.0860	      9.8488	     11.4200	      8.5291	      8.2845	      6.7933	      9.7892	      5.8803	      5.2382	      4.7078	      4.9763	      3.5049	      3.9712	      2.9653	     18.9515	      0.0025	      0.5463	      2.9374	      1.7973	      2.2037	      3.4220	      4.1851	      6.6513	      6.2576	      5.8439	      5.9513	      7.5821	      6.4779	      5.7001	      5.2970	      4.6097	      4.4305	      5.9172	      3.7874	      3.4742	      4.0634	      3.3149	      2.9394	      2.4679	      2.6086	     16.0256	     -1.8410	      0.6189	    202.7335	    772.5593	   1340.9085	   1507.2699	   1882.1688	   1849.3088	   1645.9391	   1368.7373	   1127.0134	    977.5154	    718.5947	    522.1424	    320.2295	    340.1372	    134.3268	     90.8215	     79.2624	     64.0022	     31.4785	     23.3661	     18.2680	     17.1873	     10.3469	     26.8096	      3.6520	     39.4043	    863.5322	   2151.8291	   3476.7871	   4347.2656	   4423.1860	   4102.4883	   3554.5101	   2949.6879	   2345.2555	   1829.8949	   1345.7962	    973.3585	    666.6846	    490.1107	    421.5055	    299.9608	    206.4101	    139.1762	    125.4626	     85.7751	     78.3751	     83.4059	     41.0344	    261.2247	    453.5656	    361.7563	    267.6221	    120.4165	     79.4798	     60.3809	     21.0615	     23.5188	      3.2365	      7.8088	     25.1385	    904.7422	    687.7037	    471.4723	    246.7229	    131.6747	     68.3631	     55.1168	     23.9170	     15.0047	     23.6614	     65.5079	    646.3150	    430.5716	    284.8732	    145.7779	     92.0101	     45.6690	     33.4449	      7.7334	      9.2723	     11.9564	     58.8647
      0.0365	      0.3591	      1.1552	      4.0029	      3.9365	      8.9354	      8.1037	      9.1028	      9.1130	      8.3946	     10.6280	      7.2037	      7.2043	      7.6710	      7.6311	      5.7662	      5.5012	      5.8803	      8.2763	      4.3895	      4.1781	      3.4556	      3.5428	      2.7909	      1.8769	     16.8841	     -0.0041	      0.1199	      2.0963	      0.7800	      2.7927	      2.4261	      3.3962	      4.8406	      4.7277	      5.4478	      5.4430	      5.8553	      5.3970	      4.7554	      4.4660	      3.8305	      4.2342	      4.2940	      4.0901	      2.8437	      2.9931	      2.3070	      2.5894	      2.9613	      2.0571	     15.5204	     -1.8537	     -1.2735	    127.2125	    525.5826	    879.4121	   1135.5384	   1391.2051	   1294.3124	   1249.1589	   1172.2322	   1014.6398	    838.1317	    637.9671	    407.7769	    334.1048	    249.8839	    160.2323	    103.9367	     99.5611	     77.0547	     28.7823	     23.1570	     -9.1875	     12.4706	      8.5406	     21.4218	     -6.7890	     20.3272	    543.4166	   1559.7473	   2514.5134	   3047.2446	   3387.6983	   3136.1924	   2897.7908	   2544.2327	   2100.1322	   1474.1410	   1165.9260	    994.6540	    680.5519	    500.2407	    367.8125	    299.8071	    240.0085	    183.7877	    122.9459	     85.5898	     86.0212	     48.1981	     17.6849	    288.0128	    347.1266	    321.5059	    187.5930	     80.7106	     40.3833	     29.3976	     26.4137	     13.0536	      9.5085	     10.1085	     25.2881	    738.3336	    646.5236	    396.8107	    216.0077	     85.1725	     65.4498	     67.2053	     23.3480	     11.3660	     10.3263	     55.0111	    453.9804	    383.0182	    198.2892	    158.2001	     65.6888	     28.2161	     31.2370	     26.2493	      9.9025	      3.5126	     62.0775
      0.0027	     -1.4201	      0.4141	      1.0497	      2.5632	      5.3049	      7.6804	      6.9140	      5.2596	      9.1187	      7.6937	      6.7572	      7.2554	      8.3329	      5.4208	      6.2430	      6.1267	      5.2382	      4.3895	      6.3882	      2.9289	      4.1149	      2.9772	      2.8709	      2.9267	     17.6857	      0.0032	      0.6408	      2.6443	      1.3372	      1.1583	      1.6203	      3.0126	      4.9843	      4.9451	      3.7091	      4.4734	      5.8505	      4.9584	      3.6655	      3.4115	      4.1748	      3.0575	      5.1705	      3.3644	      2.2589	      3.1750	      2.5404	      2.0156	      1.9703	      2.7286	     16.1805	     -0.5556	     -3.9721	     94.3551	    413.2799	    866.1595	    933.0307	   1411.9204	   1254.2003	   1073.0985	    871.6023	    842.3037	    700.0521	    596.1394	    477.9266	    239.7885	    277.9089	    101.1981	     85.5574	     51.8176	     74.4285	     28.3053	     17.8906	     27.5262	     16.6964	      7.1961	     13.6036	      2.9118	     16.1472	    466.7874	   1469.2131	   2182.9279	   2973.3086	   2716.1086	   2874.0238	   2527.2438	   2179.8345	   1657.2129	   1480.2884	   1033.4840	    757.1368	    571.9203	    352.0254	    339.3679	    253.9746	    171.9609	    115.5229	     94.8090	     53.0161	     84.4796	     89.8162	     57.6560	    294.8806	    271.0634	    229.2484	    197.4549	     77.1073	     70.7549	     63.8976	      5.4366	     21.5246	     -8.8067	      6.9612	     17.7504	    602.4974	    453.0628	    326.6196	    177.4204	     89.6633	     49.3197	     37.5765	     23.9549	     10.1998	     21.7551	     47.6091	    456.2826	    328.6483	    175.0137	    110.4961	     67.8313	     21.5825	     15.8737	     -7.6437	     12.2863	     15.9690	     39.4482
      0.0226	      0.7308	      0.7021	      1.9086	      2.2710	      7.2054	      4.3534	      5.8028	      6.3089	      4.8984	      6.0782	      5.4787	      7.0502	      5.9557	      6.1542	      4.1024	      3.7747	      4.7078	      4.1781	      2.9289	      6.6844	      2.5227	      2.5379	      2.2615	      1.3208	     12.5134	     -0.0021	     -0.1801	      1.2819	      0.9804	      1.7736	      2.0601	      2.2267	      3.6210	      3.2124	      3.8141	      3.6962	      4.6644	      4.1795	      3.2506	      4.0676	      2.7749	      3.4957	      3.5254	      2.6749	      2.5304	      2.2100	      2.1541	      2.5873	      2.1137	      1.8138	     11.5243	     -4.0135	     -1.6365	    107.1555	    457.4499	    650.5229	    854.8978	    936.2343	   1041.7631	   1026.2921	    827.3030	    697.2597	    560.6009	    467.3957	    281.1958	    169.3555	    241.1049	    120.4121	     84.5695	     71.6557	     57.0536	     12.5534	     21.8451	     -1.2518	     16.8878	     12.4185	     45.5630	     -6.4490	     10.4486	    534.6577	   1241.8539	   1907.1029	   2355.9318	   2645.5140	   2278.6556	   1996.0931	   1796.2000	   1537.5494	   1162.1536	    919.7558	    704.9647	    560.1941	    392.6581	    284.9967	    233.1584	    179.3213	    117.0194	     97.4971	     86.5455	     64.2481	     45.8632	     20.0760	    177.8110	    267.8065	    226.0648	    144.3579	     75.1738	     38.2753	     22.9165	     17.1505	     14.5535	      9.6423	      9.8361	     27.6403	    588.4314	    434.3970	    293.9238	    154.0458	     70.7143	     52.1761	     52.0451	     19.0689	      8.8101	      6.1705	     43.9427	    411.9039	    368.3452	    239.7963	    133.5387	     66.5631	     38.2872	     44.7963	     17.1166	      2.4861	      6.1876	     48.3889
     -0.0289	     -2.6697	     -1.6561	     -2.1574	      1.3185	      3.8712	      5.8384	      4.9828	      1.7881	      8.9213	      5.0521	      6.1309	      7.3363	      9.4528	      4.4365	      5.6913	      5.7803	      4.9763	      3.4556	      4.1149	      2.5227	      6.6324	      2.2005	      3.1749	      3.3640	     19.2439	      0.0079	      0.6399	      2.1544	      1.3885	      0.3267	      0.1091	      2.2361	      5.3965	      4.5753	      1.9935	      2.2142	      6.3627	      4.5347	      2.5780	      3.5187	      3.2416	      2.2984	      5.4594	      2.0049	      1.5821	      3.1453	      3.1833	      1.9700	      2.0664	      3.3885	     16.7413	     -1.9707	     -7.8455	     44.8611	    261.1092	    790.3987	    742.2660	   1284.1589	   1045.5628	    919.9657	    580.0727	    658.2460	    557.5192	    436.4751	    524.0354	     90.0581	    306.3789	     28.2475	     48.6982	      4.0673	     63.3395	     16.5130	     24.8657	     35.8107	     18.2708	      4.4464	      1.7040	     12.1318	    -34.2199	    330.5750	   1268.4114	   1715.9001	   2814.0367	   2271.8355	   2447.7839	   2168.5370	   1813.2973	   1110.0442	   1429.1811	    724.8008	    465.1835	    411.6510	    127.4073	    290.9959	    200.1320	    102.3162	     59.0313	     38.0615	     -4.3659	     69.9891	    116.8529	     60.9274	    312.2017	    226.7568	    146.3649	    184.8805	     50.7727	     76.8406	     93.9843	    -10.8415	     26.1906	    -19.9748	      4.3379	     -8.9252	    487.8340	    296.2708	    256.1545	    139.9341	     66.9427	     29.3878	     15.5869	     28.0616	      2.8694	     38.2979	     24.3374	    380.0484	    224.9040	    127.4968	     48.8987	     42.5174	      2.7612	      9.2522	    -24.5046	     10.5163	     26.9229	     27.4032
