      0.0520	      0.0502	      0.0682	      0.0674	      0.0298	      0.0859	      0.0061	      0.0544	      0.0490	     -0.0039	      0.0679	      0.0202	     -0.0439	      0.0070	      0.0055	      0.0185	     -0.0176	      0.0228	      0.0365	      0.0027	      0.0225	     -0.0289	      0.0102	      0.0072	     -0.0278	     -0.0425	     -0.0001	     -0.0001	      0.0082	     -0.0010	      0.0075	      0.0401	      0.0029	     -0.0188	     -0.0117	      0.0299	      0.0547	     -0.0302	      0.0107	      0.0339	     -0.0043	     -0.0217	      0.0101	      0.0030	      0.0139	      0.0106	      0.0085	     -0.0209	     -0.0017	      0.0092	     -0.0310	     -0.0816	     -0.0336	      0.0942	      3.6457	      6.2048	      0.5358	      2.5312	     -1.4490	      1.2864	      1.4592	      6.8177	      2.8710	      4.8401	      3.0806	     -0.6201	      4.1350	     -0.2202	      1.6716	      0.7618	      0.8176	     -0.0061	      0.2000	      0.1873	     -0.3305	     -0.0183	      0.2214	      0.2655	     -0.2386	      1.0670	      7.8399	      3.9785	      7.1469	     -6.0168	      5.0452	      0.1299	      1.3829	      4.3650	     11.0176	     -1.4659	      6.4373	      5.0295	      3.1068	      5.8479	      1.8049	      1.3602	      1.2355	      1.3312	      1.6788	      0.9448	      0.3302	     -0.8697	     -0.9410	     -0.8220	      1.5064	      1.7966	     -0.1680	      0.2767	     -0.5197	     -0.8071	      0.5972	     -0.1539	      0.1973	      0.0300	      0.4255	      1.5016	      3.1750	      1.1136	     -0.0764	      0.2936	      0.0600	      0.7593	     -0.3023	      0.0329	     -0.3411	      0.6765	     -1.5158	      0.6296	      0.9061	      0.4234	      0.0600	      0.1692	      0.0379	      0.3410	     -0.2687	     -0.5531	      0.2675
      0.0502	      5.4561	      5.1035	      6.6428	      4.8290	      6.8753	      3.7566	      3.8770	      6.0238	      0.3505	      3.7449	      1.8074	     -0.7117	     -1.2570	      1.3431	      0.0583	     -1.0954	      0.4720	      0.3822	     -0.9753	      0.6160	     -1.8946	     -0.3095	     -0.2799	     -1.7697	     -8.6985	     -0.0044	     -0.1153	      0.1579	      0.2178	      1.9436	      2.9191	      1.1020	     -0.6361	      0.0861	      2.2024	      1.4424	     -1.6529	      0.0217	      1.6204	      0.2918	     -0.3517	      0.5167	     -1.9131	      0.1640	      0.7384	     -0.3244	     -0.9021	      0.0013	     -0.5365	     -1.7439	     -8.7339	      1.1691	     14.6981	    313.3151	    695.4508	    596.5420	    739.1717	    302.8791	    466.9924	    340.7066	    430.2123	     49.3971	     53.0900	    -71.4396	   -232.3446	     97.3943	   -120.6699	     26.1017	     -9.3142	     23.3286	    -46.0474	     -3.3958	     -6.1602	    -28.9381	    -11.0245	     -0.6795	      2.6942	     -1.6068	     88.3758	    584.5375	    682.4376	   1228.9612	    579.8024	   1009.8475	    338.3261	    181.1568	    -41.4110	    232.6717	   -377.3635	    -17.2580	     14.3317	   -120.1762	     91.0866	    -57.5958	    -63.0537	     -6.9304	      3.9007	     29.5791	     31.6761	    -35.6811	    -81.5219	    -49.5248	   -209.0260	    199.2557	    182.5957	     33.8895	     58.4519	    -18.7754	    -54.3746	     24.6252	     -8.2306	     24.3865	     -2.2400	     22.6216	    213.3082	    255.9901	    106.5036	     35.2983	     26.1638	     14.4730	     15.9331	    -11.8427	      9.4491	    -11.0251	     18.3412	    297.2471	    151.1341	    151.7527	     68.2448	     35.6794	     36.9829	     20.7483	     38.4685	     -2.2651	    -12.6017	     23.4921
      0.0682	      5.1035	     14.2701	     12.3734	     10.9332	     12.1660	     11.1906	      8.6549	     10.6336	      4.0692	      7.1362	      4.5218	      0.9061	     -0.0093	      2.2764	      1.7410	      0.6240	      1.1282	      0.8861	      0.1143	      0.5966	     -1.6463	      0.5577	     -0.2225	     -1.2554	     -8.3711	     -0.0023	      0.1640	      1.7719	      1.4189	      3.6220	      4.7757	      3.1543	      0.9474	      1.7024	      3.6728	      3.2318	     -0.7862	      0.7905	      2.6477	      0.4276	      1.1805	      1.1421	     -1.4465	      0.9439	      1.2020	      0.3890	     -0.9966	      0.1073	     -0.7812	     -1.4719	     -8.0076	      4.2718	     29.5573	    720.4563	   1533.5629	   1640.6094	   1745.1935	   1265.3693	   1263.7805	    855.6748	    837.1435	    215.6314	    206.7367	     11.3484	   -224.9659	    149.4479	   -138.0115	     34.6576	     11.7138	     31.4016	    -42.3165	     13.4628	    -13.4278	    -21.9947	    -15.4412	     -5.9721	     -2.6698	      2.3715	    173.0989	   1352.1869	   2062.3250	   2957.3991	   2123.9827	   2152.9627	   1160.4046	    792.6434	    276.8974	    478.0422	   -308.9414	     98.2590	    118.4587	   -104.7613	    135.1087	    -37.8567	    -42.2159	     -7.8649	     25.5944	     49.7112	     43.0932	    -30.5931	    -96.0249	    -41.8795	   -214.0105	    236.1528	    186.1252	     37.4827	     74.9823	     -7.3925	    -55.4241	     30.1832	     -9.6228	     24.1984	     -2.3166	     27.8233	    222.3495	    281.8504	    111.8151	     66.1381	     45.5871	     23.7527	     11.6140	    -15.7934	     11.3574	     -9.6984	     32.2683	    539.0188	    211.9625	    218.9845	    112.7055	     79.3788	     60.1370	     26.9358	     44.5677	      0.0978	     -9.1266	     38.3986
      0.0674	      6.6428	     12.3734	     21.6960	     15.0278	     17.9009	     16.9920	     13.9038	     17.6630	      7.4214	     13.2472	      8.1811	      3.2275	      0.4012	      5.6906	      2.6488	      1.7544	      2.2253	      3.2943	      0.8803	      1.6551	     -1.8242	      0.8021	     -0.1402	     -1.8599	    -10.4375	     -0.0068	      0.1613	      2.3456	      1.3493	      6.2634	      6.7253	      5.2039	      1.6737	      3.8184	      6.8182	      4.8758	      0.2632	      2.5745	      4.7023	      1.8751	      1.9221	      2.1193	     -1.9688	      2.6087	      1.6746	      0.5479	     -0.6961	      0.7234	      0.1468	     -2.3289	     -8.5532	      6.5279	     30.9637	    794.2713	   1882.0641	   2221.2325	   2515.1892	   1958.1524	   1897.8340	   1444.9703	   1417.1742	    665.4175	    471.4117	    132.7667	   -245.7142	    289.1545	   -187.8219	     81.9966	     21.6000	     81.7240	    -44.8889	      9.4421	    -12.5839	    -54.9441	    -23.8440	    -12.0480	    -14.0912	      6.0237	    223.9690	   1607.4435	   2993.7163	   4542.7850	   3700.5873	   3925.7852	   2590.6566	   2067.5901	   1165.6999	   1182.1837	   -147.1243	    328.8921	    388.4910	    -67.2598	    229.7599	    -43.7276	    -55.4512	     43.4761	     77.0061	     52.4174	     61.2681	    -28.0013	   -141.4209	    -70.2986	   -264.6733	    396.0530	    356.7403	     72.8661	    109.9262	    -21.5758	    -85.1067	     41.2277	    -18.4764	     45.2213	     -5.2404	     36.2655	    438.1305	    554.9889	    211.9854	    128.6217	     54.3036	     48.0575	     26.3300	     -9.5504	     21.7689	    -11.1872	     30.2679	    932.5033	    486.1231	    365.1129	    237.7691	    132.2133	     94.9356	     54.9626	     86.4802	     10.6441	    -10.8015	     69.8036
      0.0298	      4.8290	     10.9332	     15.0278	     19.2859	     20.3104	     22.0177	     16.4085	     17.9521	     13.0541	     15.3194	     11.6657	      6.8753	      5.1757	      7.4011	      5.5385	      4.5706	      4.3341	      3.5510	      2.3789	      2.0244	      1.2163	      1.2800	      1.3412	      0.0151	     -2.9723	      0.0005	      0.4560	      2.8717	      2.2398	      5.9913	      6.5715	      6.4680	      4.9278	      6.0011	      7.0514	      5.2013	      3.0540	      4.3380	      5.3966	      2.7766	      3.0665	      2.3908	      0.6313	      2.8756	      1.8781	      2.1381	      0.7328	      1.1777	      0.4314	     -0.7861	     -3.1281	      7.5493	     30.9932	    810.5637	   2077.2757	   2764.6845	   2991.7349	   2676.6018	   2463.3775	   1870.6945	   1595.1938	    865.5055	    658.5263	    233.1643	    -18.9273	    242.3131	    -87.3610	     33.9101	    -10.4268	     50.0729	    -41.5475	     13.8774	      0.1999	    -26.5312	    -21.8606	    -16.2895	    -28.0033	     23.3384	    211.8625	   1854.7380	   3867.5520	   5761.2036	   5615.2570	   5227.5108	   3921.4507	   3090.3305	   1863.7717	   1363.5332	    358.8055	    402.0871	    381.1554	   -101.4621	    110.7943	     -0.1232	    -56.2726	      0.8364	     46.8964	     22.0489	     19.2654	    -19.9625	    -90.5177	    -38.9708	   -183.9622	    429.8804	    295.3805	    110.1885	    120.0263	     16.0666	    -30.3808	     26.9889	     -8.6749	     32.1262	     -8.4927	     14.9993	    478.1451	    472.7719	    209.4256	    145.7102	     72.6284	     44.3313	      6.5070	     -0.2832	     21.1576	     15.9481	     30.3335	   1032.0758	    410.1073	    351.4537	    200.1567	    148.4878	     96.4378	     43.4442	     63.3629	     14.1556	      5.2073	     70.0375
      0.0859	      6.8753	     12.1660	     17.9009	     20.3104	     51.0683	     38.2519	     27.6086	     29.7225	     21.8957	     26.4308	     20.6351	     13.9765	     14.2381	     15.5150	     11.9533	      8.1408	     11.3576	      8.5922	      4.9510	      6.9430	      3.4676	      3.6990	      4.0182	      0.5948	      6.6465	     -0.0035	      0.2593	      6.4587	      3.4361	      8.9370	     10.2384	      9.7194	      8.7731	      9.8093	     12.5691	     10.5140	      7.8522	      8.8630	     10.1775	      6.6885	      4.4383	      6.1729	      3.2989	      5.7200	      4.7546	      4.4520	      2.4301	      3.4753	      2.2869	     -0.8082	      1.5139	      4.7761	     43.0549	    947.6319	   2933.2955	   3941.9386	   4334.2488	   3962.9030	   3981.4423	   3351.4155	   3019.1065	   1886.6698	   1533.2669	    886.9780	    299.4731	    534.9819	    194.1663	    195.9956	     12.6044	    183.1269	     -2.9600	     52.6643	     24.8312	    -46.7602	    -18.0450	     -5.2174	      4.2441	     15.4802	    238.0127	   2729.8963	   5735.1602	   9430.1912	   9832.8811	  10123.2348	   7712.2044	   6081.2039	   4451.9527	   3653.9605	   1566.2882	   1567.1685	   1237.4170	    362.4693	    638.2787	    319.9384	    195.5891	    191.0315	    169.8858	    158.2345	    145.3177	     12.3009	    -92.6137	    -64.5533	   -132.1717	    700.7824	    504.6934	    230.4928	    175.1260	     28.3927	    -44.0691	     56.5955	      1.4127	     50.2363	     -2.4555	     41.7097	    993.3159	    903.3324	    441.1147	    239.6404	    136.7062	     89.9438	     56.6091	     -3.1672	     26.4131	      1.1978	     64.5552	   1393.0465	    716.8494	    578.3750	    316.2276	    205.9560	    146.0713	     84.3731	     86.3994	      8.2199	     -7.8197	    118.7525
      0.0061	      3.7566	     11.1906	     16.9920	     22.0177	     38.2519	     58.2439	     28.7992	     28.4472	     29.2368	     27.9781	     23.1886	     16.3862	     16.5766	     14.1469	     14.8683	     12.5714	     11.0615	      7.8647	      7.3976	      4.2601	      5.5784	      3.7485	      4.5184	      3.3278	     12.4569	      0.0068	      1.3303	      8.6580	      4.4823	      8.7256	      9.6056	     11.8713	     11.3532	     13.3393	     12.1183	     10.9381	      9.4572	      9.9251	     10.4826	      5.3346	      7.8887	      4.9941	      5.5705	      6.9323	      3.9055	      5.7495	      3.5867	      2.3798	      1.7485	      0.5789	      8.5947	     13.0654	     46.2467	    859.2700	   2873.0218	   4341.2530	   4539.0712	   4747.7195	   4405.7317	   3474.7817	   3057.5032	   2149.5964	   1653.6558	   1106.2971	    561.5665	    580.6503	    236.2457	    151.4117	    -21.1251	    144.1633	     18.7880	     67.7550	     24.1494	      4.5522	    -22.9802	    -17.9068	    -41.7100	     40.3890	    258.6888	   2552.9376	   6255.8218	  10149.1226	  11280.6606	  10275.7695	   8772.7875	   6799.9740	   4928.6229	   3682.4226	   1914.6096	   1651.7315	   1230.5874	    276.4776	    490.6745	    325.7308	    147.6212	    143.8705	    152.1261	    127.8693	    100.4756	     44.0941	    -40.2558	     10.2833	    -14.8408	    706.1009	    485.7281	    308.4519	    223.9554	     86.6649	     13.7580	     27.7885	     12.5925	     25.8364	    -11.1124	     33.1100	   1032.1273	    878.9800	    460.7887	    279.0660	    164.5860	     93.6719	     21.4229	     15.0423	     38.6928	     28.4231	     60.4558	   1541.7359	    638.4261	    458.3799	    276.3556	    235.7160	    134.7287	     43.2911	     52.5689	     30.5199	     17.3831	     97.8195
      0.0544	      3.8770	      8.6549	     13.9038	     16.4085	     27.6086	     28.7992	     27.5602	     23.5853	     21.2470	     24.6383	     18.5393	     13.8589	     14.2980	     13.6099	     11.9994	      9.8699	     10.5218	      8.9275	      6.7704	      5.6833	      4.8454	      3.9709	      4.3948	      2.4088	     13.6225	     -0.0004	      0.7505	      5.4391	      3.1002	      6.8840	      8.7907	      9.3045	      9.6516	     10.6305	     11.5009	     10.5520	      9.3452	      9.2475	      9.8292	      6.7489	      6.3035	      5.7507	      5.7936	      5.9032	      4.3799	      5.1570	      3.0794	      3.3050	      2.8523	      0.8778	     10.7080	      5.4095	     22.6671	    736.7436	   2231.8581	   3336.9035	   3716.2187	   3869.3872	   3662.6884	   3008.7546	   2632.9813	   1818.3079	   1468.9910	    907.4806	    453.3091	    527.8753	    206.2997	    179.9281	     80.9582	    136.8169	     30.0092	     44.8394	     24.2327	    -17.3395	     -3.9819	     -2.1229	     -1.3598	     17.8605	    206.4807	   2102.0450	   5004.8599	   7883.3350	   8616.7755	   8510.8884	   7197.8955	   6042.1659	   4479.7689	   3548.2907	   1949.7469	   1668.0600	   1290.3315	    570.2731	    613.5739	    373.9837	    247.1731	    207.4936	    171.5021	    146.8515	    114.0380	     60.5465	    -18.1530	    -13.5357	     91.3677	    701.6691	    536.3547	    295.9713	    182.9232	     66.1065	     11.0128	     45.0508	     10.8141	     31.1511	      0.1302	     40.2137	   1135.8596	    978.4806	    547.4139	    315.6117	    167.3224	     98.0609	     60.1302	     16.9527	     26.9004	     22.0281	     76.0032	   1245.9896	    662.2840	    472.4411	    286.0133	    184.9245	    113.6080	     61.9975	     58.2291	     13.6153	      5.2429	    104.2160
      0.0490	      6.0238	     10.6336	     17.6630	     17.9521	     29.7225	     28.4472	     23.5853	     32.6987	     17.0429	     24.8629	     16.8523	     13.1231	      8.5576	     15.5150	      9.5860	      7.9482	      9.3100	      9.0349	      5.1524	      6.2434	      1.6499	      4.3866	      2.6718	      0.3095	      4.3411	     -0.0094	      0.1676	      4.3949	      2.3693	      8.8624	     10.0594	      9.2926	      7.5484	      9.0442	     13.1811	     10.6249	      6.8502	      8.0491	      9.6713	      6.6515	      6.3321	      6.9428	      2.2521	      6.6325	      5.3309	      3.7999	      1.7727	      3.5138	      1.9945	     -0.3006	      5.0646	      5.8475	     34.2031	    759.0456	   2395.3097	   3214.1357	   3898.5544	   3546.4374	   3609.8073	   3076.9614	   2837.6236	   1795.3696	   1404.9850	    853.8843	    129.0739	    588.6161	     84.9149	    235.4566	     97.4154	    192.1368	     11.3739	     42.8694	      1.2403	    -53.9280	    -13.3875	     -7.3269	     23.8417	      1.3799	    255.8516	   2233.4656	   4829.5810	   8100.6634	   8185.8879	   8863.0033	   6994.9192	   5819.6995	   4299.1930	   3715.7442	   1551.3315	   1625.4959	   1473.7747	    575.3582	    748.4499	    291.5968	    211.3007	    249.2353	    229.6156	    160.8533	    175.9651	     30.1530	   -103.8381	    -36.7587	    -77.1891	    718.0542	    613.3625	    244.7440	    206.3078	     28.9913	    -58.6810	     68.3903	     -7.8049	     64.7777	      3.9054	     67.2919	   1165.7322	   1115.8887	    574.4981	    352.3049	    158.9404	    118.4181	     80.9767	      9.1945	     36.8070	     -5.4113	     89.1627	   1394.5203	    800.5760	    574.3149	    380.3450	    215.9345	    144.5756	     90.0323	    109.3312	     18.8559	     -8.2201	    126.3959
     -0.0039	      0.3505	      4.0692	      7.4214	     13.0541	     21.8957	     29.2368	     21.2470	     17.0429	     29.5255	     21.5003	     19.8036	     16.1250	     19.5256	     12.3941	     15.1160	     13.7981	     11.8053	      8.3480	      9.1057	      4.8833	      8.9317	      5.0076	      6.4101	      5.3191	     27.7512	      0.0115	      1.5867	      5.7031	      3.6624	      4.4954	      5.9703	      9.0081	     12.2939	     13.2996	      9.2775	      9.3417	     11.3811	     10.9679	      9.1448	      6.1448	      8.1362	      5.3823	      9.5875	      6.3266	      4.3009	      7.1929	      5.1866	      3.1680	      2.6287	      4.0338	     22.9629	      4.8027	     13.4588	    533.4483	   1860.9693	   3163.7071	   3314.9389	   4087.6418	   3688.3721	   2926.1896	   2381.9034	   1915.1420	   1586.4328	   1137.6491	    869.2274	    509.2099	    457.3847	    120.1557	     66.5810	     61.1702	     73.5490	     54.0732	     37.2841	     55.7079	      8.3714	     -3.2494	    -24.0047	     34.3143	    126.2714	   1757.8263	   4669.2476	   7403.7432	   9088.4886	   8027.1424	   7637.6492	   6272.4760	   4832.0787	   3412.3896	   2737.1386	   1845.9155	   1275.4663	    660.3160	    467.6242	    536.3830	    302.1305	    202.6620	    162.7369	    131.4589	     40.0531	    113.9979	    109.8682	     81.3560	    337.5673	    735.2579	    545.1982	    425.8472	    220.7904	    149.2112	    113.0177	      6.6580	     35.0420	     -9.4881	     -2.2124	     19.7776	   1219.0641	    960.3012	    633.4371	    334.6562	    184.6064	     80.8382	     41.1767	     38.5749	     31.0063	     66.1698	     85.7020	   1378.1513	    658.9305	    434.9998	    209.7849	    185.1001	     67.0259	     20.9369	     -0.5974	     29.9294	     37.8521	     85.2678
      0.0679	      3.7449	      7.1362	     13.2472	     15.3194	     26.4308	     27.9781	     24.6383	     24.8629	     21.5003	     31.5956	     19.1510	     14.0761	     15.0701	     15.2222	     13.0643	     10.6113	     11.7168	     10.6208	      7.6663	      6.0894	      5.0278	      4.1784	      4.9432	      2.4480	     15.1288	     -0.0029	      0.6903	      5.5661	      2.8238	      7.1076	      9.3020	      9.6066	     10.2974	     11.2020	     13.0294	     11.8969	      9.9172	     10.2903	     11.1548	      7.1844	      6.9420	      6.5034	      5.9912	      6.7803	      4.8588	      5.7999	      3.1046	      3.8737	      3.5866	      0.9365	     12.1238	      4.6074	     17.4502	    621.8205	   2048.7489	   3136.0554	   3599.1045	   3862.6276	   3694.2263	   3070.8696	   2803.0853	   1953.6086	   1632.3335	   1018.4071	    453.6849	    649.3571	    217.7212	    211.8172	    105.9075	    156.6099	     26.8766	     40.5911	     21.3991	    -31.7423	     -0.1649	      0.0130	     -5.8838	     10.8530	    219.5212	   2035.7555	   4944.1394	   8082.3718	   8709.8640	   8960.6130	   7661.2116	   6592.4617	   4896.8488	   4002.3221	   2104.9287	   1834.6248	   1495.6765	    658.9570	    691.9023	    435.0999	    278.4741	    245.1189	    189.9931	    173.1885	    121.0592	     59.7272	    -18.1473	    -22.9849	    120.8068	    754.7599	    600.1979	    320.5336	    193.2732	     63.7583	      1.8251	     53.4835	     11.5938	     37.3745	      2.3759	     50.0625	   1273.0562	   1110.2745	    630.3302	    339.6661	    169.7031	    102.3711	     78.7421	     16.9528	     25.8259	     21.7821	     84.4380	   1259.9931	    687.3697	    483.1605	    314.5289	    184.0224	    109.0289	     57.3574	     67.5973	     17.1524	      2.5059	    116.6032
      0.0202	      1.8074	      4.5218	      8.1811	     11.6657	     20.6351	     23.1886	     18.5393	     16.8523	     19.8036	     19.1510	     19.9984	     14.4459	     15.8869	     12.0770	     12.3205	     10.2982	     10.0848	      7.1903	      6.7546	      5.4764	      6.1410	      3.8994	      5.1268	      3.5605	     18.6923	      0.0056	      0.9474	      4.4428	      3.1166	      4.8373	      6.5195	      7.2893	      9.8327	     10.5102	      9.0817	      8.3517	      9.6563	      8.8683	      8.8692	      6.2022	      6.2696	      4.9301	      6.7967	      5.1442	      4.2131	      5.6257	      4.0342	      3.3913	      2.3266	      2.4075	     14.7862	      2.4865	     14.1022	    506.9419	   1694.3309	   2705.8002	   2932.0170	   3301.8248	   3182.1218	   2615.2994	   2137.2274	   1588.9527	   1326.4219	    880.9713	    572.1439	    431.8158	    344.8949	    134.2809	     65.3809	     86.7966	     41.3260	     37.0196	     24.8996	     24.1222	      8.0738	      1.1226	     12.2971	     22.6430	    132.3278	   1669.3258	   4021.3835	   6441.2824	   7486.3470	   7129.7644	   6362.7978	   5222.5633	   3960.2385	   2994.0299	   2092.5266	   1569.1702	   1106.0285	    574.9259	    505.7307	    436.5524	    245.4639	    182.1746	    144.7178	    123.3735	     82.3870	     70.4900	     63.3068	     41.2024	    164.7110	    646.6565	    476.9430	    323.4485	    186.8839	     97.0092	     56.1152	     20.4480	     22.9060	     11.6795	     -0.4686	     25.9240	   1088.4519	    833.1480	    534.2833	    290.5999	    162.0931	     74.9953	     41.9594	     23.8886	     27.3808	     40.0156	     71.1730	   1161.4750	    606.4962	    441.4131	    212.3355	    166.2404	     87.8303	     43.8613	     24.6141	     17.3026	     17.9101	     80.7817
     -0.0439	     -0.7117	      0.9061	      3.2275	      6.8753	     13.9765	     16.3862	     13.8589	     13.1231	     16.1250	     14.0761	     14.4459	     21.0786	     15.0009	     13.2264	     10.8670	     10.4270	      9.8383	      7.2150	      7.2427	      7.0326	      7.3006	      4.6847	      5.0124	      5.0999	     27.8129	      0.0063	      0.5126	      4.3132	      2.9844	      3.7158	      4.1767	      6.0117	      9.9941	      9.6784	      7.3827	      6.9232	     12.1589	      8.6405	      6.8363	      7.8904	      7.5367	      5.7670	      8.2168	      4.9688	      4.6027	      5.2183	      5.4346	      4.6114	      3.3953	      4.7107	     26.7652	     -1.5275	      0.7824	    270.5674	   1159.7625	   2208.1187	   2409.0169	   3026.4633	   2945.4076	   2603.5565	   1884.1729	   1705.0015	   1279.9547	   1027.1795	    763.8987	    312.5127	    525.6770	    177.6844	    124.8550	    122.1647	    112.4389	     30.3928	     32.8139	     34.9567	     31.6228	     10.4510	     65.6237	     12.0614	     51.7781	   1234.6326	   3536.2496	   5239.9494	   6812.6725	   6439.0696	   6077.8082	   5053.6689	   4129.6679	   3078.2159	   2644.9132	   1817.0219	   1310.0584	    974.1304	    600.3899	    548.9181	    391.3819	    283.0002	    178.5471	    130.4457	    136.1800	    114.4269	    149.6342	    100.7520	    379.7900	    562.5790	    423.1219	    346.2785	    154.5411	    111.9485	     92.3440	      6.9368	     36.6823	      4.4814	      9.8456	     26.5854	   1181.5354	    784.2426	    555.4047	    328.0976	    154.0086	     91.9736	     47.3860	     46.1380	     22.1500	     34.4877	     58.2949	    949.8853	    656.3001	    385.9892	    203.8108	    129.2009	     74.5425	     60.2435	      5.1435	     19.5222	     29.7961	     65.5962
      0.0070	     -1.2570	     -0.0093	      0.4012	      5.1757	     14.2381	     16.5766	     14.2980	      8.5576	     19.5256	     15.0701	     15.8869	     15.0009	     22.9449	     10.3054	     13.4767	     11.3310	     11.4188	      7.6682	      8.3308	      5.9557	      9.4494	      4.5144	      6.6199	      5.9129	     33.0853	      0.0122	      1.1976	      4.7474	      3.1414	      1.6927	      3.4954	      5.5694	     11.0822	     10.2976	      6.5310	      7.5108	     12.7507	      9.6339	      7.8115	      7.2556	      6.4883	      5.1762	     10.3942	      4.5083	      4.0684	      6.5770	      5.5661	      3.9553	      3.6155	      4.9294	     25.9648	     -2.9279	     -5.8589	    280.5813	   1027.3467	   2102.8847	   2084.3740	   2968.9787	   2710.5265	   2293.8842	   1716.8451	   1552.2110	   1359.2241	   1005.6517	    973.1866	    350.7606	    579.7756	    122.2991	    102.3790	     55.0926	    100.3795	     45.6201	     41.7593	     61.0597	     30.3464	     14.3649	     19.0786	     20.3575	     12.4004	   1157.0242	   3225.6410	   4836.5462	   6618.3722	   5980.2592	   5901.0361	   5056.2164	   4143.7725	   2967.8500	   2845.0542	   1815.0050	   1129.3716	    868.7865	    517.2942	    631.1745	    424.1378	    232.2402	    134.9479	    141.4556	     61.4538	    120.0409	    192.9187	     88.6370	    470.5274	    616.2913	    441.1309	    414.3120	    145.7533	    142.8874	    144.6613	      2.7511	     48.9626	    -24.0919	      7.3168	      6.6546	   1214.9820	    819.1149	    616.0835	    310.1128	    182.6998	     70.6556	     46.0193	     38.0709	     13.1527	     56.3042	     69.8689	    941.2572	    579.4152	    374.3181	    149.9776	    119.3943	     46.3500	     30.9078	    -30.6270	     13.0736	     32.2507	     66.1988
      0.0055	      1.3431	      2.2764	      5.6906	      7.4011	     15.5150	     14.1469	     13.6099	     15.5150	     12.3941	     15.2222	     12.0770	     13.2264	     10.3054	     14.9738	      8.1695	      7.4910	      8.5298	      7.6309	      5.4211	      6.1527	      4.4381	      4.2499	      3.6801	      2.6683	     18.0243	     -0.0023	      0.1608	      2.9081	      1.8213	      4.4005	      4.7646	      5.3719	      7.3086	      7.0505	      8.2534	      6.9346	      8.4742	      7.3077	      6.6747	      6.6350	      5.6204	      5.8164	      4.9900	      5.0011	      4.4686	      3.9740	      3.5273	      3.8811	      2.8764	      2.5638	     17.3892	     -1.0434	      6.6627	    279.6084	   1129.8445	   1817.0474	   2202.6789	   2387.4829	   2407.4611	   2225.1306	   1844.1694	   1472.4977	   1167.6729	    832.8386	    459.4695	    394.2730	    330.9980	    191.3886	    110.6894	    139.1334	     70.7665	     30.0791	     18.8866	     -6.1223	     15.6902	      5.8639	     49.0564	      0.1485	     79.9894	   1188.3085	   2944.6508	   4739.4121	   5525.1374	   5913.7210	   5160.2277	   4400.7106	   3578.3710	   2873.1897	   1968.0468	   1516.0491	   1259.9864	    783.5501	    614.5813	    427.4855	    310.5177	    264.0230	    200.5283	    131.9070	    133.7741	     74.5004	     52.6085	     38.4670	    223.1075	    520.4548	    427.8953	    256.9766	    138.9152	     62.6675	     30.1218	     32.3283	     16.2772	     26.2329	      9.2770	     35.1269	   1027.5636	    811.1000	    509.2787	    296.4778	    129.2316	     88.5788	     64.9020	     28.1145	     22.1275	     14.9215	     64.5611	    851.2651	    587.5818	    375.9874	    231.9669	    124.2752	     77.7796	     60.3342	     44.1129	     16.3526	      9.2262	     81.1865
      0.0185	      0.0583	      1.7410	      2.6488	      5.5385	     11.9533	     14.8683	     11.9994	      9.5860	     15.1160	     13.0643	     12.3205	     10.8670	     13.4767	      8.1695	     12.4439	      8.4242	      8.2817	      5.7624	      6.2396	      4.1027	      5.6832	      3.7635	      4.5110	      3.8017	     20.7419	      0.0060	      0.9537	      3.6801	      2.2912	      2.0053	      3.8101	      4.8182	      7.5464	      7.8347	      6.0590	      6.7719	      8.0643	      7.0833	      6.4978	      4.7299	      5.5636	      4.0497	      6.8418	      4.3250	      3.5362	      4.9370	      3.5907	      2.6727	      2.0059	      2.9786	     16.9414	      0.2979	      4.1067	    256.8827	    937.6669	   1656.0063	   1745.5008	   2283.7777	   2181.7412	   1810.7939	   1494.3226	   1236.7607	   1089.8750	    818.7989	    615.8548	    377.4219	    380.8352	    127.5946	     82.3683	     66.6792	     65.5273	     41.6107	     20.1616	     42.4400	     16.6436	      7.5409	     16.8227	     12.2038	     59.0366	    974.4477	   2464.1059	   4033.0006	   5058.0331	   4796.6643	   4673.2105	   3912.2382	   3186.1944	   2464.0495	   1995.9303	   1455.4154	    996.9545	    655.1717	    499.8292	    463.3664	    295.3550	    191.8081	    139.0347	    130.5151	     77.6964	     85.3497	    106.7799	     64.9465	    275.8271	    482.1189	    368.6831	    299.3669	    140.8815	    102.7317	     78.9274	     13.7567	     28.9765	     -5.6420	      3.8950	     23.1421	    916.6050	    682.8577	    480.1274	    252.4533	    149.8550	     62.5547	     43.2826	     23.5882	     19.9478	     33.7665	     71.9848	    785.1793	    453.6301	    304.6392	    142.5037	    112.0516	     49.8917	     20.8637	     -5.0187	     14.3398	     16.2530	     54.8628
     -0.0176	     -1.0954	      0.6240	      1.7544	      4.5706	      8.1408	     12.5714	      9.8699	      7.9482	     13.7981	     10.6113	     10.2982	     10.4270	     11.3310	      7.4910	      8.4242	     11.1273	      6.7931	      5.4991	      6.1259	      3.7752	      5.7833	      4.0344	      3.9717	      3.8387	     22.4448	      0.0057	      0.8001	      2.9828	      1.8796	      2.0963	      2.2996	      4.4060	      7.3400	      7.4747	      4.9686	      5.3246	      7.5267	      6.4025	      5.0843	      4.1417	      5.9190	      3.9946	      6.5377	      4.4275	      3.1613	      4.4478	      3.5708	      2.5070	      1.9461	      3.8127	     20.5911	      0.4860	      1.7541	    159.9497	    732.2427	   1362.1964	   1496.5538	   2053.1080	   1874.9311	   1562.2140	   1251.0881	   1117.1672	    931.8080	    789.3000	    600.6117	    296.6985	    361.8065	    111.7804	     90.1829	     48.9635	     83.6210	     38.5766	     24.0399	     43.2127	     16.1290	      3.6027	     11.5633	      9.2578	     35.5039	    765.2437	   2174.6057	   3456.4174	   4581.2980	   4075.2301	   4131.1743	   3498.5810	   2921.9052	   2146.4386	   1928.5571	   1286.5466	    962.8308	    653.5158	    388.5726	    411.9971	    285.2496	    200.3451	    143.3514	    106.8350	     54.5392	    105.3715	    103.6076	     83.6937	    345.8759	    387.5198	    318.1410	    266.8198	    133.7070	    104.8310	     82.8081	      1.2433	     26.2540	     -9.7628	      6.9707	     23.4929	    801.3348	    608.2237	    435.4099	    245.3711	    119.6385	     64.8987	     42.3731	     34.0129	     18.4915	     38.1374	     65.5696	    697.8801	    405.0563	    235.1158	    130.7739	    101.0814	     25.4873	     16.5804	     -8.1913	     19.8225	     28.6436	     54.2007
      0.0228	      0.4720	      1.1282	      2.2253	      4.3341	     11.3576	     11.0615	     10.5218	      9.3100	     11.8053	     11.7168	     10.0848	      9.8383	     11.4188	      8.5298	      8.2817	      6.7931	      9.7892	      5.8803	      5.2382	      4.7076	      4.9763	      3.5047	      3.9712	      2.9653	     18.9515	      0.0025	      0.4910	      2.8030	      1.6828	      2.0787	      3.3755	      4.1419	      6.6406	      6.2528	      5.8415	      5.9483	      7.5791	      6.4791	      5.7004	      5.2966	      4.6102	      4.4305	      5.9172	      3.7875	      3.4742	      4.0634	      3.3149	      2.9394	      2.4679	      2.6086	     16.0256	     -1.8410	      0.6189	    202.7335	    772.5593	   1340.9086	   1507.2699	   1882.1688	   1849.3088	   1645.9391	   1368.7373	   1127.0134	    977.5154	    718.5947	    522.1424	    320.2295	    340.1372	    134.3268	     90.8215	     79.2624	     64.0022	     31.4785	     23.3661	     18.2680	     17.1873	     10.3469	     26.8096	      3.6520	     39.4043	    863.5322	   2151.8291	   3476.7871	   4347.2656	   4423.1860	   4102.4883	   3554.5100	   2949.6879	   2345.2555	   1829.8949	   1345.7962	    973.3585	    666.6846	    490.1107	    421.5055	    299.9608	    206.4101	    139.1762	    125.4626	     85.7751	     78.3751	     83.4059	     41.0344	    261.2247	    453.5656	    361.7563	    267.6221	    120.4165	     79.4798	     60.3809	     21.0615	     23.5188	      3.2365	      7.8088	     25.1385	    904.7422	    687.7037	    471.4723	    246.7229	    131.6747	     68.3631	     55.1168	     23.9170	     15.0047	     23.6614	     65.5079	    646.3150	    430.5716	    284.8732	    145.7779	     92.0101	     45.6690	     33.4449	      7.7334	      9.2723	     11.9564	     58.8647
      0.0365	      0.3822	      0.8861	      3.2943	      3.5510	      8.5922	      7.8647	      8.9275	      9.0349	      8.3480	     10.6208	      7.1903	      7.2150	      7.6682	      7.6309	      5.7624	      5.4991	      5.8803	      8.2762	      4.3895	      4.1762	      3.4556	      3.5426	      2.7909	      1.8769	     16.8840	     -0.0041	      0.1775	      1.9976	      0.7218	      2.6187	      2.3604	      3.3445	      4.8183	      4.7086	      5.4398	      5.4400	      5.8564	      5.3989	      4.7556	      4.4641	      3.8298	      4.2342	      4.2940	      4.0899	      2.8437	      2.9931	      2.3070	      2.5894	      2.9613	      2.0571	     15.5204	     -1.8537	     -1.2736	    127.2080	    525.5727	    879.3985	   1135.5241	   1391.1904	   1294.3001	   1249.1499	   1172.2261	   1014.6360	    838.1292	    637.9659	    407.7761	    334.1043	    249.8836	    160.2321	    103.9365	     99.5610	     77.0546	     28.7823	     23.1569	     -9.1875	     12.4706	      8.5406	     21.4217	     -6.7890	     20.3266	    543.4087	   1559.7270	   2514.4837	   3047.2119	   3387.6670	   3136.1647	   2897.7683	   2544.2158	   2100.1196	   1474.1328	   1165.9200	    994.6501	    680.5493	    500.2388	    367.8110	    299.8062	    240.0079	    183.7872	    122.9454	     85.5896	     86.0211	     48.1982	     17.6849	    288.0125	    347.1259	    321.5054	    187.5927	     80.7105	     40.3832	     29.3976	     26.4136	     13.0536	      9.5085	     10.1085	     25.2881	    738.3320	    646.5225	    396.8100	    216.0074	     85.1724	     65.4497	     67.2053	     23.3480	     11.3660	     10.3263	     55.0111	    453.9787	    383.0175	    198.2889	    158.1999	     65.6887	     28.2160	     31.2369	     26.2492	      9.9025	      3.5125	     62.0775
      0.0027	     -0.9753	      0.1143	      0.8803	      2.3789	      4.9510	      7.3976	      6.7704	      5.1524	      9.1057	      7.6663	      6.7546	      7.2427	      8.3308	      5.4211	      6.2396	      6.1259	      5.2382	      4.3895	      6.3882	      2.9288	      4.1149	      2.9771	      2.8709	      2.9267	     17.6857	      0.0032	      0.5405	      2.3272	      1.2359	      1.0465	      1.5664	      2.9646	      4.9683	      4.9421	      3.7030	      4.4702	      5.8486	      4.9581	      3.6656	      3.4106	      4.1756	      3.0575	      5.1705	      3.3645	      2.2589	      3.1750	      2.5404	      2.0156	      1.9703	      2.7286	     16.1805	     -0.5556	     -3.9721	     94.3551	    413.2799	    866.1595	    933.0307	   1411.9204	   1254.2003	   1073.0985	    871.6023	    842.3037	    700.0521	    596.1394	    477.9266	    239.7885	    277.9089	    101.1981	     85.5574	     51.8176	     74.4285	     28.3053	     17.8906	     27.5262	     16.6964	      7.1961	     13.6036	      2.9118	     16.1472	    466.7874	   1469.2131	   2182.9279	   2973.3086	   2716.1086	   2874.0238	   2527.2438	   2179.8345	   1657.2129	   1480.2884	   1033.4840	    757.1368	    571.9203	    352.0254	    339.3679	    253.9746	    171.9609	    115.5229	     94.8090	     53.0161	     84.4796	     89.8162	     57.6560	    294.8806	    271.0634	    229.2484	    197.4549	     77.1073	     70.7549	     63.8976	      5.4366	     21.5246	     -8.8067	      6.9612	     17.7504	    602.4974	    453.0628	    326.6196	    177.4204	     89.6633	     49.3197	     37.5765	     23.9549	     10.1998	     21.7551	     47.6091	    456.2826	    328.6483	    175.0137	    110.4961	     67.8313	     21.5825	     15.8737	     -7.6437	     12.2863	     15.9690	     39.4482
      0.0225	      0.6160	      0.5966	      1.6551	      2.0244	      6.9430	      4.2601	      5.6833	      6.2434	      4.8833	      6.0894	      5.4764	      7.0326	      5.9557	      6.1527	      4.1027	      3.7752	      4.7076	      4.1762	      2.9288	      6.6813	      2.5247	      2.5367	      2.2625	      1.3218	     12.5140	     -0.0021	     -0.1166	      1.2985	      0.9365	      1.6688	      2.0435	      2.1936	      3.6212	      3.1974	      3.8083	      3.6911	      4.6606	      4.1816	      3.2499	      4.0670	      2.7736	      3.4942	      3.5266	      2.6736	      2.5294	      2.2107	      2.1549	      2.5867	      2.1132	      1.8145	     11.5227	     -4.0127	     -1.6415	    107.2356	    457.4497	    650.7046	    854.8743	    936.3759	   1041.7116	   1026.1059	    826.9448	    696.9850	    560.4502	    467.1345	    281.2833	    169.2361	    241.0926	    120.2877	     84.5122	     71.5505	     57.0151	     12.5375	     21.8500	     -1.2193	     16.8861	     12.4127	     45.5257	     -6.4233	     10.4247	    534.6461	   1241.8694	   1906.8341	   2355.9538	   2644.8531	   2278.3196	   1995.8092	   1795.7289	   1536.7714	   1162.1164	    919.3653	    704.4938	    559.8837	    392.3328	    284.9421	    233.0383	    179.1861	    116.9225	     97.4193	     86.4329	     64.2269	     45.9104	     20.0883	    177.7928	    267.8650	    226.0279	    144.4003	     75.1910	     38.3154	     22.9763	     17.1305	     14.5645	      9.6216	      9.8274	     27.6074	    588.3993	    434.2751	    293.9109	    154.0280	     70.7314	     52.1488	     52.0115	     19.0736	      8.8103	      6.2114	     43.9340	    412.0642	    368.2639	    239.8126	    133.4805	     66.5736	     38.2819	     44.7765	     17.0917	      2.4906	      6.2071	     48.3793
     -0.0289	     -1.8946	     -1.6463	     -1.8242	      1.2163	      3.4676	      5.5784	      4.8454	      1.6499	      8.9317	      5.0278	      6.1410	      7.3006	      9.4494	      4.4381	      5.6832	      5.7833	      4.9763	      3.4556	      4.1149	      2.5247	      6.6324	      2.2004	      3.1749	      3.3640	     19.2439	      0.0079	      0.5148	      1.7406	      1.2927	      0.2048	      0.1026	      2.1773	      5.3971	      4.5846	      1.9947	      2.2121	      6.3600	      4.5350	      2.5780	      3.5181	      3.2442	      2.2984	      5.4594	      2.0054	      1.5821	      3.1453	      3.1833	      1.9700	      2.0664	      3.3885	     16.7413	     -1.9707	     -7.8455	     44.8611	    261.1092	    790.3987	    742.2660	   1284.1589	   1045.5628	    919.9657	    580.0727	    658.2460	    557.5192	    436.4751	    524.0354	     90.0581	    306.3789	     28.2475	     48.6982	      4.0673	     63.3395	     16.5130	     24.8657	     35.8107	     18.2708	      4.4464	      1.7040	     12.1318	    -34.2199	    330.5750	   1268.4114	   1715.9001	   2814.0367	   2271.8355	   2447.7839	   2168.5370	   1813.2973	   1110.0442	   1429.1811	    724.8008	    465.1835	    411.6510	    127.4073	    290.9959	    200.1320	    102.3162	     59.0313	     38.0615	     -4.3659	     69.9891	    116.8529	     60.9274	    312.2017	    226.7568	    146.3649	    184.8805	     50.7727	     76.8406	     93.9843	    -10.8415	     26.1906	    -19.9748	      4.3379	     -8.9252	    487.8340	    296.2708	    256.1545	    139.9341	     66.9427	     29.3878	     15.5869	     28.0616	      2.8694	     38.2979	     24.3374	    380.0484	    224.9040	    127.4968	     48.8987	     42.5174	      2.7612	      9.2522	    -24.5046	     10.5163	     26.9229	     27.4032
