      0.0520	      0.1037	      0.1448	      0.1249	      0.0399	      0.0890	      0.0053	      0.0577	      0.0451	     -0.0025	      0.0679	      0.0215	     -0.0461	      0.0069	      0.0055	      0.0182	     -0.0172	      0.0228	      0.0365	      0.0027	      0.0226	     -0.0289	      0.0102	      0.0072	     -0.0278	     -0.0425	     -0.0001	     -0.0001	     -0.0003	      0.0029	      0.0105	      0.0427	      0.0023	     -0.0186	     -0.0107	      0.0302	      0.0549	     -0.0302	      0.0105	      0.0339	     -0.0042	     -0.0215	      0.0101	      0.0030	      0.0139	      0.0106	      0.0085	     -0.0209	     -0.0017	      0.0092	     -0.0310	     -0.0816	     -0.0336	      0.0942	      3.6457	      6.2048	      0.5358	      2.5312	     -1.4490	      1.2864	      1.4592	      6.8177	      2.8710	      4.8401	      3.0806	     -0.6201	      4.1350	     -0.2202	      1.6716	      0.7618	      0.8176	     -0.0061	      0.2000	      0.1873	     -0.3305	     -0.0183	      0.2214	      0.2655	     -0.2386	      1.0670	      7.8399	      3.9785	      7.1469	     -6.0168	      5.0452	      0.1299	      1.3829	      4.3650	     11.0176	     -1.4659	      6.4373	      5.0295	      3.1068	      5.8479	      1.8049	      1.3602	      1.2355	      1.3312	      1.6788	      0.9448	      0.3302	     -0.8697	     -0.9410	     -0.8220	      1.5064	      1.7966	     -0.1680	      0.2767	     -0.5197	     -0.8071	      0.5972	     -0.1539	      0.1973	      0.0300	      0.4255	      1.5016	      3.1750	      1.1136	     -0.0764	      0.2936	      0.0600	      0.7593	     -0.3023	      0.0329	     -0.3411	      0.6765	     -1.5158	      0.6296	      0.9061	      0.4234	      0.0600	      0.1692	      0.0379	      0.3410	     -0.2687	     -0.5531	      0.2675
      0.1037	     22.1465	     22.1153	     22.7392	     14.2073	     14.3615	      7.3491	      7.3898	     11.8407	     -0.2939	      6.7406	      3.1238	     -2.1878	     -3.9832	      2.3793	     -0.7288	     -2.7070	      0.2026	      0.3052	     -2.4580	      1.0014	     -4.4784	     -0.6354	     -1.0483	     -3.9214	    -19.7424	     -0.0098	     -1.2122	     -2.1872	      0.8048	      4.2222	      6.0493	      1.8690	     -1.7190	     -0.3388	      4.2346	      2.5510	     -4.1340	     -0.5490	      2.8258	      0.1074	     -0.9950	      0.8754	     -4.6767	      0.1120	      1.3514	     -1.0090	     -2.1658	     -0.1696	     -1.4437	     -3.7551	    -19.1385	      2.9249	     34.6671	    713.5295	   1543.9835	   1294.5169	   1572.2167	    578.1803	    904.3446	    634.5193	    815.3054	     -2.4788	     22.6068	   -217.7997	   -557.0948	    162.6396	   -286.8866	     43.8378	    -25.1346	     46.6652	    -98.3810	     -6.9619	    -16.8164	    -63.1301	    -25.5425	     -4.4089	      6.6575	     -4.7798	    193.1006	   1299.0576	   1468.0428	   2524.7952	   1013.8832	   1857.4397	    361.0509	     47.2544	   -383.6532	    239.2778	   -995.1812	   -182.5398	    -35.1994	   -307.0061	    145.1144	   -160.3659	   -154.7524	    -29.6648	      7.7248	     50.6586	     62.8778	    -80.8079	   -181.5433	   -104.2410	   -458.5279	    300.8015	    273.7144	     -0.6444	     98.1467	    -52.2201	   -124.1477	     49.4627	    -22.1588	     51.9531	     -4.6872	     43.7711	    243.2763	    367.9667	    114.8904	     36.1734	     31.3542	     22.7144	     26.2096	    -28.1974	     17.4354	    -26.7371	     32.3152	    480.5713	    199.8651	    252.4310	    115.5874	     62.6896	     71.7013	     39.4940	     81.8025	     -6.2331	    -27.5985	     43.8288
      0.1448	     22.1153	     57.3112	     39.4309	     28.2363	     24.9298	     21.0341	     16.0908	     16.9296	      8.7871	     12.0715	      8.4469	      1.6579	      2.0084	      3.3571	      3.9007	      2.0542	      2.4244	      1.7834	      1.1134	      0.9475	     -1.6791	      1.5382	      0.2241	     -1.4298	     -9.7994	     -0.0005	      0.6040	      3.8905	      4.4910	      6.7639	      8.6337	      5.5233	      2.4097	      3.6575	      5.8408	      5.8425	     -0.7130	      1.7039	      4.4491	      0.8230	      2.2225	      1.9687	     -1.3230	      1.4066	      2.1593	      1.2052	     -1.4240	      0.2154	     -1.2909	     -1.6091	    -10.5641	      6.7879	     52.7415	   1483.5760	   3016.8090	   3288.0251	   3333.0643	   2613.5015	   2427.1930	   1596.4599	   1477.5661	    397.1246	    410.7256	     65.2904	   -265.2914	    251.9896	   -182.6181	     45.5955	     37.4550	     34.9786	    -55.3794	     29.9836	    -18.9839	    -22.9510	    -21.7977	     -8.2550	    -10.7040	      5.7961	    311.6042	   2693.5145	   4114.3282	   5431.6392	   3979.0386	   3637.5318	   1977.4902	   1331.9424	    448.3293	    718.5144	   -370.5052	    193.8894	    174.4990	   -124.2166	    207.4475	     -1.6344	    -26.6482	     -5.3470	     41.0806	     98.9786	     55.3366	    -35.7388	   -131.2395	    -56.2877	   -280.3621	    382.2437	    300.5007	     80.7956	    112.5580	      1.3439	    -70.9906	     43.6546	     -9.2041	     26.7033	     -2.4837	     40.5841	    322.6868	    434.9307	    179.1057	     97.5621	     76.5842	     31.7684	     15.9917	    -26.4644	     14.0217	     -8.3362	     56.5923	    896.8452	    337.6614	    348.6743	    158.9360	    116.8670	     82.2113	     35.6141	     57.0934	     -1.7651	     -9.7758	     60.7813
      0.1249	     22.7392	     39.4309	     52.1090	     31.1868	     29.0770	     26.1150	     21.1284	     25.7843	     10.6062	     19.2734	     11.2320	      3.9570	     -0.4552	      8.3613	      3.2039	      2.5265	      2.9588	      5.6564	      1.4449	      2.5050	     -2.9347	      1.7932	     -0.4537	     -2.8745	    -13.5239	     -0.0126	     -1.0563	      2.5148	      2.8403	     10.4079	     10.3133	      7.6411	      2.4014	      5.3289	      9.8793	      7.4503	     -0.0956	      3.5907	      6.4718	      2.4921	      2.7957	      3.2906	     -3.0223	      4.1134	      2.4257	      0.6396	     -1.2690	      1.0520	      0.5398	     -3.2845	    -10.2345	      9.6239	     49.4866	   1273.8389	   2924.3076	   3343.1666	   3764.2058	   2913.7317	   2738.7877	   2085.9432	   2092.6990	    997.2967	    696.7732	    230.2022	   -364.8301	    440.2860	   -276.5239	    143.3445	     47.6870	    138.1313	    -43.2581	     18.4769	    -11.7441	    -88.6171	    -34.4138	    -16.9035	    -18.1637	      2.7380	    333.6804	   2476.1100	   4559.0323	   6657.5575	   5221.1343	   5537.5135	   3539.1752	   2838.0543	   1630.1689	   1701.7791	   -289.8579	    484.5448	    657.2809	    -13.5168	    380.0587	    -38.2562	    -41.3900	    103.7397	    153.5620	     95.7122	     98.7049	    -25.3366	   -212.4451	   -105.1172	   -329.8145	    487.4732	    456.5462	     52.8742	    134.7410	    -48.6841	   -134.9990	     62.2917	    -30.6332	     65.9837	     -5.1387	     53.6722	    502.9723	    731.0796	    244.6377	    161.4941	     51.5386	     68.2774	     47.0846	    -13.9786	     28.9829	    -22.4257	     45.0777	   1152.6449	    595.2208	    432.9661	    316.8652	    163.4491	    118.6148	     72.3553	    128.9407	     13.3094	    -19.1987	     98.7321
      0.0399	     14.2073	     28.2363	     31.1868	     31.9358	     27.7416	     28.3483	     20.7410	     22.2833	     15.9120	     18.5176	     14.2249	      8.9208	      5.9772	      9.6153	      6.4564	      5.7040	      5.2372	      4.8362	      2.9932	      2.8474	      1.5572	      1.9915	      1.5626	      0.0533	     -2.3094	     -0.0004	     -0.0820	      3.2916	      3.7977	      8.4637	      8.4743	      8.0990	      6.2757	      7.4084	      8.6781	      6.2763	      3.8670	      5.3876	      6.4326	      3.6872	      3.9136	      3.1779	      0.7158	      3.6681	      2.4214	      2.5621	      1.0867	      1.6681	      0.7861	     -0.6533	     -1.7397	      8.7799	     39.9274	   1066.5907	   2678.6114	   3523.0292	   3810.6441	   3397.6154	   3096.3062	   2385.5219	   2006.2790	   1126.1231	    836.6292	    317.9727	     -6.5946	    301.5516	    -84.0259	     56.8456	      1.1287	     74.9619	    -35.1699	     17.4156	      2.9710	    -35.8491	    -24.7452	    -19.9728	    -27.0151	     26.7151	    260.8352	   2386.2795	   4953.8044	   7204.8016	   6985.3448	   6491.3401	   4833.7577	   3809.8279	   2341.6242	   1702.8300	    495.3150	    529.9486	    542.7863	    -49.2471	    164.5907	     25.3941	    -43.6230	     29.0720	     86.4624	     32.4623	     30.9304	    -13.9123	   -107.1482	    -42.3740	   -190.8184	    504.5262	    349.7411	    119.6644	    139.0531	     14.1258	    -39.2644	     32.6517	    -11.4706	     40.7035	     -9.0382	     17.1797	    558.0990	    565.5910	    241.9382	    179.7025	     77.3786	     56.0007	     10.8529	      2.6496	     25.6686	     18.7359	     35.9746	   1225.5399	    498.6362	    411.0760	    244.0199	    173.6143	    112.7607	     56.2584	     82.1502	     18.4204	      7.3003	     87.1270
      0.0890	     14.3615	     24.9298	     29.0770	     27.7416	     57.9835	     42.6346	     30.7594	     31.0024	     24.7351	     28.2417	     22.6922	     16.1804	     16.8282	     16.9638	     13.5256	      9.6691	     12.7153	      9.7363	      6.1309	      7.8174	      4.8128	      4.4994	      4.7745	      1.4520	     11.8978	     -0.0019	     -0.1025	      6.7044	      5.2202	     10.3174	     11.2863	     10.7852	     10.4749	     11.2245	     13.3030	     11.4635	      9.6556	     10.0913	     10.9009	      7.7175	      5.3068	      6.8641	      4.7073	      6.2864	      5.2061	      5.2396	      3.2089	      4.0462	      2.9144	      0.0420	      6.1236	      4.3305	     43.8875	   1060.2289	   3206.5969	   4389.3916	   4756.0050	   4503.6737	   4422.6419	   3720.9002	   3268.5409	   2121.6514	   1719.2005	   1033.9996	    446.3052	    569.1503	    282.3941	    214.8824	     32.3902	    195.4845	     21.3314	     60.0252	     32.1173	    -39.6544	    -12.8580	     -3.5150	      8.4624	     17.5391	    242.2294	   2997.0374	   6407.8913	  10260.3751	  10895.0807	  10997.2362	   8526.0955	   6759.3408	   5016.1068	   4028.1527	   1960.6739	   1805.4196	   1400.0929	    506.4806	    704.8629	    410.7332	    265.1705	    229.8024	    196.9980	    177.3871	    153.5715	     34.0109	    -64.6762	    -50.4262	    -45.7521	    743.9447	    529.7043	    265.4212	    178.2833	     42.1527	    -24.8154	     54.7374	      7.4680	     45.1344	     -0.8753	     39.3184	   1082.8044	    957.5892	    482.2768	    264.2673	    147.3310	     96.0531	     59.9847	      1.8876	     25.6708	      7.2629	     68.9346	   1490.7671	    787.6992	    611.4162	    332.3276	    215.3911	    147.6715	     89.0883	     81.2255	      9.6237	     -2.6581	    125.7459
      0.0053	      7.3491	     21.0341	     26.1150	     28.3483	     42.6346	     63.1522	     30.9227	     29.2400	     31.3819	     29.5132	     24.4592	     17.5879	     18.1030	     14.9620	     15.9593	     13.8102	     11.8480	      8.6613	      8.3404	      4.5713	      6.4452	      4.2775	      5.0101	      3.9757	     16.1554	      0.0079	      1.6495	     10.0717	      6.1747	      9.4921	     10.6598	     12.7193	     12.6435	     14.3532	     12.5931	     11.6412	     10.4876	     10.7629	     10.9437	      5.7568	      8.6405	      5.3749	      6.5302	      7.5060	      4.1338	      6.3036	      4.0670	      2.6342	      2.1127	      1.1380	     12.0391	     13.3601	     46.2223	    901.6552	   3000.1036	   4585.0507	   4766.1730	   5095.8400	   4671.8192	   3682.9975	   3214.2413	   2323.4497	   1783.2968	   1225.8566	    668.7525	    621.4034	    291.6016	    165.6872	     -8.8566	    151.7232	     36.5021	     73.2721	     29.1029	     11.0731	    -20.1552	    -17.4275	    -43.3148	     42.2263	    262.5358	   2668.7882	   6646.5218	  10652.3971	  11951.1356	  10784.3284	   9340.3793	   7273.6220	   5330.8933	   3947.5606	   2183.5081	   1821.8201	   1355.8891	    372.6340	    532.7416	    386.5410	    190.2685	    172.3371	    172.3551	    140.9669	    103.0699	     61.1136	    -20.6985	     23.6049	     50.6720	    728.0510	    503.2176	    333.4077	    229.4091	     97.8972	     27.2627	     25.1168	     16.7278	     21.6078	    -10.5078	     32.9872	   1085.8944	    916.4178	    489.6904	    294.6494	    170.3301	     97.8547	     23.9622	     19.6950	     39.3707	     33.1484	     63.6400	   1600.7279	    676.1717	    464.3028	    284.9438	    241.4592	    132.5810	     41.5080	     47.9655	     33.6109	     21.7231	    101.0994
      0.0577	      7.3898	     16.0908	     21.1284	     20.7410	     30.7594	     30.9227	     29.1506	     23.9017	     22.1359	     25.3386	     19.1372	     14.4780	     15.1333	     14.1642	     12.5085	     10.4098	     11.0240	      9.5117	      7.2490	      6.0822	      5.3033	      4.3215	      4.6707	      2.6928	     15.8986	     -0.0005	      0.5917	      5.9608	      4.0281	      7.7231	      9.4369	      9.7560	     10.2663	     11.0902	     11.7933	     10.9506	      9.9628	      9.7165	     10.0820	      7.1322	      6.5987	      6.0501	      6.3457	      6.1976	      4.5508	      5.4439	      3.3495	      3.5478	      3.1868	      1.1943	     12.8208	      4.9740	     21.8390	    746.7940	   2269.8477	   3417.2438	   3799.8263	   4009.4581	   3775.8667	   3118.2891	   2716.8814	   1914.0786	   1547.0407	    978.1769	    512.6201	    549.5429	    244.8973	    193.9140	     92.7374	    145.2967	     42.7404	     47.6714	     27.8878	    -15.8576	     -1.2615	     -0.7631	      1.5634	     17.1188	    202.8779	   2146.1283	   5162.3667	   8080.8223	   8904.9857	   8777.6857	   7473.8525	   6293.8437	   4717.4011	   3726.3197	   2116.1377	   1782.6546	   1380.5942	    649.6039	    655.6535	    416.5552	    282.3396	    231.0696	    188.1370	    157.9459	    119.9030	     72.1308	     -7.0044	     -8.4887	    134.7759	    711.6914	    546.7049	    307.3134	    182.1395	     69.4667	     17.0798	     45.0340	     12.7835	     29.4569	      1.2473	     40.4237	   1170.1506	   1004.3934	    565.2221	    324.8794	    169.2624	    100.8369	     64.3055	     19.3341	     26.3182	     23.2695	     78.2800	   1258.8554	    688.1133	    478.9863	    292.3936	    185.7042	    111.9515	     63.4073	     56.6944	     13.8997	      6.2292	    106.7950
      0.0451	     11.8407	     16.9296	     25.7843	     22.2833	     31.0024	     29.2400	     23.9017	     32.0445	     17.5953	     24.6015	     17.0120	     13.4557	      9.1373	     15.7043	      9.8302	      8.3856	      9.5461	      9.2954	      5.5098	      6.4616	      2.1106	      4.6457	      2.8839	      0.6548	      6.6746	     -0.0088	     -0.7186	      3.0854	      3.0244	      9.2880	     10.3732	      9.3479	      8.0825	      9.3784	     13.1020	     10.6493	      7.3056	      8.2965	      9.6181	      6.8554	      6.5877	      7.0980	      2.7384	      6.7814	      5.4067	      3.9859	      2.0538	      3.6739	      2.2000	      0.1198	      7.2725	      5.3483	     32.5431	    743.1874	   2366.1812	   3211.5627	   3883.1139	   3599.5220	   3635.9698	   3109.2005	   2841.9554	   1844.4029	   1440.2181	    904.0195	    188.3714	    591.4607	    124.6797	    241.2331	    105.4295	    193.6722	     23.7738	     44.5463	      4.2411	    -49.3749	    -10.2198	     -6.0684	     26.2847	      0.9646	    244.7574	   2211.5780	   4852.8005	   8084.8330	   8277.9388	   8897.3009	   7102.3967	   5917.5080	   4422.9222	   3785.6045	   1691.3925	   1694.6199	   1523.2285	    638.3664	    764.2088	    326.3472	    239.2644	    266.1541	    238.8018	    166.1628	    176.7407	     40.3857	    -87.5893	    -27.0591	    -30.7525	    712.0150	    610.3339	    253.9842	    203.4196	     34.5605	    -49.0581	     65.4375	     -4.8650	     61.1379	      5.0064	     66.2539	   1177.7138	   1114.8404	    582.6361	    355.4513	    158.1171	    118.8997	     82.3653	     12.3049	     35.9826	     -3.3050	     89.3433	   1389.0845	    812.6479	    569.3817	    378.5712	    213.1126	    139.4237	     89.0325	    104.4008	     19.9015	     -5.4757	    125.9635
     -0.0025	     -0.2939	      8.7871	     10.6062	     15.9120	     24.7351	     31.3819	     22.1359	     17.5953	     29.4786	     21.7853	     19.7570	     16.1462	     19.4441	     12.4967	     15.0986	     13.8062	     11.8207	      8.5033	      9.1490	      4.9339	      8.8972	      5.0736	      6.3877	      5.3015	     27.9240	      0.0111	      2.1817	      7.3278	      4.7116	      5.1586	      6.4752	      9.2912	     12.4377	     13.2354	      9.3516	      9.4323	     11.3846	     10.9986	      9.1631	      6.1900	      8.1594	      5.4471	      9.5790	      6.4169	      4.3232	      7.1786	      5.1778	      3.1994	      2.7052	      4.0300	     23.2308	      4.7790	     13.3800	    531.6242	   1858.9896	   3158.8328	   3317.8058	   4090.6095	   3688.4029	   2933.5436	   2396.4260	   1932.5996	   1596.6600	   1149.0976	    871.5964	    516.7467	    458.7601	    125.6131	     69.6351	     65.3919	     76.1588	     54.5372	     37.6784	     54.1285	      8.5428	     -3.0623	    -23.2464	     33.5249	    126.1942	   1754.3990	   4675.8989	   7410.6049	   9088.3494	   8048.7494	   7657.5047	   6298.5433	   4864.8985	   3447.2633	   2748.9244	   1864.6605	   1299.0650	    677.1604	    480.6271	    541.3464	    308.6546	    209.7616	    168.4540	    134.2473	     43.0731	    115.9431	    109.0967	     80.7982	    343.7000	    733.8311	    547.1364	    424.4364	    219.6994	    147.6867	    111.5444	      7.4668	     34.7228	     -8.8715	     -1.8823	     20.5048	   1222.0514	    967.1496	    635.2001	    336.2718	    183.7056	     81.9563	     42.9382	     38.9051	     31.0189	     65.1730	     85.9270	   1373.0024	    663.1196	    433.2887	    213.0529	    184.6179	     66.8009	     21.5493	      0.7063	     30.0842	     37.3053	     86.1570
      0.0679	      6.7406	     12.0715	     19.2734	     18.5176	     28.2417	     29.5132	     25.3386	     24.6015	     21.7853	     31.6888	     19.2628	     13.8859	     15.2379	     15.1929	     13.1823	     10.7072	     11.7697	     10.6448	      7.7577	      6.0518	      5.1086	      4.1962	      4.9891	      2.5417	     15.5055	     -0.0026	      0.4305	      5.3667	      3.4687	      7.7047	      9.8703	      9.7948	     10.5026	     11.3234	     13.0237	     11.9499	      9.9839	     10.3250	     11.1683	      7.1850	      7.0027	      6.4891	      6.1102	      6.8111	      4.8497	      5.8445	      3.1371	      3.8596	      3.6066	      0.9785	     12.3938	      4.6840	     17.1510	    619.7427	   2042.3606	   3141.7749	   3594.5306	   3879.3280	   3700.7163	   3072.5619	   2804.0973	   1964.1335	   1640.4309	   1027.8237	    468.1236	    653.1326	    222.9201	    212.3392	    106.1382	    156.5168	     28.3739	     41.4347	     21.6609	    -30.2898	      0.1300	      0.2205	     -6.5151	     11.2149	    218.5409	   2028.7668	   4950.2432	   8081.3755	   8728.9450	   8958.8436	   7687.8940	   6614.8991	   4919.8035	   4015.3305	   2127.6091	   1848.8236	   1500.3123	    665.5375	    695.0696	    441.2606	    282.6406	    246.4501	    190.1723	    174.3990	    120.9407	     61.0143	    -14.5668	    -21.2523	    128.1659	    754.6774	    599.5254	    323.7944	    192.8132	     65.2588	      4.1040	     53.0283	     12.3365	     36.3349	      2.3379	     49.7050	   1276.2837	   1110.0284	    632.0609	    340.0522	    171.1345	    102.3033	     78.4340	     17.2150	     25.7851	     22.1231	     84.4253	   1258.5912	    686.8218	    480.1963	    313.3177	    183.5925	    108.4659	     56.2322	     65.9758	     17.3788	      2.7112	    115.8686
      0.0215	      3.1238	      8.4469	     11.2320	     14.2249	     22.6922	     24.4592	     19.1372	     17.0120	     19.7570	     19.2628	     19.9870	     14.3939	     15.8489	     12.0903	     12.3172	     10.2884	     10.0888	      7.2349	      6.7631	      5.4840	      6.1072	      3.9164	      5.1170	      3.5403	     18.6737	      0.0054	      1.1461	      4.7860	      3.8524	      5.2680	      6.8925	      7.4567	      9.9129	     10.4927	      9.1112	      8.4019	      9.6310	      8.8691	      8.8862	      6.1989	      6.2664	      4.9475	      6.7861	      5.1718	      4.2218	      5.6213	      4.0128	      3.3908	      2.3389	      2.3867	     14.7777	      2.4866	     14.1385	    507.0940	   1694.6462	   2702.3118	   2931.6935	   3299.5798	   3180.8458	   2615.2860	   2142.4985	   1592.6185	   1329.6365	    884.3393	    571.1515	    435.4215	    344.1116	    136.1719	     66.3655	     88.0232	     41.7327	     37.2929	     24.8926	     23.6126	      8.0180	      1.2278	     12.4685	     22.3117	    132.9159	   1669.4616	   4019.8647	   6442.4675	   7478.8334	   7133.1399	   6364.7587	   5226.9645	   3967.4809	   3006.2280	   2092.0389	   1575.3320	   1112.9699	    579.1515	    511.1953	    437.6881	    247.2063	    184.0926	    146.4142	    124.7414	     83.5700	     70.9038	     62.4692	     40.6296	    165.1942	    646.7875	    478.3843	    323.0493	    186.7858	     96.3878	     55.2567	     20.9231	     22.7097	     11.9279	     -0.3777	     26.3897	   1089.5836	    836.4648	    535.2265	    290.9518	    162.0863	     75.2984	     42.6830	     23.7500	     27.4219	     39.5247	     71.5618	   1159.5500	    607.5806	    441.2166	    213.3326	    166.1931	     87.8398	     43.9381	     25.0666	     17.2194	     17.4991	     81.0392
     -0.0461	     -2.1878	      1.6579	      3.9570	      8.9208	     16.1804	     17.5879	     14.4780	     13.4557	     16.1462	     13.8859	     14.3939	     21.4475	     15.1660	     13.2304	     10.9186	     10.4750	      9.8734	      7.1793	      7.2851	      7.0911	      7.4196	      4.7178	      5.0679	      5.1991	     28.3480	      0.0067	      0.6652	      5.4200	      3.5470	      4.2010	      4.3069	      6.2629	     10.1305	      9.7428	      7.3075	      6.8633	     12.3068	      8.6682	      6.7838	      7.9428	      7.5704	      5.7808	      8.3357	      4.9404	      4.6194	      5.2493	      5.5249	      4.6548	      3.4101	      4.8336	     27.2507	     -1.7354	      0.3085	    265.2483	   1147.5207	   2201.1580	   2394.5055	   3026.7725	   2945.4118	   2606.2747	   1872.8929	   1707.6604	   1280.6119	   1034.0797	    777.8672	    307.4550	    537.5028	    177.3526	    125.8238	    121.2775	    114.8863	     30.3067	     33.4040	     36.9324	     32.6915	     10.9216	     67.2337	     12.1561	     47.8534	   1226.0126	   3526.6738	   5208.2346	   6812.3402	   6420.3692	   6079.5347	   5049.3779	   4137.1751	   3075.1000	   2676.5328	   1827.3927	   1311.4979	    986.5960	    600.3657	    556.7481	    396.7293	    285.1144	    178.3323	    130.7332	    136.2380	    116.1178	    155.1216	    104.1015	    388.9569	    560.3494	    420.3163	    349.0817	    154.0467	    113.9787	     95.4686	      5.7257	     37.7891	      3.3621	     10.0812	     26.0999	   1183.7520	    778.4071	    556.2207	    327.9468	    154.1564	     91.6874	     46.8751	     46.9205	     21.9327	     35.1971	     57.9594	    947.6590	    658.3609	    385.6738	    201.6077	    128.0938	     73.5323	     60.1803	      3.2046	     19.6728	     30.7242	     64.7556
      0.0069	     -3.9832	      2.0084	     -0.4552	      5.9772	     16.8282	     18.1030	     15.1333	      9.1373	     19.4441	     15.2379	     15.8489	     15.1660	     22.9679	     10.3035	     13.5061	     11.3292	     11.4226	      7.6775	      8.3378	      5.9555	      9.4608	      4.5192	      6.6239	      5.9212	     33.1483	      0.0122	      2.0722	      6.6618	      3.8705	      2.3440	      3.6484	      5.8686	     11.0949	     10.2641	      6.5249	      7.5281	     12.7916	      9.6360	      7.8056	      7.2662	      6.4810	      5.1796	     10.4069	      4.5082	      4.0678	      6.5783	      5.5744	      3.9612	      3.6262	      4.9392	     26.0271	     -2.9475	     -5.9365	    279.8769	   1025.6073	   2101.7561	   2082.8912	   2969.2235	   2709.8446	   2294.0946	   1716.2419	   1553.4866	   1359.6636	   1006.6597	    974.8075	    350.5123	    580.7481	    122.5134	    102.6178	     55.2245	    100.7692	     45.6097	     41.9029	     61.0759	     30.4489	     14.4182	     19.1840	     20.3399	     11.9752	   1155.5544	   3225.8070	   4833.6123	   6618.4896	   5979.1848	   5901.9207	   5057.8827	   4146.4854	   2969.2255	   2848.4421	   1816.6416	   1130.4492	    870.7055	    517.6738	    631.9387	    424.9672	    232.7919	    135.1530	    141.5515	     61.5280	    120.3231	    193.3388	     88.7948	    471.8780	    616.0082	    440.9066	    414.4399	    145.5496	    142.9415	    144.8947	      2.6794	     49.0428	    -24.1707	      7.3561	      6.6103	   1215.3885	    818.9749	    616.1857	    310.1630	    182.6123	     70.7130	     46.0878	     38.1871	     13.1105	     56.3350	     69.7759	    940.5095	    579.7663	    374.0593	    150.0053	    119.2429	     46.2406	     30.9634	    -30.7262	     13.0804	     32.3144	     66.1839
      0.0055	      2.3793	      3.3571	      8.3613	      9.6153	     16.9638	     14.9620	     14.1642	     15.7043	     12.4967	     15.1929	     12.0903	     13.2304	     10.3035	     14.9735	      8.1725	      7.4876	      8.5274	      7.6316	      5.4200	      6.1577	      4.4328	      4.2501	      3.6779	      2.6667	     18.0103	     -0.0023	     -0.1927	      2.6580	      2.1388	      4.9197	      5.0088	      5.5327	      7.3984	      7.1153	      8.2711	      6.9421	      8.4756	      7.3021	      6.6778	      6.6348	      5.6221	      5.8152	      4.9874	      5.0028	      4.4681	      3.9724	      3.5248	      3.8789	      2.8757	      2.5598	     17.3777	     -1.0328	      6.6771	    279.7865	   1130.0398	   1817.1737	   2202.8709	   2387.3466	   2407.2929	   2224.9975	   1844.4627	   1472.7558	   1167.7412	    832.8242	    459.2904	    394.6018	    330.7172	    191.5138	    110.6782	    139.2366	     70.7471	     30.1048	     18.8649	     -6.1516	     15.6625	      5.8592	     49.0586	      0.1533	     80.0934	   1188.2678	   2944.6414	   4739.3221	   5524.0451	   5913.2160	   5160.0122	   4400.5119	   3578.2989	   2873.5607	   1967.3791	   1516.2697	   1260.2251	    783.5426	    614.9876	    427.4219	    310.4832	    264.0601	    200.6543	    131.9472	    133.8747	     74.4813	     52.5121	     38.4229	    222.9037	    520.5279	    427.9830	    256.9305	    138.9379	     62.6112	     30.0404	     32.3789	     16.2504	     26.2664	      9.2682	     35.1485	   1027.6582	    811.2947	    509.3047	    296.5418	    129.2927	     88.6120	     64.9191	     28.0987	     22.1543	     14.8791	     64.5814	    851.2095	    587.5815	    375.9109	    232.0404	    124.3117	     77.8474	     60.3323	     44.1699	     16.3577	      9.1779	     81.1853
      0.0182	     -0.7288	      3.9007	      3.2039	      6.4564	     13.5256	     15.9593	     12.5085	      9.8302	     15.0986	     13.1823	     12.3172	     10.9186	     13.5061	      8.1725	     12.4603	      8.4383	      8.2911	      5.7750	      6.2510	      4.1017	      5.7103	      3.7694	      4.5203	      3.8159	     20.8335	      0.0061	      1.4988	      4.5291	      2.8911	      2.3370	      4.0181	      4.9563	      7.6336	      7.8228	      6.0611	      6.7751	      8.0954	      7.0949	      6.4918	      4.7431	      5.5598	      4.0537	      6.8577	      4.3232	      3.5344	      4.9440	      3.6031	      2.6794	      2.0187	      2.9978	     17.0197	      0.2723	      4.0000	    256.1565	    935.4586	   1655.9302	   1744.3091	   2285.6306	   2180.9372	   1810.9261	   1493.0998	   1237.2616	   1090.6899	    818.9292	    618.0609	    376.8602	    382.0130	    127.2396	     82.4691	     66.4667	     65.8329	     41.6205	     20.2281	     42.5148	     16.7351	      7.5309	     16.6520	     12.2287	     58.3046	    972.7441	   2463.8066	   4029.9193	   5060.0080	   4796.2185	   4674.5807	   3915.4030	   3188.9100	   2463.2389	   2000.3569	   1455.1461	    996.9867	    655.9765	    498.6524	    464.2635	    296.0248	    191.9537	    139.0827	    130.2480	     77.1652	     85.5316	    107.4794	     65.1364	    277.8450	    481.6492	    368.1137	    299.5340	    140.3691	    102.8964	     79.4730	     13.6123	     29.0832	     -5.8265	      3.9246	     22.8411	    916.1717	    682.2006	    480.0925	    252.4594	    149.6605	     62.4411	     43.2053	     23.6889	     19.8215	     33.9603	     71.8194	    784.9913	    453.5905	    304.3676	    142.3867	    111.8325	     49.6165	     20.7875	     -5.1945	     14.3880	     16.4084	     54.9129
     -0.0172	     -2.7070	      2.0542	      2.5265	      5.7040	      9.6691	     13.8102	     10.4098	      8.3856	     13.8062	     10.7072	     10.2884	     10.4750	     11.3292	      7.4876	      8.4383	     11.1262	      6.7939	      5.5061	      6.1283	      3.7736	      5.7732	      4.0396	      3.9699	      3.8341	     22.4394	      0.0057	      1.1628	      4.1548	      2.4328	      2.5219	      2.5378	      4.5779	      7.4264	      7.4572	      4.9903	      5.3467	      7.5166	      6.4038	      5.0887	      4.1384	      5.9153	      3.9980	      6.5346	      4.4332	      3.1650	      4.4477	      3.5643	      2.5051	      1.9442	      3.8080	     20.5840	      0.4867	      1.7800	    160.0597	    732.5601	   1361.1518	   1496.1067	   2052.2299	   1874.6911	   1561.8672	   1252.2509	   1117.7371	    932.5917	    790.3711	    600.3338	    297.7694	    361.7379	    112.2651	     90.4028	     49.2113	     83.7018	     38.6798	     24.0019	     43.1763	     16.1193	      3.6415	     11.6187	      9.1655	     35.7060	    765.4185	   2173.2275	   3456.2553	   4578.4292	   4074.9686	   4131.1328	   3498.5017	   2922.9951	   2149.3258	   1928.4089	   1288.2785	    964.5278	    654.5545	    390.1046	    412.4825	    285.6787	    200.8099	    143.7468	    107.2866	     54.8648	    105.4679	    103.4471	     83.6453	    345.8932	    387.4752	    318.4906	    266.7802	    133.7633	    104.7304	     82.5930	      1.3500	     26.2251	     -9.7292	      6.9923	     23.6538	    801.4705	    608.9008	    435.6474	    245.3614	    119.6752	     64.9408	     42.5319	     33.9507	     18.5090	     38.0062	     65.7238	    697.3899	    405.1857	    235.0342	    130.8910	    101.0489	     25.4494	     16.5238	     -8.1364	     19.8060	     28.5367	     54.2162
      0.0228	      0.2026	      2.4244	      2.9588	      5.2372	     12.7153	     11.8480	     11.0240	      9.5461	     11.8207	     11.7697	     10.0888	      9.8734	     11.4226	      8.5274	      8.2911	      6.7939	      9.7892	      5.8803	      5.2382	      4.7084	      4.9763	      3.5054	      3.9712	      2.9653	     18.9515	      0.0025	      0.6755	      3.2511	      2.0643	      2.4954	      3.5304	      4.2859	      6.6762	      6.2690	      5.8495	      5.9584	      7.5891	      6.4752	      5.6996	      5.2979	      4.6084	      4.4305	      5.9172	      3.7871	      3.4742	      4.0634	      3.3149	      2.9394	      2.4679	      2.6086	     16.0256	     -1.8410	      0.6189	    202.7335	    772.5593	   1340.9085	   1507.2699	   1882.1688	   1849.3088	   1645.9391	   1368.7373	   1127.0135	    977.5154	    718.5947	    522.1424	    320.2295	    340.1372	    134.3268	     90.8215	     79.2624	     64.0022	     31.4785	     23.3661	     18.2680	     17.1873	     10.3469	     26.8096	      3.6520	     39.4043	    863.5321	   2151.8291	   3476.7871	   4347.2656	   4423.1860	   4102.4883	   3554.5101	   2949.6880	   2345.2555	   1829.8949	   1345.7962	    973.3585	    666.6847	    490.1107	    421.5055	    299.9608	    206.4101	    139.1762	    125.4626	     85.7751	     78.3751	     83.4059	     41.0344	    261.2247	    453.5656	    361.7562	    267.6221	    120.4165	     79.4798	     60.3809	     21.0615	     23.5188	      3.2365	      7.8088	     25.1385	    904.7422	    687.7037	    471.4723	    246.7229	    131.6747	     68.3631	     55.1168	     23.9170	     15.0047	     23.6614	     65.5078	    646.3150	    430.5716	    284.8732	    145.7779	     92.0101	     45.6690	     33.4449	      7.7334	      9.2723	     11.9564	     58.8647
      0.0365	      0.3052	      1.7834	      5.6564	      4.8362	      9.7363	      8.6613	      9.5117	      9.2954	      8.5033	     10.6448	      7.2349	      7.1793	      7.6775	      7.6316	      5.7750	      5.5061	      5.8803	      8.2764	      4.3895	      4.1826	      3.4556	      3.5431	      2.7910	      1.8769	     16.8842	     -0.0041	     -0.0145	      2.3265	      0.9159	      3.1986	      2.5794	      3.5168	      4.8927	      4.7724	      5.4664	      5.4500	      5.8528	      5.3926	      4.7552	      4.4704	      3.8322	      4.2343	      4.2940	      4.0905	      2.8437	      2.9932	      2.3071	      2.5894	      2.9613	      2.0570	     15.5205	     -1.8537	     -1.2733	    127.2229	    525.6056	    879.4438	   1135.5719	   1391.2393	   1294.3410	   1249.1801	   1172.2465	   1014.6485	    838.1376	    637.9699	    407.7787	    334.1060	    249.8847	    160.2329	    103.9372	     99.5616	     77.0552	     28.7825	     23.1572	     -9.1874	     12.4706	      8.5407	     21.4219	     -6.7888	     20.3284	    543.4350	   1559.7949	   2514.5827	   3047.3208	   3387.7713	   3136.2571	   2897.8432	   2544.2721	   2100.1616	   1474.1601	   1165.9400	    994.6629	    680.5580	    500.2451	    367.8159	    299.8091	    240.0098	    183.7890	    122.9470	     85.5903	     86.0214	     48.1981	     17.6851	    288.0136	    347.1284	    321.5072	    187.5936	     80.7109	     40.3834	     29.3977	     26.4137	     13.0537	      9.5085	     10.1085	     25.2883	    738.3374	    646.5262	    396.8122	    216.0084	     85.1728	     65.4500	     67.2055	     23.3481	     11.3660	     10.3264	     55.0114	    453.9844	    383.0200	    198.2901	    158.2004	     65.6891	     28.2161	     31.2372	     26.2493	      9.9025	      3.5126	     62.0777
      0.0027	     -2.4580	      1.1134	      1.4449	      2.9932	      6.1309	      8.3404	      7.2490	      5.5098	      9.1490	      7.7577	      6.7631	      7.2851	      8.3378	      5.4200	      6.2510	      6.1283	      5.2382	      4.3895	      6.3882	      2.9291	      4.1149	      2.9775	      2.8709	      2.9267	     17.6857	      0.0032	      0.8747	      3.3842	      1.5737	      1.4191	      1.7462	      3.1247	      5.0214	      4.9520	      3.7234	      4.4808	      5.8549	      4.9592	      3.6655	      3.4137	      4.1730	      3.0575	      5.1705	      3.3640	      2.2589	      3.1750	      2.5404	      2.0156	      1.9703	      2.7286	     16.1805	     -0.5556	     -3.9721	     94.3551	    413.2799	    866.1595	    933.0307	   1411.9204	   1254.2003	   1073.0985	    871.6023	    842.3037	    700.0521	    596.1394	    477.9266	    239.7885	    277.9089	    101.1981	     85.5574	     51.8176	     74.4285	     28.3053	     17.8906	     27.5262	     16.6964	      7.1961	     13.6036	      2.9118	     16.1472	    466.7874	   1469.2131	   2182.9279	   2973.3086	   2716.1086	   2874.0238	   2527.2438	   2179.8345	   1657.2129	   1480.2884	   1033.4840	    757.1368	    571.9203	    352.0254	    339.3679	    253.9746	    171.9609	    115.5229	     94.8090	     53.0161	     84.4796	     89.8162	     57.6560	    294.8806	    271.0634	    229.2484	    197.4549	     77.1073	     70.7549	     63.8976	      5.4366	     21.5246	     -8.8067	      6.9612	     17.7504	    602.4974	    453.0628	    326.6196	    177.4204	     89.6633	     49.3197	     37.5765	     23.9549	     10.1998	     21.7551	     47.6091	    456.2826	    328.6483	    175.0137	    110.4961	     67.8313	     21.5825	     15.8737	     -7.6437	     12.2863	     15.9690	     39.4482
      0.0226	      1.0014	      0.9475	      2.5050	      2.8474	      7.8174	      4.5713	      6.0822	      6.4616	      4.9339	      6.0518	      5.4840	      7.0911	      5.9555	      6.1577	      4.1017	      3.7736	      4.7084	      4.1826	      2.9291	      6.6918	      2.5180	      2.5408	      2.2591	      1.3185	     12.5118	     -0.0021	     -0.3293	      1.2417	      1.0825	      2.0184	      2.0993	      2.3037	      3.6208	      3.2476	      3.8278	      3.7080	      4.6734	      4.1748	      3.2524	      4.0690	      2.7781	      3.4992	      3.5226	      2.6780	      2.5327	      2.2083	      2.1522	      2.5887	      2.1149	      1.8123	     11.5281	     -4.0153	     -1.6248	    106.9685	    457.4504	    650.0991	    854.9525	    935.9039	   1041.8834	   1026.7267	    828.1388	    697.9005	    560.9524	    468.0053	    280.9917	    169.6339	    241.1335	    120.7025	     84.7032	     71.9012	     57.1433	     12.5906	     21.8337	     -1.3276	     16.8918	     12.4318	     45.6501	     -6.5089	     10.5044	    534.6849	   1241.8176	   1907.7301	   2355.8804	   2647.0563	   2279.4395	   1996.7555	   1797.2993	   1539.3647	   1162.2402	    920.6671	    706.0633	    560.9184	    393.4171	    285.1243	    233.4387	    179.6367	    117.2456	     97.6786	     86.8082	     64.2975	     45.7530	     20.0473	    177.8536	    267.6700	    226.1509	    144.2590	     75.1336	     38.1815	     22.7768	     17.1971	     14.5280	      9.6906	      9.8566	     27.7169	    588.5062	    434.6815	    293.9539	    154.0872	     70.6744	     52.2397	     52.1237	     19.0581	      8.8095	      6.0750	     43.9632	    411.5298	    368.5350	    239.7583	    133.6744	     66.5387	     38.2996	     44.8425	     17.1748	      2.4756	      6.1421	     48.4114
     -0.0289	     -4.4784	     -1.6791	     -2.9347	      1.5572	      4.8128	      6.4452	      5.3033	      2.1106	      8.8972	      5.1086	      6.1072	      7.4196	      9.4608	      4.4328	      5.7103	      5.7732	      4.9763	      3.4556	      4.1149	      2.5180	      6.6324	      2.2007	      3.1749	      3.3640	     19.2439	      0.0079	      0.9317	      3.1198	      1.6122	      0.6112	      0.1242	      2.3732	      5.3952	      4.5536	      1.9905	      2.2190	      6.3691	      4.5339	      2.5780	      3.5201	      3.2357	      2.2984	      5.4594	      2.0037	      1.5821	      3.1453	      3.1833	      1.9700	      2.0664	      3.3885	     16.7413	     -1.9707	     -7.8455	     44.8611	    261.1092	    790.3987	    742.2660	   1284.1589	   1045.5628	    919.9657	    580.0727	    658.2460	    557.5192	    436.4751	    524.0354	     90.0581	    306.3789	     28.2475	     48.6982	      4.0673	     63.3395	     16.5130	     24.8657	     35.8107	     18.2708	      4.4464	      1.7040	     12.1318	    -34.2199	    330.5750	   1268.4114	   1715.9001	   2814.0367	   2271.8355	   2447.7839	   2168.5370	   1813.2973	   1110.0442	   1429.1811	    724.8008	    465.1835	    411.6510	    127.4073	    290.9959	    200.1320	    102.3162	     59.0313	     38.0615	     -4.3659	     69.9891	    116.8529	     60.9274	    312.2017	    226.7568	    146.3649	    184.8805	     50.7727	     76.8406	     93.9843	    -10.8415	     26.1906	    -19.9748	      4.3379	     -8.9252	    487.8340	    296.2708	    256.1545	    139.9341	     66.9427	     29.3878	     15.5869	     28.0616	      2.8694	     38.2979	     24.3374	    380.0484	    224.9040	    127.4968	     48.8987	     42.5174	      2.7612	      9.2522	    -24.5046	     10.5163	     26.9229	     27.4032
