      0.0520	      0.0288	      0.0376	      0.0444	      0.0257	      0.0846	      0.0064	      0.0531	      0.0505	     -0.0045	      0.0679	      0.0197	     -0.0430	      0.0070	      0.0054	      0.0186	     -0.0177	      0.0228	      0.0365	      0.0027	      0.0225	     -0.0289	      0.0102	      0.0072	     -0.0278	     -0.0425	     -0.0001	     -0.0000	      0.0117	     -0.0025	      0.0063	      0.0391	      0.0032	     -0.0188	     -0.0121	      0.0297	      0.0546	     -0.0301	      0.0108	      0.0340	     -0.0043	     -0.0217	      0.0101	      0.0030	      0.0139	      0.0106	      0.0085	     -0.0209	     -0.0017	      0.0092	     -0.0310	     -0.0816	     -0.0336	      0.0942	      3.6457	      6.2048	      0.5358	      2.5312	     -1.4490	      1.2864	      1.4592	      6.8177	      2.8710	      4.8401	      3.0806	     -0.6201	      4.1350	     -0.2202	      1.6716	      0.7618	      0.8176	     -0.0061	      0.2000	      0.1873	     -0.3305	     -0.0183	      0.2214	      0.2655	     -0.2386	      1.0670	      7.8399	      3.9785	      7.1469	     -6.0168	      5.0452	      0.1299	      1.3829	      4.3650	     11.0176	     -1.4659	      6.4373	      5.0295	      3.1068	      5.8479	      1.8049	      1.3602	      1.2355	      1.3312	      1.6788	      0.9448	      0.3302	     -0.8697	     -0.9410	     -0.8220	      1.5064	      1.7966	     -0.1680	      0.2767	     -0.5197	     -0.8071	      0.5972	     -0.1539	      0.1973	      0.0300	      0.4255	      1.5016	      3.1750	      1.1136	     -0.0764	      0.2936	      0.0600	      0.7593	     -0.3023	      0.0329	     -0.3411	      0.6765	     -1.5158	      0.6296	      0.9061	      0.4234	      0.0600	      0.1692	      0.0379	      0.3410	     -0.2687	     -0.5531	      0.2675
      0.0288	      2.3998	      1.6581	      2.8939	      2.2071	      3.9201	      2.1567	      2.3711	      3.4518	      0.6176	      2.4862	      1.2931	     -0.1890	     -0.1737	      0.9303	      0.3607	     -0.4473	      0.5798	      0.4131	     -0.3823	      0.4641	     -0.8611	     -0.1788	      0.0275	     -0.9090	     -4.2810	     -0.0022	      0.0650	      0.3937	      0.1124	      1.0166	      1.7278	      0.7304	     -0.1858	      0.2721	      1.3848	      0.9958	     -0.6674	      0.2479	      1.1373	      0.3644	     -0.0906	      0.3732	     -0.8077	      0.1857	      0.4932	     -0.0506	     -0.3966	      0.0697	     -0.1736	     -0.9394	     -4.5721	      0.4668	      6.7105	    153.2294	    356.0378	    317.3521	    405.9538	    192.7587	    292.0515	    223.1815	    276.1750	     70.1475	     65.2832	    -12.8956	   -102.4446	     71.2962	    -54.1833	     19.0073	     -2.9860	     13.9940	    -25.1139	     -1.9694	     -1.8977	    -15.2613	     -5.2173	      0.8123	      1.1088	     -0.3377	     46.4859	    298.7295	    368.1955	    710.6277	    406.1701	    670.8106	    329.2362	    234.7178	     95.4859	    230.0292	   -130.2363	     48.8547	     34.1441	    -45.4442	     69.4754	    -16.4877	    -26.3742	      2.1634	      2.3711	     21.1474	     19.1954	    -17.6305	    -41.5134	    -27.6383	   -109.2253	    158.6374	    146.1483	     47.7030	     42.5739	     -5.3975	    -26.4653	     14.6902	     -2.6593	     13.3599	     -1.2611	     14.1618	    201.3210	    211.1994	    103.1489	     34.9482	     24.0877	     11.1765	     11.8225	     -5.3009	      6.2546	     -4.7404	     12.7516	    223.9174	    131.6417	    111.4814	     49.3077	     24.8753	     23.0955	     13.2501	     21.1349	     -0.6779	     -6.6029	     15.3575
      0.0376	      1.6581	      6.2417	      6.1667	      6.1812	      8.1384	      7.6985	      5.8038	      8.0522	      2.1842	      5.1685	      2.9608	      0.5682	     -0.8209	      1.8457	      0.8729	      0.0560	      0.6097	      0.5273	     -0.2853	      0.4554	     -1.6332	      0.1663	     -0.4011	     -1.1856	     -7.7998	     -0.0029	      0.1139	      1.2299	      0.6994	      2.6210	      3.4027	      2.2348	      0.3984	      0.9249	      2.8074	      2.1893	     -0.8158	      0.4248	      1.9258	      0.2697	      0.7653	      0.8115	     -1.4959	      0.7593	      0.8191	      0.0625	     -0.8257	      0.0640	     -0.5773	     -1.4170	     -6.9850	      3.2654	     20.2837	    415.2085	    940.2644	    981.6432	   1110.0452	    726.1164	    798.4155	    559.3608	    580.9744	    143.0341	    125.1411	    -10.2283	   -208.8357	    108.4312	   -120.1689	     30.2824	      1.4173	     29.9707	    -37.0913	      6.8544	    -11.2054	    -21.6121	    -12.8985	     -5.0590	      0.5439	      1.0017	    117.6968	    815.6559	   1241.5237	   1967.7031	   1381.9603	   1559.1351	    833.5703	    576.9238	    208.3247	    381.8533	   -284.3158	     60.0068	     96.0426	    -96.9792	    106.1732	    -52.3456	    -48.4429	     -8.8720	     19.3999	     30.0042	     38.1958	    -28.5348	    -81.9390	    -36.1162	   -187.4699	    177.7164	    140.3750	     20.1575	     59.9520	    -10.8871	    -49.1975	     24.7947	     -9.7902	     23.1965	     -2.2498	     22.7191	    182.2145	    220.6183	     84.8989	     53.5685	     33.1883	     20.5464	      9.8629	    -11.5250	     10.2917	    -10.2433	     22.5388	    395.8882	    161.6830	    167.1085	     94.2133	     64.3835	     51.3073	     23.4645	     39.5575	      0.8429	     -8.8669	     29.4456
      0.0444	      2.8939	      6.1667	     14.2282	     10.4402	     14.0571	     13.6690	     11.1492	     14.3376	      6.2246	     10.8084	      6.9870	      2.8608	      0.7420	      4.6250	      2.4209	      1.4506	      1.9318	      2.3495	      0.6545	      1.3191	     -1.3800	      0.4061	     -0.0149	     -1.4541	     -9.2030	     -0.0044	      0.4215	      2.1977	      1.0035	      4.8362	      5.4790	      4.2625	      1.4418	      3.2462	      5.6035	      3.8442	      0.3960	      2.1665	      3.9941	      1.6303	      1.5762	      1.6508	     -1.5474	      2.0078	      1.3742	      0.5113	     -0.4669	      0.5919	     -0.0104	     -1.9466	     -7.8807	      5.2895	     23.5545	    602.4442	   1465.1667	   1772.4589	   2015.5825	   1575.9206	   1561.4525	   1188.5812	   1146.9642	    532.6659	    381.2671	     93.7925	   -198.0678	    228.7019	   -152.3411	     57.4574	     11.1653	     59.1611	    -45.5412	      5.8282	    -12.9198	    -41.4750	    -19.6160	    -10.1058	    -12.4621	      7.3380	    180.0844	   1259.9769	   2367.5899	   3696.8759	   3092.3684	   3281.0939	   2211.2491	   1759.4045	    979.9123	    974.3455	    -90.0309	    266.6310	    280.9750	    -88.7570	    169.6403	    -45.9162	    -61.0757	     19.3706	     46.3838	     35.0994	     46.2933	    -29.0672	   -113.0112	    -56.3712	   -238.6168	    359.4850	    316.8179	     80.8628	    100.0002	    -10.7324	    -65.1499	     32.8021	    -13.6137	     36.9164	     -5.2811	     29.3029	    412.1938	    484.5526	    198.9244	    115.4727	     55.4096	     39.9695	     18.0281	     -7.7791	     18.8833	     -6.6919	     24.3440	    844.4466	    442.4840	    337.9715	    206.1306	    119.7190	     85.4639	     48.0055	     69.4959	      9.5781	     -7.4427	     58.2322
      0.0257	      2.2071	      6.1812	     10.4402	     15.5106	     17.7704	     19.7040	     14.7658	     16.2219	     11.9380	     14.0230	     10.6451	      6.0417	      4.8554	      6.5162	      5.1708	      4.1168	      3.9729	      3.0370	      2.1332	      1.6962	      1.0799	      0.9957	      1.2527	     -0.0002	     -3.2375	      0.0009	      0.5714	      2.7453	      1.7718	      5.1390	      5.8918	      5.8492	      4.4180	      5.4480	      6.4016	      4.7697	      2.7249	      3.9177	      4.9824	      2.4131	      2.7281	      2.0759	      0.5974	      2.5588	      1.6607	      1.9684	      0.5912	      0.9815	      0.2895	     -0.8392	     -3.6835	      7.0570	     27.4195	    708.1529	   1836.7414	   2461.3466	   2664.1712	   2388.1964	   2210.2060	   1664.7636	   1430.7597	    761.2585	    587.2851	    199.2409	    -23.8604	    218.6178	    -88.6950	     24.7359	    -15.0489	     40.1172	    -44.0985	     12.4621	     -0.9086	    -22.8040	    -20.7067	    -14.8162	    -28.3985	     21.9877	    192.2735	   1642.1214	   3433.0511	   5183.7643	   5067.2219	   4721.9791	   3556.5279	   2802.5316	   1672.6307	   1227.8145	    304.2017	    350.9425	    316.5030	   -122.3481	     89.2757	    -10.3302	    -61.3324	    -10.4578	     31.0700	     17.8835	     14.5994	    -22.3825	    -83.8655	    -37.6095	   -181.2197	    400.0221	    273.6363	    106.3982	    112.4156	     16.8430	    -26.8274	     24.7238	     -7.5566	     28.6952	     -8.2746	     14.1271	    446.1636	    435.6442	    196.4206	    132.1134	     70.7283	     39.6635	      4.7686	     -1.4563	     19.3532	     14.8329	     28.0770	    954.6902	    374.6958	    327.6048	    182.6114	    138.4373	     89.9087	     38.3185	     55.8480	     12.4497	      4.3701	     63.2017
      0.0846	      3.9201	      8.1384	     14.0571	     17.7704	     48.8092	     36.7275	     26.4740	     29.2989	     20.7690	     25.7207	     19.8111	     13.1126	     13.2045	     14.9351	     11.3279	      7.5288	     10.8146	      8.1346	      4.4790	      6.5932	      2.9295	      3.3790	      3.7156	      0.2519	      4.5460	     -0.0042	      0.4671	      6.6522	      2.8447	      8.5149	      9.8604	      9.3419	      8.1018	      9.2459	     12.2780	     10.1365	      7.1339	      8.3715	      9.8884	      6.2775	      4.0901	      5.8965	      2.7355	      5.4933	      4.5741	      4.1370	      2.1186	      3.2469	      2.0360	     -1.1483	     -0.3299	      4.9544	     42.7219	    902.5931	   2823.9750	   3762.9574	   4165.5463	   3746.5947	   3804.9624	   3203.6216	   2919.3328	   1792.6772	   1458.8935	    828.1693	    240.7402	    521.3145	    158.8752	    188.4408	      4.6901	    178.1838	    -12.6766	     49.7200	     21.9168	    -49.6026	    -20.1197	     -5.8984	      2.5567	     14.6567	    236.3260	   2623.0399	   5466.0677	   9098.1176	   9408.0013	   9773.6343	   7386.6480	   5809.9491	   4226.2911	   3504.2836	   1408.5339	   1471.8681	   1172.3466	    304.8648	    611.6450	    283.6205	    167.7565	    175.5231	    159.0409	    150.5735	    142.0162	      3.6168	   -103.7887	    -70.2042	   -166.7395	    683.5175	    494.6891	    216.5214	    173.8630	     22.8887	    -51.7705	     57.3387	     -1.0094	     52.2771	     -3.0875	     42.6661	    957.5205	    881.6296	    424.6498	    229.7897	    132.4563	     87.5001	     55.2588	     -5.1891	     26.7101	     -1.2282	     62.8034	   1353.9582	    688.5094	    565.1585	    309.7877	    202.1819	    145.4312	     82.4870	     88.4690	      7.6584	     -9.8843	    115.9551
      0.0064	      2.1567	      7.6985	     13.6690	     19.7040	     36.7275	     56.4930	     28.0276	     28.1939	     28.3887	     27.3803	     22.6814	     15.9119	     15.9675	     13.8208	     14.4341	     12.0761	     10.7469	      7.5461	      7.0204	      4.1356	      5.2317	      3.5370	      4.3218	      3.0686	     10.9775	      0.0064	      1.2569	      8.3199	      3.8770	      8.4863	      9.2221	     11.5625	     10.8497	     12.9342	     11.9316	     10.6584	      9.0450	      9.5905	     10.2982	      5.1665	      7.5874	      4.8417	      5.1867	      6.7028	      3.8142	      5.5279	      3.3946	      2.2781	      1.6028	      0.3553	      7.2170	     12.9475	     46.2564	    842.3159	   2822.1891	   4243.7340	   4448.2305	   4608.4713	   4299.2968	   3391.4954	   2994.8080	   2080.0552	   1601.7994	   1058.4733	    518.6921	    564.3491	    214.1034	    145.7015	    -26.0325	    141.1393	     11.7024	     65.5482	     22.1680	      1.9438	    -24.1102	    -18.0986	    -41.0681	     39.6541	    257.1500	   2506.5974	   6099.5418	   9947.8128	  11012.4706	  10072.3459	   8545.7508	   6610.5148	   4767.7148	   3576.3674	   1807.0502	   1583.6960	   1180.4667	    238.0151	    473.8476	    301.4067	    130.5622	    132.4838	    144.0345	    122.6303	     99.4378	     37.2863	    -48.0787	      4.9546	    -41.0459	    697.3209	    478.7323	    298.4696	    221.7739	     82.1720	      8.3562	     28.8571	     10.9384	     27.5278	    -11.3542	     33.1591	   1010.6205	    864.0048	    449.2281	    272.8326	    162.2883	     91.9987	     20.4072	     13.1812	     38.4217	     26.5329	     59.1821	   1518.1391	    623.3278	    456.0108	    272.9203	    233.4188	    135.5877	     44.0044	     54.4103	     29.2835	     15.6471	     96.5075
      0.0531	      2.3711	      5.8038	     11.1492	     14.7658	     26.4740	     28.0276	     26.9892	     23.4973	     20.9008	     24.3631	     18.3020	     13.6165	     13.9652	     13.3881	     11.7972	      9.6541	     10.3210	      8.6938	      6.5790	      5.5240	      4.6622	      3.8306	      4.2844	      2.2953	     12.7121	     -0.0004	      0.8246	      5.3272	      2.7557	      6.5989	      8.5465	      9.1431	      9.4097	     10.4503	     11.3863	     10.3938	      9.0991	      9.0596	      9.7281	      6.5960	      6.1853	      5.6309	      5.5727	      5.7854	      4.3116	      5.0422	      2.9714	      3.2078	      2.7185	      0.7513	      9.8629	      5.5837	     22.9983	    732.7234	   2216.6623	   3304.7673	   3682.7757	   3813.3589	   3617.4171	   2964.9408	   2599.4213	   1779.9996	   1437.7711	    879.2021	    429.5847	    519.2083	    190.8606	    174.3338	     76.2465	    133.4249	     24.9168	     43.7065	     22.7706	    -17.9322	     -5.0700	     -2.6669	     -2.5291	     18.1572	    207.9219	   2084.4116	   4941.8572	   7804.3401	   8501.4914	   8404.1695	   7087.5127	   5941.4948	   4384.7161	   3477.0792	   1883.1906	   1622.2222	   1254.2264	    538.5408	    596.7421	    356.9551	    233.1064	    198.0632	    164.8481	    142.4137	    111.6920	     55.9128	    -22.6125	    -15.5545	     74.0045	    697.6601	    532.2146	    291.4345	    183.2367	     64.7624	      8.5860	     45.0575	     10.0263	     31.8287	     -0.3166	     40.1297	   1122.1432	    968.1154	    540.2906	    311.9046	    166.5465	     96.9504	     58.4601	     16.0001	     27.1332	     21.5315	     75.0925	   1240.8433	    651.9523	    469.8230	    283.4612	    184.6127	    114.2705	     61.4336	     58.8429	     13.5015	      4.8484	    103.1844
      0.0505	      3.4518	      8.0522	     14.3376	     16.2219	     29.2989	     28.1939	     23.4973	     33.0146	     16.8260	     24.9739	     16.7876	     13.0024	      8.3272	     15.4390	      9.4903	      7.7730	      9.2155	      8.9307	      5.0094	      6.1562	      1.4656	      4.2829	      2.5870	      0.1714	      3.4077	     -0.0096	      0.5497	      5.0381	      2.1234	      8.7247	      9.9349	      9.2865	      7.3365	      8.9115	     13.2143	     10.6166	      6.6695	      7.9502	      9.6928	      6.5702	      6.2294	      6.8808	      2.0575	      6.5727	      5.3006	      3.7256	      1.6603	      3.4497	      1.9123	     -0.4687	      4.1814	      6.0472	     34.8671	    765.3889	   2406.9611	   3215.1650	   3904.7306	   3525.2036	   3599.3423	   3064.0658	   2835.8910	   1775.7563	   1390.8917	    833.8302	    105.3550	    587.4782	     69.0089	    233.1460	     94.2098	    191.5226	      6.4140	     42.1986	      0.0399	    -55.7493	    -14.6546	     -7.8303	     22.8644	      1.5460	    260.2893	   2242.2206	   4820.2932	   8106.9955	   8149.0675	   8849.2842	   6951.9282	   5780.5761	   4249.7013	   3687.8001	   1495.3071	   1597.8463	   1453.9932	    550.1549	    742.1464	    277.6966	    200.1152	    242.4678	    225.9411	    158.7294	    175.6549	     26.0599	   -110.3376	    -40.6386	    -95.7637	    720.4699	    614.5740	    241.0480	    207.4630	     26.7636	    -62.5302	     69.5715	     -8.9808	     66.2336	      3.4650	     67.7072	   1160.9395	   1116.3081	    571.2429	    351.0463	    159.2697	    118.2255	     80.4212	      7.9503	     37.1367	     -6.2538	     89.0905	   1396.6946	    795.7473	    576.2882	    381.0546	    217.0632	    146.6364	     90.4322	    111.3034	     18.4377	     -9.3179	    126.5689
     -0.0045	      0.6176	      2.1842	      6.2246	     11.9380	     20.7690	     28.3887	     20.9008	     16.8260	     29.5526	     21.3860	     19.8239	     16.1146	     19.5585	     12.3532	     15.1230	     13.7951	     11.7991	      8.2859	      9.0884	      4.8634	      8.9455	      4.9812	      6.4190	      5.3261	     27.6820	      0.0117	      1.3363	      5.0545	      3.2402	      4.2399	      5.7740	      8.8979	     12.2385	     13.3277	      9.2489	      9.3055	     11.3795	     10.9555	      9.1375	      6.1269	      8.1270	      5.3564	      9.5909	      6.2906	      4.2920	      7.1987	      5.1901	      3.1554	      2.5981	      4.0354	     22.8557	      4.8121	     13.4903	    534.1779	   1861.7612	   3165.6568	   3313.7922	   4086.4548	   3688.3598	   2923.2480	   2376.0944	   1908.1590	   1582.3419	   1133.0697	    868.2798	    506.1952	    456.8345	    117.9728	     65.3594	     59.4816	     72.5051	     53.8875	     37.1264	     56.3397	      8.3029	     -3.3243	    -24.3080	     34.6301	    126.3023	   1759.1972	   4666.5871	   7400.9986	   9088.5443	   8018.4996	   7629.7070	   6262.0491	   4818.9508	   3398.4401	   2732.4243	   1838.4175	   1266.0268	    653.5782	    462.4230	    534.3977	    299.5208	    199.8221	    160.4500	    130.3435	     38.8451	    113.2199	    110.1767	     81.5791	    335.1142	    735.8287	    544.4229	    426.4116	    221.2268	    149.8210	    113.6070	      6.3345	     35.1697	     -9.7347	     -2.3444	     19.4867	   1217.8691	    957.5618	    632.7320	    334.0099	    184.9667	     80.3910	     40.4721	     38.4427	     31.0013	     66.5685	     85.6120	   1380.2108	    657.2549	    435.6842	    208.4777	    185.2930	     67.1159	     20.6919	     -1.1189	     29.8676	     38.0708	     84.9121
      0.0679	      2.4862	      5.1685	     10.8084	     14.0230	     25.7207	     27.3803	     24.3631	     24.9739	     21.3860	     31.5648	     19.1063	     14.1532	     15.0030	     15.2339	     13.0174	     10.5731	     11.6956	     10.6112	      7.6297	      6.1044	      4.9955	      4.1713	      4.9249	      2.4105	     14.9781	     -0.0030	      0.8128	      5.6811	      2.5696	      6.8691	      9.0773	      9.5337	     10.2156	     11.1526	     13.0319	     11.8759	      9.8907	     10.2766	     11.1495	      7.1843	      6.9177	      6.5091	      5.9436	      6.7680	      4.8624	      5.7821	      3.0916	      3.8793	      3.5787	      0.9197	     12.0158	      4.5768	     17.5699	    622.6515	   2051.3043	   3133.7676	   3600.9340	   3855.9474	   3691.6303	   3070.1927	   2802.6805	   1949.3987	   1629.0945	   1014.6405	    447.9094	    647.8469	    215.6417	    211.6083	    105.8152	    156.6472	     26.2776	     40.2536	     21.2943	    -32.3233	     -0.2829	     -0.0700	     -5.6312	     10.7082	    219.9133	   2038.5510	   4941.6978	   8082.7704	   8702.2316	   8961.3207	   7650.5387	   6583.4868	   4887.6669	   3997.1188	   2095.8566	   1828.9452	   1493.8221	    656.3248	    690.6354	    432.6356	    276.8075	    244.5865	    189.9214	    172.7043	    121.1066	     59.2123	    -19.5794	    -23.6779	    117.8632	    754.7929	    600.4668	    319.2292	    193.4571	     63.1582	      0.9135	     53.6656	     11.2967	     37.7903	      2.3911	     50.2055	   1271.7652	   1110.3730	    629.6379	    339.5116	    169.1305	    102.3983	     78.8653	     16.8480	     25.8422	     21.6457	     84.4430	   1260.5538	    687.5889	    484.3462	    315.0134	    184.1943	    109.2540	     57.8074	     68.2458	     17.0618	      2.4238	    116.8971
      0.0197	      1.2931	      2.9608	      6.9870	     10.6451	     19.8111	     22.6814	     18.3020	     16.7876	     19.8239	     19.1063	     20.0041	     14.4653	     15.9021	     12.0717	     12.3217	     10.3024	     10.0833	      7.1724	      6.7512	      5.4735	      6.1545	      3.8926	      5.1308	      3.5685	     18.6998	      0.0056	      0.8653	      4.3019	      2.8217	      4.6667	      6.3724	      7.2223	      9.8013	     10.5179	      9.0703	      8.3316	      9.6664	      8.8679	      8.8623	      6.2036	      6.2710	      4.9231	      6.8010	      5.1331	      4.2096	      5.6275	      4.0427	      3.3915	      2.3217	      2.4158	     14.7896	      2.4864	     14.0876	    506.8810	   1694.2048	   2707.1956	   2932.1464	   3302.7227	   3182.6322	   2615.3047	   2135.1190	   1587.4864	   1325.1360	    879.6242	    572.5409	    430.3735	    345.2082	    133.5245	     64.9871	     86.3060	     41.1634	     36.9103	     24.9025	     24.3261	      8.0962	      1.0805	     12.2286	     22.7754	    132.0925	   1669.2715	   4021.9910	   6440.8083	   7489.3525	   7128.4142	   6362.0134	   5220.8029	   3957.3416	   2989.1507	   2092.7217	   1566.7055	   1103.2519	    573.2356	    503.5449	    436.0981	    244.7670	    181.4074	    144.0392	    122.8264	     81.9138	     70.3245	     63.6418	     41.4315	    164.5178	    646.6042	    476.3664	    323.6082	    186.9231	     97.2577	     56.4586	     20.2580	     22.9846	     11.5801	     -0.5049	     25.7377	   1087.9992	    831.8213	    533.9060	    290.4592	    162.0958	     74.8740	     41.6700	     23.9440	     27.3644	     40.2119	     71.0175	   1162.2451	    606.0625	    441.4917	    211.9366	    166.2593	     87.8265	     43.8305	     24.4332	     17.3359	     18.0745	     80.6786
     -0.0430	     -0.1890	      0.5682	      2.8608	      6.0417	     13.1126	     15.9119	     13.6165	     13.0024	     16.1146	     14.1532	     14.4653	     20.9383	     14.9352	     13.2246	     10.8468	     10.4075	      9.8242	      7.2292	      7.2257	      7.0091	      7.2530	      4.6715	      4.9902	      5.0602	     27.5989	      0.0062	      0.4625	      3.8959	      2.7619	      3.5238	      4.1200	      5.9140	      9.9383	      9.6523	      7.4128	      6.9476	     12.1006	      8.6296	      6.8574	      7.8694	      7.5230	      5.7615	      8.1692	      4.9801	      4.5960	      5.2059	      5.3984	      4.5940	      3.3894	      4.6616	     26.5710	     -1.4443	      0.9719	    272.6950	   1164.6592	   2210.9030	   2414.8215	   3026.3397	   2945.4059	   2602.4692	   1888.6849	   1703.9379	   1279.6919	   1024.4195	    758.3112	    314.5358	    520.9467	    177.8171	    124.4674	    122.5195	    111.4600	     30.4272	     32.5779	     34.1664	     31.1953	     10.2628	     64.9798	     12.0235	     53.3480	   1238.0806	   3540.0799	   5252.6353	   6812.8054	   6446.5497	   6077.1176	   5055.3852	   4126.6651	   3079.4622	   2632.2653	   1812.8735	   1309.4827	    969.1442	    600.3995	    545.7862	    389.2429	    282.1545	    178.6330	    130.3307	    136.1569	    113.7506	    147.4392	     99.4122	    376.1232	    563.4709	    424.2442	    345.1572	    154.7389	    111.1364	     91.0942	      7.4212	     36.2395	      4.9291	      9.7513	     26.7796	   1180.6487	    786.5767	    555.0784	    328.1579	    153.9495	     92.0881	     47.5904	     45.8250	     22.2369	     34.2039	     58.4291	    950.7758	    655.4758	    386.1153	    204.6920	    129.6437	     74.9467	     60.2689	      5.9190	     19.4619	     29.4249	     65.9324
      0.0070	     -0.1737	     -0.8209	      0.7420	      4.8554	     13.2045	     15.9675	     13.9652	      8.3272	     19.5585	     15.0030	     15.9021	     14.9352	     22.9359	     10.3061	     13.4650	     11.3317	     11.4174	      7.6645	      8.3280	      5.9558	      9.4448	      4.5124	      6.6184	      5.9096	     33.0602	      0.0122	      0.8479	      3.9853	      2.8494	      1.4333	      3.4341	      5.4504	     11.0771	     10.3112	      6.5335	      7.5039	     12.7343	      9.6330	      7.8139	      7.2513	      6.4912	      5.1748	     10.3892	      4.5083	      4.0686	      6.5765	      5.5627	      3.9530	      3.6112	      4.9255	     25.9399	     -2.9201	     -5.8278	    280.8630	   1028.0425	   2103.3361	   2084.9671	   2968.8808	   2710.7992	   2293.8001	   1717.0864	   1551.7008	   1359.0484	   1005.2485	    972.5383	    350.8598	    579.3866	    122.2134	    102.2834	     55.0398	    100.2236	     45.6242	     41.7019	     61.0532	     30.3054	     14.3436	     19.0365	     20.3645	     12.5705	   1157.6122	   3225.5746	   4837.7198	   6618.3253	   5980.6890	   5900.6823	   5055.5499	   4142.6873	   2967.2998	   2843.6991	   1814.3504	   1128.9405	    868.0189	    517.1424	    630.8688	    423.8061	    232.0195	    134.8659	    141.4172	     61.4241	    119.9279	    192.7506	     88.5739	    469.9872	    616.4046	    441.2206	    414.2608	    145.8348	    142.8657	    144.5680	      2.7799	     48.9306	    -24.0604	      7.3011	      6.6723	   1214.8194	    819.1709	    616.0426	    310.0927	    182.7348	     70.6326	     45.9919	     38.0244	     13.1696	     56.2919	     69.9061	    941.5562	    579.2748	    374.4216	    149.9665	    119.4549	     46.3937	     30.8856	    -30.5873	     13.0709	     32.2252	     66.2048
      0.0054	      0.9303	      1.8457	      4.6250	      6.5162	     14.9351	     13.8208	     13.3881	     15.4390	     12.3532	     15.2339	     12.0717	     13.2246	     10.3061	     14.9739	      8.1683	      7.4924	      8.5307	      7.6306	      5.4215	      6.1507	      4.4402	      4.2498	      3.6810	      2.6690	     18.0299	     -0.0023	      0.3022	      3.0078	      1.6941	      4.1927	      4.6671	      5.3076	      7.2728	      7.0246	      8.2463	      6.9316	      8.4736	      7.3099	      6.6735	      6.6350	      5.6197	      5.8169	      4.9910	      5.0004	      4.4688	      3.9747	      3.5283	      3.8820	      2.8766	      2.5655	     17.3938	     -1.0476	      6.6570	    279.5371	   1129.7664	   1816.9968	   2202.6020	   2387.5374	   2407.5284	   2225.1838	   1844.0521	   1472.3945	   1167.6456	    832.8443	    459.5412	    394.1415	    331.1103	    191.3385	    110.6939	    139.0921	     70.7742	     30.0689	     18.8953	     -6.1106	     15.7013	      5.8658	     49.0555	      0.1465	     79.9478	   1188.3248	   2944.6546	   4739.4482	   5525.5744	   5913.9230	   5160.3139	   4400.7900	   3578.3998	   2873.0413	   1968.3139	   1515.9609	   1259.8909	    783.5531	    614.4188	    427.5110	    310.5315	    264.0081	    200.4779	    131.8909	    133.7339	     74.5081	     52.6470	     38.4846	    223.1890	    520.4255	    427.8602	    256.9951	    138.9062	     62.6900	     30.1544	     32.3081	     16.2880	     26.2195	      9.2806	     35.1183	   1027.5258	    811.0222	    509.2683	    296.4522	    129.2071	     88.5655	     64.8952	     28.1209	     22.1168	     14.9385	     64.5530	    851.2874	    587.5820	    376.0180	    231.9375	    124.2606	     77.7525	     60.3350	     44.0901	     16.3506	      9.2456	     81.1870
      0.0186	      0.3607	      0.8729	      2.4209	      5.1708	     11.3279	     14.4341	     11.7972	      9.4903	     15.1230	     13.0174	     12.3217	     10.8468	     13.4650	      8.1683	     12.4377	      8.4185	      8.2780	      5.7574	      6.2351	      4.1031	      5.6723	      3.7611	      4.5073	      3.7960	     20.7052	      0.0060	      0.7366	      3.3457	      2.0514	      1.8748	      3.7264	      4.7638	      7.5114	      7.8394	      6.0581	      6.7707	      8.0519	      7.0787	      6.5001	      4.7246	      5.5650	      4.0482	      6.8354	      4.3257	      3.5369	      4.9343	      3.5858	      2.6701	      2.0008	      2.9710	     16.9101	      0.3081	      4.1494	    257.1732	    938.5502	   1656.0367	   1745.9774	   2283.0365	   2182.0628	   1810.7410	   1494.8117	   1236.5603	   1089.5490	    818.7467	    614.9724	    377.6465	    380.3641	    127.7366	     82.3280	     66.7642	     65.4051	     41.6068	     20.1350	     42.4101	     16.6071	      7.5449	     16.8910	     12.1938	     59.3294	    975.1292	   2464.2256	   4034.2331	   5057.2432	   4796.8426	   4672.6624	   3910.9723	   3185.1081	   2464.3737	   1994.1597	   1455.5231	    996.9417	    654.8497	    500.2999	    463.0076	    295.0871	    191.7499	    139.0155	    130.6220	     77.9089	     85.2769	    106.5001	     64.8705	    275.0199	    482.3068	    368.9109	    299.3000	    141.0865	    102.6658	     78.7092	     13.8145	     28.9338	     -5.5682	      3.8832	     23.2624	    916.7783	    683.1205	    480.1413	    252.4508	    149.9329	     62.6001	     43.3135	     23.5479	     19.9984	     33.6890	     72.0509	    785.2545	    453.6460	    304.7478	    142.5505	    112.1392	     50.0018	     20.8942	     -4.9484	     14.3205	     16.1909	     54.8427
     -0.0177	     -0.4473	      0.0560	      1.4506	      4.1168	      7.5288	     12.0761	      9.6541	      7.7730	     13.7951	     10.5731	     10.3024	     10.4075	     11.3317	      7.4924	      8.4185	     11.1278	      6.7928	      5.4963	      6.1250	      3.7758	      5.7874	      4.0323	      3.9724	      3.8405	     22.4470	      0.0058	      0.6550	      2.5129	      1.6586	      1.9261	      2.2048	      4.3371	      7.3056	      7.4819	      4.9601	      5.3158	      7.5308	      6.4020	      5.0825	      4.1430	      5.9205	      3.9932	      6.5389	      4.4252	      3.1598	      4.4478	      3.5735	      2.5078	      1.9468	      3.8146	     20.5940	      0.4856	      1.7437	    159.9057	    732.1157	   1362.6142	   1496.7326	   2053.4592	   1875.0271	   1562.3527	   1250.6230	   1116.9393	    931.4945	    788.8716	    600.7228	    296.2702	    361.8340	    111.5865	     90.0949	     48.8644	     83.5887	     38.5354	     24.0551	     43.2273	     16.1329	      3.5872	     11.5411	      9.2947	     35.4230	    765.1738	   2175.1569	   3456.4823	   4582.4456	   4075.3346	   4131.1908	   3498.6127	   2921.4692	   2145.2837	   1928.6164	   1285.8538	    962.1520	    653.1004	    387.9598	    411.8030	    285.0779	    200.1591	    143.1932	    106.6543	     54.4090	    105.3329	    103.6718	     83.7131	    345.8689	    387.5377	    318.0011	    266.8356	    133.6844	    104.8713	     82.8941	      1.2007	     26.2656	     -9.7763	      6.9621	     23.4286	    801.2805	    607.9528	    435.3149	    245.3750	    119.6238	     64.8819	     42.3096	     34.0378	     18.4845	     38.1899	     65.5080	    698.0761	    405.0045	    235.1485	    130.7270	    101.0945	     25.5024	     16.6030	     -8.2133	     19.8292	     28.6864	     54.1945
      0.0228	      0.5798	      0.6097	      1.9318	      3.9729	     10.8146	     10.7469	     10.3210	      9.2155	     11.7991	     11.6956	     10.0833	      9.8242	     11.4174	      8.5307	      8.2780	      6.7928	      9.7892	      5.8802	      5.2382	      4.7073	      4.9763	      3.5045	      3.9712	      2.9653	     18.9515	      0.0025	      0.4172	      2.6238	      1.5302	      1.9120	      3.3135	      4.0842	      6.6264	      6.2463	      5.8384	      5.9443	      7.5750	      6.4807	      5.7007	      5.2961	      4.6109	      4.4305	      5.9172	      3.7877	      3.4742	      4.0634	      3.3149	      2.9394	      2.4679	      2.6086	     16.0256	     -1.8410	      0.6189	    202.7335	    772.5593	   1340.9086	   1507.2700	   1882.1687	   1849.3088	   1645.9391	   1368.7373	   1127.0134	    977.5154	    718.5947	    522.1424	    320.2295	    340.1372	    134.3268	     90.8215	     79.2624	     64.0022	     31.4785	     23.3661	     18.2680	     17.1873	     10.3469	     26.8096	      3.6520	     39.4043	    863.5322	   2151.8291	   3476.7871	   4347.2656	   4423.1860	   4102.4883	   3554.5100	   2949.6879	   2345.2555	   1829.8949	   1345.7962	    973.3585	    666.6846	    490.1107	    421.5055	    299.9608	    206.4101	    139.1762	    125.4626	     85.7751	     78.3751	     83.4059	     41.0344	    261.2247	    453.5656	    361.7563	    267.6221	    120.4165	     79.4798	     60.3809	     21.0615	     23.5188	      3.2365	      7.8088	     25.1385	    904.7422	    687.7037	    471.4723	    246.7229	    131.6747	     68.3631	     55.1168	     23.9170	     15.0047	     23.6614	     65.5079	    646.3150	    430.5716	    284.8732	    145.7779	     92.0101	     45.6690	     33.4449	      7.7334	      9.2723	     11.9564	     58.8647
      0.0365	      0.4131	      0.5273	      2.3495	      3.0370	      8.1346	      7.5461	      8.6938	      8.9307	      8.2859	     10.6112	      7.1724	      7.2292	      7.6645	      7.6306	      5.7574	      5.4963	      5.8802	      8.2762	      4.3895	      4.1736	      3.4556	      3.5424	      2.7909	      1.8769	     16.8840	     -0.0041	      0.2543	      1.8660	      0.6441	      2.3868	      2.2728	      3.2756	      4.7886	      4.6831	      5.4291	      5.4359	      5.8578	      5.4015	      4.7557	      4.4616	      3.8288	      4.2342	      4.2940	      4.0897	      2.8437	      2.9931	      2.3070	      2.5894	      2.9613	      2.0571	     15.5203	     -1.8537	     -1.2738	    127.2021	    525.5596	    879.3803	   1135.5049	   1391.1708	   1294.2837	   1249.1378	   1172.2179	   1014.6310	    838.1258	    637.9642	    407.7751	    334.1036	    249.8831	    160.2318	    103.9362	     99.5607	     77.0543	     28.7822	     23.1568	     -9.1876	     12.4706	      8.5406	     21.4216	     -6.7891	     20.3259	    543.3982	   1559.6998	   2514.4440	   3047.1683	   3387.6252	   3136.1278	   2897.7383	   2544.1932	   2100.1028	   1474.1218	   1165.9119	    994.6451	    680.5458	    500.2363	    367.8090	    299.8050	    240.0071	    183.7865	    122.9447	     85.5893	     86.0210	     48.1982	     17.6848	    288.0121	    347.1248	    321.5046	    187.5923	     80.7103	     40.3832	     29.3976	     26.4136	     13.0535	      9.5085	     10.1085	     25.2879	    738.3298	    646.5211	    396.8092	    216.0069	     85.1723	     65.4496	     67.2052	     23.3480	     11.3660	     10.3262	     55.0109	    453.9765	    383.0165	    198.2884	    158.1997	     65.6885	     28.2160	     31.2368	     26.2492	      9.9025	      3.5125	     62.0774
      0.0027	     -0.3823	     -0.2853	      0.6545	      2.1332	      4.4790	      7.0204	      6.5790	      5.0094	      9.0884	      7.6297	      6.7512	      7.2257	      8.3280	      5.4215	      6.2351	      6.1250	      5.2382	      4.3895	      6.3882	      2.9287	      4.1149	      2.9769	      2.8709	      2.9267	     17.6857	      0.0032	      0.4069	      1.9044	      1.1008	      0.8975	      1.4944	      2.9006	      4.9471	      4.9382	      3.6949	      4.4660	      5.8460	      4.9577	      3.6656	      3.4094	      4.1766	      3.0575	      5.1705	      3.3648	      2.2589	      3.1750	      2.5404	      2.0156	      1.9703	      2.7286	     16.1805	     -0.5556	     -3.9721	     94.3551	    413.2799	    866.1595	    933.0307	   1411.9204	   1254.2003	   1073.0985	    871.6023	    842.3037	    700.0521	    596.1394	    477.9266	    239.7885	    277.9089	    101.1981	     85.5574	     51.8176	     74.4285	     28.3053	     17.8906	     27.5262	     16.6964	      7.1961	     13.6036	      2.9118	     16.1472	    466.7874	   1469.2131	   2182.9279	   2973.3086	   2716.1086	   2874.0238	   2527.2438	   2179.8345	   1657.2129	   1480.2884	   1033.4840	    757.1368	    571.9203	    352.0254	    339.3679	    253.9746	    171.9609	    115.5229	     94.8090	     53.0161	     84.4796	     89.8162	     57.6560	    294.8806	    271.0634	    229.2484	    197.4549	     77.1073	     70.7549	     63.8976	      5.4366	     21.5246	     -8.8067	      6.9612	     17.7504	    602.4974	    453.0628	    326.6196	    177.4204	     89.6633	     49.3197	     37.5765	     23.9549	     10.1998	     21.7551	     47.6091	    456.2826	    328.6483	    175.0137	    110.4961	     67.8313	     21.5825	     15.8737	     -7.6437	     12.2863	     15.9690	     39.4482
      0.0225	      0.4641	      0.4554	      1.3191	      1.6962	      6.5932	      4.1356	      5.5240	      6.1562	      4.8634	      6.1044	      5.4735	      7.0091	      5.9558	      6.1507	      4.1031	      3.7758	      4.7073	      4.1736	      2.9287	      6.6772	      2.5275	      2.5350	      2.2639	      1.3231	     12.5149	     -0.0021	     -0.0325	      1.3200	      0.8779	      1.5292	      2.0216	      2.1496	      3.6214	      3.1774	      3.8005	      3.6843	      4.6554	      4.1843	      3.2489	      4.0663	      2.7718	      3.4922	      3.5283	      2.6718	      2.5281	      2.2117	      2.1560	      2.5859	      2.1125	      1.8154	     11.5206	     -4.0117	     -1.6482	    107.3425	    457.4495	    650.9467	    854.8430	    936.5648	   1041.6428	   1025.8576	    826.4672	    696.6188	    560.2493	    466.7862	    281.3999	    169.0771	    241.0763	    120.1217	     84.4359	     71.4103	     56.9639	     12.5163	     21.8565	     -1.1760	     16.8838	     12.4051	     45.4760	     -6.3890	     10.3928	    534.6306	   1241.8902	   1906.4757	   2355.9832	   2643.9718	   2277.8717	   1995.4307	   1795.1008	   1535.7340	   1162.0669	    918.8445	    703.8660	    559.4698	    391.8990	    284.8692	    232.8781	    179.0059	    116.7932	     97.3155	     86.2828	     64.1987	     45.9734	     20.1046	    177.7685	    267.9431	    225.9787	    144.4569	     75.2139	     38.3690	     23.0561	     17.1038	     14.5791	      9.5940	      9.8156	     27.5636	    588.3566	    434.1125	    293.8936	    154.0043	     70.7542	     52.1125	     51.9666	     19.0798	      8.8107	      6.2660	     43.9223	    412.2780	    368.1554	    239.8344	    133.4029	     66.5875	     38.2748	     44.7501	     17.0585	      2.4966	      6.2332	     48.3664
     -0.0289	     -0.8611	     -1.6332	     -1.3800	      1.0799	      2.9295	      5.2317	      4.6622	      1.4656	      8.9455	      4.9955	      6.1545	      7.2530	      9.4448	      4.4402	      5.6723	      5.7874	      4.9763	      3.4556	      4.1149	      2.5275	      6.6324	      2.2003	      3.1749	      3.3640	     19.2439	      0.0079	      0.3481	      1.1889	      1.1648	      0.0422	      0.0939	      2.0989	      5.3978	      4.5970	      1.9964	      2.2094	      6.3563	      4.5354	      2.5780	      3.5173	      3.2476	      2.2984	      5.4594	      2.0060	      1.5821	      3.1453	      3.1833	      1.9700	      2.0664	      3.3885	     16.7413	     -1.9707	     -7.8455	     44.8611	    261.1092	    790.3987	    742.2660	   1284.1589	   1045.5628	    919.9657	    580.0727	    658.2460	    557.5192	    436.4751	    524.0354	     90.0581	    306.3789	     28.2475	     48.6982	      4.0673	     63.3395	     16.5130	     24.8657	     35.8107	     18.2708	      4.4464	      1.7040	     12.1318	    -34.2199	    330.5750	   1268.4114	   1715.9001	   2814.0367	   2271.8355	   2447.7839	   2168.5370	   1813.2973	   1110.0442	   1429.1811	    724.8008	    465.1835	    411.6510	    127.4073	    290.9959	    200.1320	    102.3162	     59.0313	     38.0615	     -4.3659	     69.9891	    116.8529	     60.9274	    312.2017	    226.7568	    146.3649	    184.8805	     50.7727	     76.8406	     93.9843	    -10.8415	     26.1906	    -19.9748	      4.3379	     -8.9252	    487.8340	    296.2708	    256.1545	    139.9341	     66.9427	     29.3878	     15.5869	     28.0616	      2.8694	     38.2979	     24.3374	    380.0484	    224.9040	    127.4968	     48.8987	     42.5174	      2.7612	      9.2522	    -24.5046	     10.5163	     26.9229	     27.4032
